1166552638 -1128399038 -1366027840 1328190294 -87668976 -558069845 1327598498 820386036 -729714604 955327594 
728763005 -1296187138 655559897 1543491893 1106000780 518702209 1683506872 -423735725 380418603 -1598024260 1753849962 
-1404517321 1329731434 1814744180 2069918425 3960326 -887151590 467499851 -1653022395 -170725861 1399782896 261984896 -362344376 1485456101 1106664523 2050205766 -2877230 -440852646 2095061941 -487674218 443047479 -30984350 -2142917673 
599435867 1737332370 297692403 2100083282 1220820467 1886221532 1575548689 -1546746040 867793312 1547533731 -311084809 -1148473929 -247856349 -2027223757 -685724183 691273339 1562899766 -716236405 2054591257 1535088520 -124592083 -1757711992 1908461149 1627557947 



-870292087 1965977771 1604018749 -1178317991 1516426058 -401712314 -275366258 -1942666128 549630243 1630532023 -546715780 2026291284 -105654982 -1931006124 -1041870130 -1004347434 170597109 -1792234072 975722243 1429316316 1290198692 42291071 -2063324800 -1526935575 
2053004775 -1223898912 1682557740 -1034339019 307479299 2068805011 -2085701993 -1387655670 -431132437 -71673163 -1641907755 -1114666962 1357491245 -920886522 1816796895 1745321572 -2024589426 -1539940333 1712964171 1588322243 1313978448 -588063253 -767155218 -1034391052 499978150 
-154518689 1925830633 1800303266 307676126 -967126706 1313051213 1626400371 1186046330 1569677223 -557886895 -1716797094 -2053953012 -182828138 264940435 1688424705 273074174 -2134424015 1942701567 1055374124 933730438 1098318070 2074391206 
-792935269 475606950 -927075086 270043179 -598958555 1601966653 -396889926 36345810 -1323813151 1217891655 -1338999417 1937258693 1575351194 -1236422957 970957776 -1323660119 823409905 -2014090221 -1250820531 1603616135 -464850840 1686824776 844770357 617017440 265562026 

1378449268 -2050434347 -637380234 -1566494168 1438678991 -1768401770 1689248588 1098329749 -791461105 868124475 -1957393476 -1323135951 -283585232 1980897194 -405121559 405743767 -1146819394 -430239376 -1430594612 -1280347650 1378866185 644508992 1970648100 56723110 -1481120352 1955052511 
-1580811824 -617048426 205364161 -449936095 -693948160 -834963957 1745201136 -854506477 -1739179943 403228224 1339657554 1307181051 1450157535 1248100941 -9189726 -519782238 1691514057 1245322843 -1646798518 -1142237323 -581788996 
2126031165 -1894534861 56686090 -248264969 -589320077 268689532 -2142345847 230994563 -986436484 -1653087799 1448443610 25065468 2142129127 1320742331 -1909344456 666806611 -1099211797 239119181 -343222827 1823020683 -1574066904 -1734646082 -534820945 -1590440384 -1532471660 591570852 -1305722866 1159668407 -356730440 703921051 
1662249815 1373186851 1380461078 -353857020 716076558 575781732 586348120 -1082853835 -1531621831 -926140228 1169310505 -1850543821 495708609 -1190646334 -98057937 -430490837 -611105167 -487970913 69417922 653723487 1064454042 878892960 -1909749921 1244923547 563020991 15358484 
-2092578769 -2025886476 -1030134686 1304552274 -512046695 922344752 -507431826 1284393727 -1424791456 1223707094 1379874399 -167615759 1165418426 332691175 -1938189006 1417150775 -1791578264 -1173277893 -629042396 2126709582 1181521990 -1308492830 -1657680732 -428223513 -363223644 945706682 -871325482 -1767688328 -697005259 -388442244 -544366189 
2020689323 -1593191563 1862489516 1081297982 397288035 1265998701 511705671 -1446872581 -1610693269 1830566312 1336006638 -2133316471 -1687940209 1138003744 186399440 1946166371 296535492 1639633541 -293242944 -156445799 68375146 -1399171559 980641508 -843782075 1616352738 -1551482635 -1004055056 2054511994 -1351371452 -216308448 -1907843369 851912577 1038645013 
-1955264448 946026313 1251869819 -759845420 -479625567 1240657635 -1407335416 1320537490 1180353366 -973065494 -1321100773 -1804079364 -736454155 -34566361 2014481206 -1189467058 -801046224 2003769207 -2061639700 -715866074 -2026996449 7903427 816278360 2064948814 637281734 -136322327 1060115620 1006209367 -1759706344 -28471320 110695376 939785942 -1431976844 
-166623065 1404333977 100297883 1582799863 -1789793082 -1314321752 -1597028845 166154574 545043554 -629067573 1389609663 113707585 -660472736 -1481054100 -787677071 1396579327 -1799606863 1475911851 449586850 -703563521 338930075 93394985 -67383985 -1516020726 911544760 -1526017508 -945304937 
-626325941 608122085 1433182663 -1940010821 -2042494991 54560505 -1979568946 1902163320 -720358476 988951218 144994841 1787392367 -400265942 651730244 -1659642329 357848130 -1752077064 -47215684 185857146 1950417710 -33308145 1040933538 1525618171 -1164333706 513527710 1969061094 1343283649 1378053889 715344821 -101379070 1019481432 1517368986 1383419330 2038726783 -1710193946 -1094191213 -949912349 272882804 -998391187 
-1878981856 -1162059241 -935267927 122957083 64435108 65583503 856128725 354934696 -2033257523 1798607622 1313387723 523688613 -374144578 -718650980 -1680988213 -1296383753 1537916599 413776862 -1131946947 888582606 -1770037358 -989034477 -1875825541 
1908954736 670717714 -1812703856 -719986350 -166523918 -509708513 2004326422 674430743 1958906634 999963648 -530034801 -1685772416 -476416014 1894901644 -458672887 -1995380860 1373032169 -1648109220 -1170671516 -481351545 1191286187 -1921857900 -1678070871 
-1184210851 563560944 -911470773 -1466191919 -1923119415 -329406649 -51185756 -578627138 769645881 1139587143 -1077183409 -1498224309 603915314 -1927537119 1461280276 -63075461 797634708 504015053 -251437143 93120886 

1788980701 1603380123 1005278023 1168304430 1207087211 -245393057 1024457702 1757311038 -447137873 -1325763278 -1972039081 -1629964556 -262355665 817620398 972786718 -1503341627 1374558204 -926561647 912463572 585578447 -593578576 1713938118 
1048755792 -493326814 -1964962485 -1790500262 -1549879288 1352409317 1540390824 -785833906 899529720 1973043559 1389840930 -886689583 2134896906 -1039844689 1937947604 1650496778 362745501 189155726 355684842 841517051 -446316180 -89337881 -1940226686 
-1630157719 -241535605 -241930107 -1092878458 -751932903 1137188941 -1795047789 -1053526573 1112516107 390388 -1154311348 1886681813 -1669513687 -787175387 -90843047 607249730 763610679 -1647903761 847333959 -242823864 -625960971 -1586976978 -568611063 
-1756292597 1242643270 1226672300 410862613 2053278843 -1779607255 1484371215 -514976211 678659606 -1820203163 -870368959 1382006279 -1598904881 2083507070 977273874 741070884 989003029 1640745234 1387574124 -134235681 -250919101 -2100365386 -483179270 1043399204 724115939 

1728919045 -196414924 742257165 99787076 -762357729 1097649987 -310906834 -2104881822 -1887660545 1303030832 -939160847 -1155126507 -488694872 -2143243146 1525441105 1161058959 398923402 598188483 -1481913158 1914587077 -501920516 2015373006 -1644553819 1545161343 -1151897933 -1415943850 -642222283 991078595 -1446082548 -589915435 224492210 -1591878093 -784406462 47565231 90243608 469852052 -2017378706 -730571680 1444676157 
-1663579633 -1950693833 -1836419833 507565528 -1652947176 346196651 -646471660 75126243 -1748482695 1401942728 -1714768898 -501762377 993009647 737629350 -888704518 -1092202259 993368169 1706505417 -610258131 -1399201713 1419079227 -655769509 -699343421 
888340231 -1610132274 1863529691 2070275224 -459644754 -1073790530 -1249975756 1952040004 -1331433367 1413805510 -550802308 1708634276 -1525011466 823667795 -893060700 265975236 1259801732 -1843724615 270860542 1099606559 1275496026 966796179 
2044029099 116419884 16348412 -1652086236 796135639 -977340395 1202695889 -910323376 1455684755 -1531174788 1181927579 943960 134164327 -2101487009 -750601661 -1151294334 668284871 1597765767 1164976946 605948082 1806658148 -1690967133 1372598313 578498423 1821788875 
502657626 -1535601312 -1543830936 -5862083 -1438178420 -1633078692 -770748113 -374328634 -1908212414 -1888114590 2053142355 -1684710575 372336655 -115487804 -1000954500 -1215293255 -1840473428 -1088814719 623881534 1106042275 1540796833 686151986 -628910498 993984168 
-1475314299 1724848646 -1261184636 -203223693 1937989915 398388808 -1226837740 1107490477 -1107680394 1146455868 -1254390685 1233560635 1269750672 1678296342 1246332882 832788941 1256626761 -2021627209 -678885102 -1017463918 2057695879 1600833754 206530663 -529883085 -1482526093 -340303678 1172129425 1077212142 -1269722032 -2083756517 -1150147545 826229003 -1741341017 
673684310 -1797433411 -547897162 1166752749 -1473655374 -246952745 23987957 -1416894071 -825278749 1490431115 -603765069 -760088866 638582873 -863542318 1325375113 -1739302738 -842253777 2124389917 -1661588105 -613364853 -1345740977 1899772200 -1078740943 102488758 161045988 -1432285962 1201217721 300543490 -830082721 631518878 
-637856483 1107478827 -232614523 177827965 -1546744402 1740066052 -553271958 1618637137 1384849253 915881609 -2015635792 957178522 44052740 -814498671 -359277766 867209968 -899362397 -1633110581 21168098 192681543 658893298 364768942 -379348927 483963324 979959767 -752415074 611850021 1723756548 -415378944 -521701075 -764205059 1791075744 315852597 -1000461136 1943350004 
2133946511 1399947833 -624812276 1556289804 369619955 -969381131 -1491005566 2142242340 1015951381 -1046408086 1144835095 2087132951 547199437 282845856 -1632258810 179280070 
-745443456 -91314254 -1228730490 1973597523 1317656716 -830492943 882127329 828336955 164926070 648304416 -1550826425 -682659511 1348736021 -1711288664 -1085612651 1894432178 41591228 -804369599 896080601 -854077463 1179308904 -1017590649 -233221050 1009336923 -460174480 1988316350 -1788014875 22051475 
-665202039 1643171915 -1357588018 -915909270 642761364 -1103805669 938584545 -1250220091 -2088773 1782487097 -572026096 -426182368 -897569309 950317093 -1030063197 -809803089 47785207 -1222164870 2038231626 -321992357 1742240816 592428910 1360948039 1523124364 292156075 -391281122 

1059921383 1597492409 1677850856 1031281371 1517132956 1562948677 1801819315 -758336237 1782138092 1559792758 1720088080 58269560 1009325175 -71978737 -233220039 -124240671 -1364495896 -795475345 -1442995898 862443864 2124327451 -1832489038 -1864086237 955983478 
921373964 852962433 2082379111 2079850210 934997026 -797601651 -178616094 1672516449 -1080533563 -901223083 -275369914 -1679906153 -1885152346 -505777046 -1510477025 -430990532 226589124 -1949640133 2093340951 86887851 1307070048 1949932131 -1532838739 
579108316 -507374334 601456076 281737589 1298242560 -2104906254 -1569135424 1887497698 1204878912 1080042136 997048540 -730681897 1343923398 -768588530 -429939424 1759660950 -1133609073 1442324141 -1095844370 -956659163 -272772371 -1453423324 
-865187226 1229004234 975887366 -1991664529 -959240635 583112379 -864734547 -1635771462 2018937077 -1264918729 -983896957 1303883846 -874378401 1682564556 524974210 -1760660255 -10607859 -1935391383 -1925430689 470673778 -298136469 -1238456522 609647054 -667227271 1027002306 530137368 -1772070348 -1893962508 

2064579186 1995394507 608068093 131168575 253027702 229370364 -923095123 33374684 1245207811 -2018358910 981051373 1178933628 -804348979 626243195 -1641237036 907324130 924063822 358717667 1796863378 -149398342 -1995539340 1543470145 816357355 1998484326 -1051815821 -1748857426 2014297606 -2129391973 
-2048770348 1995165763 -431630500 1809473314 -708297726 -731169835 723837222 1274935555 -399463367 -299875950 1096843718 1110021434 -620842484 -843587375 1999088259 -2050908314 1616927572 299152745 -1440839922 766463659 1604568676 -1474223980 -402639537 -985859496 1807296986 -2134794998 
687055932 1078354585 894156576 -1164540206 1453976617 1965270401 1447717634 -1944265948 486485825 2078145861 1415451627 817755101 -1152663407 229208381 -966778724 1011147122 -232996060 -1651563664 -1582192342 -532984858 1156073208 -2014857946 -963584415 1197247273 -1144870640 -1979847246 -1853963469 878776110 
-1822405935 573454013 447636403 1901697501 1661410133 1935073734 -1366230364 1575806812 230805661 -2135789639 723741173 2068287748 -949537104 -914597528 1071837885 1186045408 -736282950 1917755442 -108542567 -37654746 -886501897 -986437428 -1576152472 592490794 -1185240876 
625163844 1618316224 1222868687 -982316861 -412561278 1832297494 -546991708 113914954 1680609430 1474910058 -1439152317 1030939126 365926204 727930924 180624437 -2006470976 -2019827979 381069129 1197576933 590174832 377857067 912388334 1621947884 -2045948364 621772945 -1327768430 310402721 -204347851 209081821 1336609999 2082037698 -619810829 673963740 1102995874 1000145539 1487607317 
1050441620 -1477801696 -830434512 1391760533 -277413007 -929428348 -393066336 -653861019 -462379001 1461192248 2025372246 -816256578 973094898 -1666380623 -348332566 682600275 -367597775 
-1186406404 936733674 -2146179037 799498745 -974467013 -1544480020 1976634912 -1625506045 -1079619236 841327305 -1539475641 -1846085960 -1774205815 1014634287 -631124207 182134161 137454568 313756994 -541655483 801220976 -1766873596 -299740952 -1100154766 835508861 2050905042 
-1947759887 775579292 167153100 987294474 327798020 -1982556772 -278115530 953294850 204547702 -500772664 878495349 -727260678 1565131439 2103919606 678046635 -146018445 701967631 -360318232 1630121271 -247693650 -1632958364 -329001170 21972508 537118998 223456405 -788278237 849540428 -1620960811 1307237774 1489197237 1977307652 
-943070773 -338730320 2110929829 -499210943 520105384 31009243 635783195 632487953 477040318 1976096081 -726432319 -1997313407 544232268 -322292782 -1367970729 1798230251 -675202427 -138242666 -1415274561 1487597983 162519205 -1826511470 -1951574598 -648200126 1134954193 -845040364 1893878252 
1661467185 -1363384065 -1040696181 -986310551 243911408 -2026078545 -1288483138 323088453 502465975 -1985609853 413018248 1919391245 1624973336 1211199993 1858719038 1696161546 -1298238568 -971024170 1308347352 245066013 1255827984 648999644 1293006686 1059994940 1207269757 
1670881282 -1189942870 1673793446 -1510631612 1032983807 -411036656 510159257 -442085771 1210484668 -1977434383 2006545316 -1320252733 -1680857922 -1191417871 -733982005 1094384154 1574247878 -1875879552 1492626040 -1687557189 -1623854710 380111542 656642317 -1024317028 -1156706086 1559610952 71847203 -980535173 871033970 1021676891 -313915658 1414116692 1715341233 
393836192 -686727735 1072078416 1063368250 1124129558 1102385829 376277347 2079276612 1406179044 872658506 230315583 -392103161 -233049225 -262961805 -218320592 1575598782 -724718452 170034209 -1723102933 51242994 -1371517490 461582570 366356443 421698973 849213307 -354544863 1596917600 -1675483465 -625464652 1785433883 -1025519045 
1602464979 -6873260 1010573785 1093587190 -1883747087 1695664260 -991298560 -1493584875 1238788529 716685554 -580439772 554329850 299334950 1819114962 -1089801374 -1215366125 -1789167005 228356186 1161788037 1537552896 1344879506 1291435735 1531515543 -260619055 
936966486 -907339291 -1144584860 2104951673 -1467817644 -1312888780 -1207126719 -1004937344 -198598436 1484205069 -796727157 290373032 1965880336 -1323550841 -1843029496 -570095907 278321515 -224378137 -1725142163 -1162180888 
449983434 1654160547 1127837812 -328505214 1871147741 1286436648 -1790266174 -442028120 -683620900 -823635471 140503853 -2126927941 307051148 1848042507 
1284522457 889720960 -882465599 -1790176704 -362305453 -1078621114 2098958333 -747613989 -552221947 -2103786407 -566984889 598154863 -1770169917 2010773601 -1972354463 -366612564 -942936589 -1307113045 1632632281 -386747229 -751884982 -2065665704 
-75880521 -402800192 46051787 -765549831 -742402128 2079237698 50738821 -1062558100 2051364517 1915737723 -1576782019 125664090 -1174666070 1244742393 1395718946 -1577164321 -776380712 -1985568086 -1653583262 -2138212359 1175155575 100212303 -906535960 -1480235137 
-693020477 -1233486653 1382561819 1288618968 1973010527 -1285424208 1710451767 130230712 -591818863 2071521610 -1167147828 998761540 1596887398 -404760400 -465026441 -1284311586 -1740951963 -1329899820 -666618133 310251555 -1561271128 -1994316172 -1856929415 -1442860511 
-14578758 -2104648224 1018421231 1327058523 1453331733 448428186 -1132158352 -1165473518 272744745 2015856521 -848815461 1451560109 1336726014 1950241608 92215255 1310821782 1762598415 335205319 694190305 1902129271 1637603881 -1952326565 -1116055956 -1924630744 946248139 1436007233 534952766 802043577 35410184 

-636388404 94400546 951482908 1820003126 -1553332986 -1342104073 -621094272 -948158765 -1013502158 670763013 -641075897 -248770772 1758496880 -267365018 1768140759 1633979278 1412685933 -436846356 -2097925079 1934737140 55689330 229012733 58188970 -16307801 
-1756425777 481448882 887119561 1690795986 1877883546 1342006254 -2040416425 -1859612480 -929214894 748508951 558078065 -331400440 -2016142668 -1479376757 -1693797265 -105933141 -1612662911 118439881 1888086800 52937727 -2114649712 
-518149036 -408088061 94672860 52752365 -1578998335 -472865644 1127203038 -582978426 -63345609 -1702611289 30063498 2102962477 -700307803 -1461642874 -869298335 -846925449 -1923692995 208533106 -717414213 -244932386 1563030586 -98723268 981721148 -1019636421 1112932956 -2104536166 -793151399 607141985 -1320244210 -1332601555 -584878216 -1397610290 -664857603 642656045 -863849418 -502539736 460074798 -1030027595 972619765 494923686 -606931581 590447219 -1039825012 
-1230475904 322004890 -975933955 1984728535 -1627335548 -2039443153 2054937635 -911692837 1752744570 1816429510 -280831209 1749372994 190800462 -255381676 -2070977429 1215491106 -1425490221 2082057869 -1192718994 -305233469 -91933642 -1789946911 1215312812 611382190 -975355678 -2104116757 1211653106 -1536645364 
-155079350 -725148486 -906679408 168111475 1069722607 616008682 -317108429 1152522926 1697102360 -995778257 796510292 663423634 -123072084 -1245606746 -1788120244 -1280293578 -874248801 298393143 673410266 1207479782 2121828784 1620928617 -582901932 1394829266 1728917260 
716191762 1275804009 -530082688 -748038330 7633799 2017486440 963606811 -894336379 903776301 1205827724 2008022457 1323863892 -1665797356 215349094 -1058801897 -1490910121 -1841052125 -2050114532 -897623839 -1140976192 168153541 1044070984 1298917155 -1564399347 -1061127626 -1379396453 831857045 1522258475 651027868 -1905135373 
1056009715 -1563618578 -1625149060 -948460686 453967019 -197109000 -2023019909 -173038426 -973233218 -889732149 -835678488 7199557 -621869106 -1019631484 724680470 -1997935231 -1218473353 -239158419 -173674410 426183411 -1304043485 
-1928896015 12619168 1299444728 -1964780493 1171135318 1512940045 1169161254 -1347778907 -371303730 -1788882527 1675654641 1751574076 1726857551 -490687639 -671065644 -152450069 1687152117 1214506867 144265356 -2050179711 1127943568 1006429314 1885121909 286786781 
-858362103 -1060250900 -2065697094 531010172 -1615788508 1095644681 2127611141 560862730 -783689576 816131208 254209925 93464752 1363242639 889608236 -686439139 1050450707 -1201829746 650309414 -973585351 177936964 -771755977 -1715792340 -1049305966 
-1149312825 -636911597 1292499041 1691978040 -1456878014 203576785 -1333399528 1836666423 -581471754 1308737316 1984242103 249567992 -783780448 -355023823 -1191205682 -347912509 1493216572 480012641 -869957341 -1897443096 659125316 2134051161 286269876 
-661776601 -205846870 583687787 -1021600623 -1181034866 -266843650 1304316026 1005498390 -1095034156 -813478720 -1010662958 -1224458458 835130364 -2017500638 -1487462404 -1461009296 -1217122360 
1041920888 1967340657 -1193008241 -1415464223 -2048092652 -965195487 -875011763 1303812374 1898546918 764093106 590068251 -268691113 -1551978936 -937534854 -1170606692 -1185310348 19591820 -1133802543 -12768099 1284625858 191206014 2110740435 159450811 -2090752705 268710439 588661064 607038713 -756709750 6255723 
-2071518848 469816486 1504888479 -1082596834 277423833 1006855491 -1017291683 -1470340379 42655133 1668007749 1492404004 -824066354 -1028045240 -1982572560 -963511011 1569934488 -328981520 1626760372 1538723558 1993434205 -1361089498 1621340722 587283282 479274156 -1215861146 
1417256031 -298752499 76621320 2106084095 -1210798221 -241751307 -2050135352 -278483551 -1657912364 1579252872 1251956362 424305362 796987957 1874777876 1888305579 938644827 -941877980 -22463314 -1231447687 -918346916 606604682 -236100819 1008678077 -422804044 
664115942 540351427 -1069744913 -1833046580 644757140 -1512488206 -474351472 -2102725195 -1621355912 1824517074 1885714133 1738956697 1223356417 1204757254 1485321950 649213974 -196882119 1359333487 

-231144550 -106396640 993747521 718750814 -861242166 -37460320 -1728791319 -612887479 2078450194 1679838399 383125230 2006753397 1765457531 -938933641 1688169739 33851070 1603277569 1094361769 391671491 1380477355 1620719319 -1557131461 281158662 -1878964022 
-1064060341 686436368 894013642 -1413263248 1838420257 472965113 -1437154322 365965044 1004138084 177317530 -1081460016 -552664991 -1759557943 -410499504 1547975707 336250882 -837184368 1283806892 -1662142900 -542531357 2143861477 2067176571 439162109 1145699931 1701497736 
516346596 -726340703 -1439864278 -1626293345 738251955 -1141536197 1373243312 -684895676 -124002959 1508238120 -593602117 -2109416156 1572203415 194704025 -1930549908 1718140068 -891118660 -625384348 -669531091 -1717508451 -864356936 540418494 589627695 
-1575991960 189138994 -2103907552 -1848886243 633368614 -211841692 574847738 812663525 634706277 1588817406 845622815 1166627634 -1867805935 448610863 1049247065 -1951323022 -1284589404 1404262420 -1341351806 -1875796686 -586691139 -1490867119 507304138 -1969476705 763938453 

1334369941 -1283300574 350115903 -583500366 -674227087 -1272112371 414564134 951571026 -1959303684 
-2066368257 -1281629257 -1820877764 1107138594 -1876088710 1702506212 -1440233832 -1076699492 333278197 -2064552022 1932624412 -58898695 855117485 503470464 1994942210 -340066025 261864178 1101479360 992838241 -1653946429 238776357 -1632118986 -1979437954 1822720366 -2004434970 2055013551 -951245154 -504083948 -174266709 -907437491 -1026911385 -2070845034 372284781 130151064 -2014555992 377213765 -959173054 945059256 1610131840 1109090032 1309326466 1694580165 1143768289 462589175 -130741905 1223666058 1202257634 -1364119500 
-1774410912 1093939997 1806973640 848378503 -1908256673 764519671 -281695004 397036665 80321220 1747787912 -2085751832 -1831925907 -1306248564 1916582823 561385833 1095848915 142494222 1311471891 705643234 649640223 -1004790827 -1524111743 -2063434600 1430827237 241242086 -221473580 -1049409824 -1236613746 1313821170 -1244414016 -1889048716 1743414069 865993337 -2067124189 387023394 850362494 -1383877749 1505699079 -2056075909 -2105177983 1495931313 741963368 1000076211 -855335635 -1633217277 1166851745 1141178143 983267658 -1684674305 -1522839870 1460503001 8926185 557592687 1370181852 -804274395 8280973 
1187714221 -514748522 1991479852 -1095666006 1208420458 -1311530332 397190385 2045989280 -626142807 -1177963442 872180706 2046097073 -1567467848 1055716447 -512386359 1874482223 -1696783373 -638590131 -1714153395 -499628692 -479699031 1932180033 -1568064769 253581678 1896539232 1811677049 -577074799 -1003125606 1209616041 544579560 -689650943 -2098634375 -1633262468 -1075152876 1476144479 -1554901581 292060313 426843183 -2097279336 829604504 -674008151 397665317 -1455983814 
