-54435245 -1399559087 -1941056535 1960690066 -1964528668 -687964093 791790391 -1760339797 -743784648 565514623 
-401604576 -808530066 -1810760074 -1316009992 1016378814 49651602 692937691 -1352208782 705656918 1326285343 -95546943 
-1735596899 -829368443 -164014739 -921582401 140555914 -809247213 -1335511328 -1399256392 -1606715985 -769270857 -2087134904 1606890053 -474789389 -1678438530 -1514753836 -1578792476 -1623699398 306076854 1865485063 980709972 208174734 -317542161 
-1606268242 513150599 1417408996 1868657168 113132024 -2114533377 605039142 1484733424 1366581180 -1025295628 -1230817993 -1237488502 -1278003126 276407532 1904107109 -672669158 288724008 98049096 -673043880 -641471949 658267357 -720257230 993746821 -1627113029 



-1977912037 -875711164 339914927 1926447345 -251614335 956586238 -613881397 1633091608 67574660 -91166040 -1844425906 -324709901 -1800198006 562414841 -249710259 1758090639 1711631394 1218189754 1989397777 -1300287100 -1375343917 -134716188 -780566938 1598085555 
-1870537236 135141518 -1820303981 140186556 -2049858816 -1711880054 -1594653785 376886125 18792198 1498002376 -1145811616 -175746687 -1945970151 833779361 1269177087 -355728056 -909871326 73816777 1613708653 -848431384 -2027983904 -1099865731 -375902171 -1764690018 -994475419 
870125632 -1872755583 1880318554 -296345564 -2076929957 -95959890 1857147643 -1747581091 1847258730 -81007298 1357097806 -817218132 -1328475513 1224123117 64515083 -1994134188 1994616690 408012081 -1343578011 -720572044 1141265862 964441121 
576669560 1602129527 883737934 873092580 916249232 -2114489086 -1353013316 -1281547907 -214929295 -1979517217 1365236499 -1324850628 1454476943 1918263422 -1312213944 -517194129 -823557114 -1855744095 287706114 2000324346 1590090112 -1978018096 -1433774460 2037741357 -153186520 

1718667381 -986786421 804257047 902475471 1140532172 -41881978 1656073187 -86574764 2036902769 1402422393 -1572618670 325150894 -188030848 722887116 144765157 190661997 -1512073730 -1998764361 1022274713 1489336722 -1176964305 -326124740 -449224175 -641986235 -413921686 1250472135 
-1662818167 -489115825 -173502868 -47894549 1601737809 -268241982 2059382955 1307842725 -1437207088 -882758053 -1302179263 929476658 1368223894 -1666451966 -1984489325 -1453350094 -1206889792 -1800221500 -38360006 1438089905 1051785221 
-1497577109 -1142246204 1891066377 -348679320 673804131 1445061625 -202763760 2127763318 8215442 337310249 -1833448505 333550729 -447616084 -1916492254 1732717692 1822590928 -1742903552 1305575141 1448720833 153013440 1016612034 457321371 -1584819814 -256847573 920879348 -1989076154 732985759 -1923507514 -171314066 -1386810879 
-1701259228 -1699387429 415215085 1953444411 -22837632 -1171447555 1340071646 -99024012 -1408457746 -667906184 -2024094697 1137174254 -584186001 -183140995 -1664463552 789886244 -524098178 -1108237411 1291692185 -956332184 -1911664757 2023476938 -650551403 464989236 2048055936 1212251149 
1156158795 -1841099236 -1475413789 -1881164202 94093123 733557921 -748214130 -340570457 -1476692756 -1099335860 -715909929 -1130338240 -1295146893 -1954815283 1548238047 -824285490 -172674056 106453766 827696831 573007594 1244806933 1552518613 -1742615749 193089044 -2096774069 399357205 460496801 -1179229017 372325555 -1263763873 -229809268 
-472417588 -915758598 -917489956 1799691665 123428274 -179122456 1045307066 -1138021732 -284248763 -1975194196 -2098638006 -1356678916 1078700240 -277613778 -1257252671 -632023336 -566189162 -1149549591 -1828062579 7519250 371793143 -1714608792 634405463 2100191779 -1588550381 -71066976 1467770061 79935337 -1529733281 1405415702 -846325599 -1066441673 1635996886 
-30550567 453308148 -439652084 1386213468 -339109159 -1361334132 877892788 -36932993 -171325241 1216626776 1706713711 -852213497 682250053 2043939722 580386672 1930737769 -1954343590 481056788 -1198717158 -1355278137 153818952 784611414 -662825387 -520438364 1368088510 1335525845 1984219408 -978408396 1221390987 -134559714 1583647562 -1445995378 -118571522 
1206422335 -852272375 1572704867 -570130273 326054123 -859900597 -2100014875 -953481872 1225207320 381755632 2114763903 -1286043970 1228100443 -579463317 670267168 -354136734 -1225583800 341436962 1897891113 -769455143 1474370134 1878730890 -863859440 1477517139 -107510579 1701401249 -1874205111 
-1829831892 -193590611 1972901700 1355042314 -986207794 -1032881936 982575468 -786241527 749446217 2001675643 583397581 -1171061696 1016492298 2000189615 -444450661 831959408 691060435 339107652 1368720431 1792214606 1968321791 1288163093 -1473862686 -1057351821 -624106193 -2018198713 -1200683813 437250447 -771548792 760567130 285143443 -1363030282 -338158060 2014978591 -138506403 -1612297686 1933271183 -573760094 1172625769 
2042579212 -2038108467 1693268602 -2008741812 962331124 1172385781 -168158670 -644339387 352649970 1617524413 -474642527 1126816633 193527024 1450554719 664543023 734133146 -1714147006 712714650 357651222 -1811162164 1353884728 -73159937 12215781 
-564691953 -399084829 -2089369949 -1286987377 1688208167 -918820637 -1683009241 -842677704 -1635346316 1780787633 -1880217510 -791111430 2024197317 -1066678121 -375304567 -2141480541 1519822557 123572433 -931694148 1871379497 1078081063 860640571 2017929854 
-2017740333 23494717 978187608 1672831069 1405044145 502724024 1847873024 1784886041 1480834896 326301675 548153581 -13332214 425971347 -1126037175 -1018328380 -660245420 -142544839 -1601284828 1420406111 -816379856 

1706003825 1525518538 -731270072 1061679258 1118560536 -927694566 1440449847 -1412956275 918861784 -636615192 1161259153 -429350777 -845264091 2040822751 1262285073 -1020144115 -1100004575 47342251 -1786088125 -1048957343 680970494 -299263144 
-236105347 -1640978326 -378424573 -1580101156 1311244490 -1285142349 324736072 1732171827 -1635023690 1589308363 -1324248931 280876815 -1568019334 2117823026 -1534364899 -1300893748 1364262593 -696622123 -1730782388 1261023288 667550781 -427836001 -1271298027 
1414258212 -11626880 600809026 1185696077 -431528211 1194883801 -1149035390 -384591088 -1739201989 1567391167 41514600 -136496501 573377565 -1587640528 -2025128050 -1615361971 1550831239 -1408229571 -501538066 -1315856504 -764941119 -1401973741 -1578037111 
-2080482344 659954389 1015639053 572165698 1875607014 182991926 2003519478 1167035338 475208059 -27898436 -1414938070 -2020564263 1108183589 1435497300 -1586381665 152346521 -1218006947 2029942924 388383404 524721443 958428372 -1276227789 1124900828 -644400085 617799816 

-990420094 -441976587 1123602070 1168619239 -671998548 -1116819684 587678839 1635654523 -1485724142 329993224 1717210025 -1418117331 -845354855 569095947 1515380761 -388841228 215033116 1502682931 -1517044862 2045283841 -956223502 707484617 -2074380517 -1407508771 1652569726 -377253598 -869061221 -1921499678 -619397671 -2015866331 -1504488533 -913014657 -904618952 -166702598 -1328622051 -73188655 1327670075 -1462887171 1163886751 
-49561254 808462681 -1399178048 1322049512 1840292549 1910873594 -351845262 1016469461 1813265299 1959228271 -788210641 -49381544 -607973978 647298260 -1580303825 968120904 -533964551 498607409 -1304735170 2104984989 1301690200 -43054930 1005849031 
572924764 -1184825681 2144935640 -1049302486 1720449610 -1029905162 512348149 1359585491 2067290680 -465446265 -437345934 -1336340873 -1784789565 661685492 1525971610 1508328931 -1315898853 -432452405 2886485 -1671110038 -314094388 1254425626 
1869895376 1593449627 -985254061 -1550284684 -768770245 2016718590 -1591519568 408077301 -479883752 -182420425 1898911956 -622082958 1754481217 -1785577139 -1257448302 -60259009 -175395288 2014575498 1564967200 1902543572 -626451546 -311710039 592436341 924275905 -1210427015 
-1885051310 1296112933 -1803833350 2143512575 -2062367894 1385131615 304795472 -763290003 -1287320338 -2053378351 1693598322 -885275919 443074566 559391399 1633622120 1707336813 -1917924641 -757056895 1477010031 -180870929 316108759 -761931439 1887915154 694839640 
-661083939 -1210864626 -1149418806 1906635256 -2093407879 -1821306136 -2020252805 936400093 -2033663874 1220770088 -780193857 973970374 152280228 675083001 2025254123 -371183823 -654306157 591300604 -906849076 440182425 398796518 -1954491772 1089938209 -930922776 1216516200 -1026021924 1988195815 -2100457685 1317542324 -280148254 -1608929290 -548400843 138292711 
751737191 -145145230 -535125025 1718463044 -1638287052 -1331771370 -1417543442 1003611697 -1917925109 -962358429 389064223 1236415019 -1348153212 -182177573 2038647843 -369631889 -313580257 2030773088 -1783499672 -267569196 1552979113 76779935 1117006026 504609236 -1900283845 1105226225 1423174654 -1377911174 246752658 -86944142 
56145502 -1561865312 -353419534 -911269407 1256188105 -1101225745 -404494701 400380880 324502073 1051892277 1986867472 777437051 165809507 -215935706 -1676360104 -2087210345 1018379059 1597434357 -1960778752 335022792 -1250966526 -1648582466 -231222662 10213780 849919846 -1301245123 -518946259 -2041975044 212892578 -97628622 639983107 1961050358 -1935918525 1056433776 -104102255 
170329454 17936685 -1688042961 -1289358694 -1826448626 -1698732609 760560323 -1013543074 -1486455683 894505127 -1659094460 -1009953044 -1676488536 1083814645 -1714964766 -2100098266 
-481166362 -876190485 -1461106243 -1591671594 588790981 -2130807468 1950341323 -1055318786 -1672835381 504830765 772042962 4568355 -33967063 -1908890105 -1433307711 -1695384622 2003730688 1404966919 -2042174892 -80954071 194642119 7900413 -1759679733 1179266227 424844284 1343275680 613116805 -704910951 
1239756052 1271617945 -193558658 350942687 -1289740410 464275261 1394940936 1881780856 -949768938 -1373095354 1690480552 -2019057777 -2052462800 -1066113306 2068546334 1703389933 1495669239 -1789145918 -237333437 1074153314 -599074460 -1970373057 1755224788 1890925593 -1577408756 -337874787 

-915786605 -1081540129 -1449194385 -1006515708 2116292392 -1783316391 -467757139 -758001739 -560752322 -319947471 1617564802 1273501507 1549804806 -123928594 1256057839 249075133 148274128 1224771679 -616786961 -581458723 174875520 161528847 -707574939 -733118939 
-1371661637 -1781136530 631943857 1970362177 1311605050 -588845070 -742822670 -1356268481 85460606 1955570738 -1037723406 188519406 -2113203157 434954551 -419352050 -105540242 2142572033 654025809 -1748365071 -1220885185 -523588414 -345170096 -492990670 
-1263846836 49757752 867168687 196491986 2078067003 -227494063 -1107030644 1773616346 -1703309633 514715142 611846717 -373797740 457468341 2135470773 1762491137 557512381 -154502299 -1660767541 -131065674 -1469564708 -906286670 813115767 
-1837875833 1853065194 579352277 1685641708 711425130 1157553911 428430680 -810090156 -1150436785 841076785 -2081449971 -700371270 1684308753 1803259327 689346624 -366697019 1767679547 -1413137638 -1720074911 -1998282054 73645563 -538227669 92188364 1949848793 1263733482 -1257917844 -442122305 2106033502 

-1456725946 635623348 629367552 -279798168 300905940 -781050117 -1997657891 -1270421619 -648863657 863869069 436673199 2071707379 -326245471 587518192 -160273815 1383267789 -1362532250 -1787553532 -579305535 842599092 1141338792 807396200 1998563495 1671947123 680224910 -904204118 -1462093900 563724605 
1484388233 -1946955728 509739177 -1660483173 1703868558 -1050850245 -669990519 1088247362 -590212137 -561906922 1789451872 1880288136 -1790420625 1610881409 845125962 -1034586477 -2012098293 2108512166 189261847 686797137 -614431317 -1663258969 -549423097 946173843 -645061393 -989133760 
746526498 -905304097 -1116294027 1318063877 1795059701 499216431 -90772523 -1637525663 968030968 -714651398 -217612731 155029932 -2118223324 1934552007 -1118272824 958550552 1025554320 975089035 -1731006810 2066388084 1927315270 1346960875 902639673 -1023347294 -476725079 717278948 -631498435 -1877416245 
568423005 1938423488 1327250652 282963672 -1309178100 -1213418534 492576603 1125567307 -987116780 521993020 214634488 -1972247247 698536910 -1500141438 -1673392497 1859756978 -1234078486 -914845181 -595463936 1480501016 1877933194 649829146 639284466 485871309 -1549554216 
2047163639 2052913344 -954859435 -1940057099 -1348986488 1803106228 -863666149 -1569919269 -120493853 1862471685 284443673 2017365874 -1912478792 -650422315 -384758346 64757785 1402284946 469608225 1058733286 165419983 1644753728 -2092781898 852065502 1220690857 -1670961466 -1609931640 -1516201798 1013448616 369967515 176005642 694749730 1119438729 818236695 -1704890065 -1931104151 1967420743 
-1512970988 -1160160190 -1555414147 1090325303 1238577481 -114694365 -106800646 778677790 1653525291 1459032917 -1702361557 595616610 284157477 -1936294759 679338831 -587994814 1061377612 
683600706 -499577541 1374113373 -167438030 224702426 1046629726 35976278 382398322 -148257892 -434624508 -548303095 -1892525170 -1564983714 -486682020 341961660 -881410686 1927059986 -819208749 -1759589470 -608869143 -1198740942 -148577123 1425561934 -1775402909 -2073085629 
1748931946 1242999437 1580345417 624397559 1560651641 -1229732839 -648782969 -1468531195 -449161528 1990100288 616342712 833913319 -731911771 -1332868101 1375854481 783760571 1085895528 1374096462 2135282883 364267011 1093867436 923070635 -1875008518 -1023689942 996023712 1262210362 -682712359 -575323602 1335098709 501089277 894362766 
530228607 683870005 1574855657 -704500455 2121742020 1268579487 -748449352 -1789197322 714378113 -1642634644 -384325381 -937856217 248014688 816450590 -1117490132 -2678300 130166433 -961034770 1365800085 -114610508 -1117661676 1733484395 2139129413 546182171 -610142828 -1688880026 1627672900 
-1840751785 506814367 1708460224 428606348 -1589851735 329336423 2021734399 956308957 1644770290 -677764493 1793094521 471059143 1913103783 167441549 -1717288507 -1478609417 -697629979 -1928093481 -688426143 676085513 -448148788 -997923362 -842767878 -446516329 1528956099 
581730356 1020615869 -1879769274 427934479 1594300500 1402636654 114911982 1094747885 421553023 495767149 821799790 39578105 1794522609 718569422 -97022663 1331019860 -800232748 1766878913 -1746446988 -1071778764 799740939 1351679266 2042833561 459695606 -223844238 1243038939 190213093 -621493121 1064413871 1298744726 892004690 1516252598 699222191 
1905231196 1645885087 1709633797 1191814540 865688129 1614207199 1659614574 -2138716795 537995948 1824014626 57530853 1450286580 -1407598847 -226643664 1002269205 -2023731129 1585638180 1247637067 1140268219 588798208 -105147603 650607113 -1345833955 1597092833 1902295885 948635673 -590298196 -322109357 -375737416 872967285 217284897 
1390042013 1600455362 1275690981 -1002296680 -1073181492 -2139750300 -853734822 1681341757 -2014672103 -2107940327 149489509 1439898754 -915760100 -725528014 -1347241655 1547630487 -1635871215 2102774638 -23338114 1073977716 1334044085 -310233288 1845866259 -369698459 
-856860200 -1624273558 1685260512 586582486 -1320720433 -1370903429 -1436633474 -1935402900 558061702 -1392875791 839357906 1976592479 2025677488 -790800995 779820866 -43323332 398706855 1274673015 1448808531 2127365074 
718375835 -1386136372 -1538781596 -1671156749 -1561713075 -954158042 2142828978 -397582142 -27902393 437575801 949743096 1201949850 379976384 -1203667914 
1570918911 -1017077491 228023488 -67793359 467109059 -1294584662 634074517 828824568 1699654840 -1769402794 -417963002 970403766 -1483153061 -934576706 1173376652 1594003223 -393504186 1841292616 -1689663015 -1547251826 -336971949 379856891 
1530225844 1072099395 -1106944437 -1090928478 -2038848287 147312129 -1986642865 -797956216 -2102585041 -63127723 -784221281 1554875050 521377672 624838497 176999235 1835800234 794955941 -1729729843 -1344771304 -1642083048 34617738 1285056438 1551955639 -1891897257 
-1825396328 1090798848 -1867403211 1534382598 1346617917 -1324811416 -1389691760 1707412761 2046617786 596228192 1633035044 1506500621 817094041 -194706519 -1428670786 1904845755 1389687536 -283662063 479796893 1239518136 -179516386 1031161720 389196939 749223608 
541039332 1250682250 220723362 -1979266987 -258980545 1700062563 -1385528385 -715115978 1839949815 1157188365 -1513592915 1918628803 -2078866794 -258327977 -1741988831 1329469454 899793744 -1678118268 1213133162 279207016 1358969783 1887354831 386347398 -766394763 -647315629 -477301594 -1416025315 -550961687 -1129853050 

-1741388722 2118217984 -368094176 -400772653 250788301 -1877744289 812685271 759059304 -888041980 1864602998 398373004 2018692380 -1774632528 429434663 -1077007299 2065441263 677022297 38113085 1184487523 1157838956 2020230478 1957418460 352854907 350861882 
566299201 -1602991009 570224178 -1825547118 -1500674575 1684385861 798614161 1039630985 2045148401 1914682852 1212814664 594382367 -135178818 -175100308 1012012128 -1621166450 544623420 -1602569078 1197642726 393407117 -1536495422 
-624726657 -296793120 499566938 -1045862793 515305450 1238878520 -1053231487 1702957624 -460639590 1922933851 -2031824028 121910811 1426469189 1580556477 -967403026 -877492429 -1612755401 -604608641 857140435 2036474600 -766758567 1275552940 -543442500 155889565 1685605648 1382323083 682438029 -1516233310 480861770 -58879637 -1037972512 1886807975 63675462 1221595386 -1480603833 -1283997230 -733342676 -1764838164 1816981406 646621450 -659023715 2024870165 1185523826 
-723627331 -1625067569 -1833109033 645342513 447708846 791520616 1785614749 -259848883 309856414 -1081616619 769542776 71312766 576763278 -631690893 -551037319 674535802 -890052984 -893548923 -494268144 -1732564794 980875900 1461717636 -2031085319 -335619104 -581293647 -1342125129 -1181849378 -587897657 
1336603207 133426506 213261618 1989008399 -562713884 597431986 -1844504021 -41001699 -1648094211 -297188637 -1486778572 -470489039 -377146320 -1929394243 -986705945 -514002550 -1461327454 -985977897 233038185 1915452839 -1796502630 -905709491 -580052212 -1067801977 279794773 
-2010803622 -499129553 -1377499143 1402643196 1958615625 1942091396 256836403 17805688 1061189169 1707721528 1574875104 340947409 -594278304 -1492978379 1509264536 -785493736 1669708208 -1893614356 1744560393 1074075683 -1904780691 201974217 1654111329 1955579830 1248603774 1756052109 1020039122 1358047680 460468845 1738038968 
55945611 -1083096931 -784271869 -192751828 -1890175372 474662337 -940557303 -49188030 -627653442 589455817 -282458055 -1321959524 1077602730 -1871648952 -244520444 -1083363615 -1050882452 1939635520 -333740764 1085567213 1821846856 
438557226 1131556123 1007112620 1735611110 2076725644 -1169593675 -1587758453 -2110706792 455849551 1209031272 -1456725505 917864380 -1574702946 1457577006 -554618845 332629982 -581597440 2067431622 478426082 -874257572 -1548070997 638680265 535567601 -370342190 
886259235 -877664201 -1883097841 -389740466 2006909753 -172881858 2039824344 1959798463 -1789915849 1599990315 70513627 -1064698745 -1050636996 -1324768676 61191943 1462457330 -1253300343 -2073866086 -937859450 -458146394 -719205903 -678955344 981086307 
949294683 -74348023 -216033194 -1696422862 -438170410 877555622 2004216235 -585773719 1900343492 -623656557 -386395607 800588298 -243657323 -1776628470 -991316267 444032460 1767125765 -271799562 784114640 1475184715 1372009857 54660128 1686573955 
268679424 -1222671441 778604285 -791236930 -247221927 -1138243681 1219784992 685170140 1359336370 564406238 -1429016055 715871772 -1911009557 -980738910 153593319 1346312141 1837639625 
-1393410038 -1820933836 -371456494 -1343727092 -1425249035 29019655 1223023688 889732753 -1072763305 -1052546637 -649170749 1455812099 -643708570 -1440661473 -1626777831 -1077482129 1155455004 -607587893 -1759073077 -1700572234 1159321979 889510812 26619538 532093164 1542782657 1862093289 -736317766 -40508722 -1411291839 
429025730 939986164 -129158739 -547480012 2025622089 1574445495 678588479 1514898551 -1151180540 2077672191 582018286 2026101924 -464101761 20692658 -849007683 -581564934 2049927849 -418415712 -233593383 -2139030128 582640577 1154108515 2120688993 1512316796 1863138433 
-1866439382 -1574053530 880870695 -1911180460 378525971 1605586593 -324437551 1628515824 2137285061 -131839355 386215432 -1879875508 -868709094 -1063434046 -2059431182 127866909 -796672378 609771917 1856547232 -1858985166 1061097223 -815042079 975128783 -2066973657 
1411000189 -2115711519 -230808995 -1822363068 1650277482 -820602186 -419895791 512426905 1636563084 -423046052 -1537168181 -212542981 1755861440 1880193964 1109674292 -1584535140 -617337775 -704364920 

-1009663374 1024044704 2047016861 796487762 1143193290 -2061837431 752152541 187018942 2130649448 689958478 -70308848 -363655497 -613250520 -617012364 -1871362671 -2062712021 -901169346 -729169985 -1475747375 615775644 1809479173 1425076870 209020363 1810341044 
1373992969 54060961 138065064 -553869877 -2050417280 646747385 1826869591 -325243294 24495930 -958418458 1826681820 897788928 -1755327796 1678619302 -245530757 1782682892 78581921 857166777 625545867 1901229425 372761818 -2109151007 -2013114840 876312605 1974049634 
-528687773 -1896653356 -1562512652 -971711488 89722441 893975817 1177339898 649337116 -526946080 -1896428305 1506664544 1308586697 157075401 -1212459365 1960485314 381983356 1822022913 722053367 -1891351895 1115853341 1051727736 -1914335965 -778516350 
685794017 156274892 1125774088 1648243851 688182521 655626772 1140992947 -67589681 -1475002289 315581543 -543202389 -672003586 -1116210038 -579433745 1445797247 -1883264282 -86098557 -1565539882 605136678 1817036261 -254197494 1984682060 52889768 -614098591 -1441966126 

-1947040055 -1205075685 -520727230 -1405382021 313300812 586424642 -1851921048 -2003495551 -1210689158 
1709779023 1667960441 1633036793 346659826 1944011261 917336158 1523240812 -2026538865 -1117747833 -718385469 -690910092 2139620698 -676590400 -1601263908 -721644077 -63142243 -890274130 -1156201238 1808584560 1926691376 -1442723106 -14260930 712281796 1485575137 1331205109 455371601 1129657996 -611179099 -1336322905 -2012514065 -1354550006 -1944593186 1958893573 1519377175 1707744614 -356428678 586635293 262317174 1080773239 1230264131 -1363152471 -2921991 -345566225 -1656149053 -172097021 -1886331209 1061752716 -746198474 
1322108749 384998088 -1334931136 -1529010908 -690036601 -658067072 -296852938 -1539115516 1508617848 -666016713 -391207605 1313204659 1354236749 1973804795 -428942161 -713373676 1463761197 480749632 626660510 -1787965442 459653213 251878927 768903367 -711718442 585599922 457625229 91225672 1944396493 -237812876 2097704376 834180765 1265873325 1265441979 -381279772 -701791521 -1697582547 760484857 187937047 -2038909771 947882258 595020634 864396294 -566891142 896883411 34615324 1560103080 -633055894 1458401334 2092031970 -1227646244 -342563779 97405592 1976377777 -824232428 -134557668 1794234462 
-200543507 204762455 26177642 686308182 299757277 633620291 286597824 -1113643092 -759471031 2036943053 -1325211843 350940383 -532441628 -585114386 -961234042 1082675639 -894620098 -1743177609 -1159598884 -284675232 2068359180 1781530269 -1825448732 -377972825 1078880215 -801309834 433632865 734067231 -702434339 1496062263 1187183701 -1378750700 1725332289 -726602346 1968080549 -2009986676 -329512081 1063404353 1125634467 627372791 796761579 -1962002689 1296047144 
