-1578706969 1382775167 870760141 -2107974668 96038608 -1853189452 -260232556 1055166012 154057716 -2013410353 
-767447241 -1829116354 -1911219349 1942296123 757241429 -84853865 1907060432 -1345786884 220371578 -1009841818 -697975673 
-719633896 -967266222 561496457 -1622299765 -1909971403 1774084326 -1246091688 194418322 -30814969 1854861050 573912720 1101999324 -1976798976 -181596262 1366277051 1268757262 -1960189974 1974207563 -525543124 1411145239 713361919 2088004262 
-966514256 -106861091 1471359124 -900973468 -1493064285 -59782871 1600561363 -175355733 -1795951621 -359280659 1851612698 -1345970016 1884695164 1402522456 -196869380 1892043980 401337105 1762847786 -231475734 1291867277 -554343871 1139235903 1281988336 -1388063209 



-1546463660 -1546185144 70124490 -278805323 -1195012001 1383551056 500030085 1449375713 -57247654 404324204 -82032320 1013397683 -758625481 -1168830930 900294202 55670814 -1803639509 -304533838 -524358890 -1817751503 -358059983 -1187692986 1923560000 1294003194 
-1048110113 161769370 183869376 -1840285501 194598492 1322914815 146856349 -1289822772 -662445616 -862845167 -734292363 6526865 -1039674011 -109064661 -753459508 -1874711370 -407874859 409442542 -354296816 1867154974 -1881107605 720005446 -262540121 400982415 -1668520653 
858099776 1790534015 2020712650 -915643775 1257172637 647071986 725272678 -1154938918 -1837913975 -115386568 -636430132 1090871803 496086046 -1822794457 -603096857 1866879711 1822940231 1738362987 -1487304248 -299460566 1276385177 -35251850 
-1662993698 -1444585844 711027196 -175108110 1620736566 177754953 -1584673403 -1202447013 1903193561 -1339081920 2029158054 629500614 253911377 -155534072 1155331059 1580360613 -300698768 -86764152 -888026387 1061515082 1877689950 -1808707201 -617480538 -432400881 2007295591 

-2025639643 -1970355049 62281839 -816267424 -1401891264 122322585 1838723612 14193852 -966831737 453102275 -871379699 2006122616 1727116526 725323314 -614948320 1966006775 1720699031 313736424 1242367101 2051595277 -922155251 -1417972834 -88432816 485006130 1364321404 -1137565613 
1662119966 769788496 -1213580929 861048021 -208526252 -2002129606 1454062593 139833900 745801121 -311617290 -107788068 -1542752512 402087312 -21694546 723526958 -1784477008 -480720016 -1982766012 1185236653 1769782728 -689999291 
-152673716 -1894821839 1464922662 -690137456 1645230965 -2022980575 -406480714 1131320770 -304236720 -1332398310 -1285273457 -1619605128 1201603518 102018583 -1755819537 152345960 -1157952566 458798990 -1533113470 -1430269343 723755647 2019205514 766213343 -725162603 -1608685381 -740040366 -1975991077 388206678 220090787 2015625700 
-500374471 870927214 2102005786 -1905672304 -727404747 387504809 -716585618 920147469 2018490659 -1447544687 -307735440 1260118147 -1412541553 -1746957447 -2101583955 -173109818 953154344 1145409043 -1770350854 74557603 9957334 -1276000910 -1642838940 326467371 1837442117 1247459951 
-1677744118 -2046638338 948554595 -1919198735 -164096216 1318666865 1147025297 -1278078398 57001441 -187198738 -940498850 -1972805447 2004255863 812057732 929117602 -29820627 -1002891910 206632997 -1679390192 -1939630182 1544471181 1959860895 952613326 -1748164736 1861774642 -1794527360 720847278 -1304307265 208388927 -1472837966 -342682536 
-1960388951 -1715882614 626201127 1617589145 1544560984 -996392888 585946195 573662151 1310894550 -1224210581 -852488650 1532825295 -1376653906 2077332182 9760839 -1240569447 -1763982879 -1771720003 -370237365 674080689 -1896349659 -1712366809 -1351408996 -1943447792 -506896162 -1860423332 -3933549 804450036 775591326 -1099562216 978673138 1141508161 -464413215 
1363384208 571168824 385239733 1822994673 995233009 2110049804 -1615868949 2137190072 875302416 621475762 678221517 641772106 -312866171 260452355 743631738 -437845204 -2070722568 -1906299831 988319710 966905306 -880426945 -1112887871 353638521 -1826581258 743393827 -76182172 775682709 1495957611 -584597336 817033784 1374869813 1564871454 140094002 
2141467079 -1060490202 622108134 1186196461 1787277421 -1767551058 1760281589 -1117531664 1306707903 2138885430 -901692498 -1008934938 -1840795528 2116771048 34520363 -966794048 -601620720 14324329 1705480872 890374061 -1154537232 1899433575 1741865770 2040971975 -1866015871 1895330741 -1198085690 
-576143365 454639929 -1362861066 1749394736 -324632235 -189114215 -1321311401 1312693848 -1892025253 1935571226 -1350933712 1102649519 -247331059 1463195699 -197456287 254704016 1174336277 1158761553 -709930279 -1618581529 -481494955 -902976536 -889230717 1673778187 -1456040065 -941914204 -47538177 -1337182563 -1613932083 1624647039 247274506 1923886070 2044563599 -2130821119 117286031 1140479206 -890449128 -1544502042 -291473595 
-1124313202 960734791 -969509665 -284290998 -1740904796 2093216529 1101805243 -1356756228 1434739737 944194338 1854386127 1378594673 -99421225 -2006375024 424148177 1430588531 894875641 -817730441 1898968759 -1932856100 -1414069579 -739408265 -455530960 
-1920498953 -1145929146 -1242436238 960882020 -1010851928 -1912036352 -1557030410 -304975907 -1687337365 1002772370 1373756563 46351281 965742072 -450097234 1253814701 1798436947 66068297 -1762504632 1495836195 -1409388070 1279011982 807205168 2063213796 
1651951134 -230312166 1184380382 1450896344 81013393 1485942782 1934455388 932930276 650076499 196618828 -461542884 1927435676 -888933273 -1989708657 -2036228690 -1712983508 -608927161 -2071262158 895414369 1755380520 

830543384 1247439452 -279278563 -1338372951 -1272910059 -853128013 -179507687 -1442062619 112861815 -1360676687 -1899856425 673645511 -27721296 469896832 701107555 -1771701688 1276718468 -1611657253 -156518079 -205592902 1926493002 1846302909 
-1981880736 235297349 1463687283 187194382 -2062238952 -971947032 -1550292588 1417890192 -1600954588 -699213759 1672892631 -1597238132 -2138874343 368602266 -580991378 209555158 -1434450480 89762748 -768463753 -441425495 1323892883 1369570696 1166730006 
-375717299 -748044632 471062717 813390111 -2136414656 -1994255439 276663359 -2107663261 311959118 1696145726 -1919253489 -1951531125 -1280991724 492971738 1551567748 -988968270 -339940176 -1394581096 819514467 2088103008 -501067433 -350258662 -1631387732 
-1619016739 1348675340 -645871803 -2122000822 -749549681 -540987220 1129293663 1465017954 -1442337615 -368314891 -681407246 -1536598948 -920346645 -2094360563 -2147043119 -1977311339 -1622493716 -2000657416 1028701610 -632673901 511907737 -1567845469 1993102936 -1210771017 1058245598 

1572215132 -1339359786 1810725829 -1566502607 810752565 -516489790 1256369913 -85397512 1584541153 -1069575501 554955838 817830841 -1477164471 -140448653 -1644240457 697025019 -471571249 658473093 57253930 1366169015 1542010476 1644689415 588453932 1086274089 -835389074 2046714397 -2051422327 1394914859 2133767509 1399483120 -1109041554 1593582810 322855655 -714029664 653205770 -605455496 -169411058 473091711 411500397 
1089588678 -1561492610 -895868556 1336649833 -1408021632 301393566 -1065027603 -1829285989 -1728659046 -100512025 -782405357 2021681409 -2006815416 1639462441 662575888 1923330533 -1597311244 -1863684334 -698268161 -1643078123 133440135 -1608813807 1220150973 
565181192 -1471335304 -1850696607 209333783 -1482069652 1356019602 -1496120076 1437532413 -1590671673 1443274280 -449184422 105731197 -1407674426 -1540996316 -60729401 1018387918 -859923952 1219320628 -1253312691 1092412745 -271857366 -113274650 
958710874 196962673 -1323910774 -889122193 -166452240 -1242523787 243466606 -854681806 129661857 -1456390346 44131534 1436730508 1730998175 -1165203071 35611707 -1179215173 -162342574 290239312 -1273400297 -1396030051 -1051187772 2011653690 -1621548239 1615586802 -1479477947 
-955957536 -927658422 -2114230032 1936321081 -2146162739 -1335468841 -1392973234 886019767 1869102584 -1065593079 -1541628018 1713267769 -1714556610 215760397 -2079390502 -1243254023 -1630492597 1756893472 -225378146 -1143807331 -1407484502 -313155890 1958911109 29544359 
-1216091000 1839349692 2050510009 1717456917 -793132254 1084743796 613865177 -1560131859 1502034687 -977137893 1568009768 -1165940035 -129934709 -139390386 -994488545 -356060796 1270928323 -224510397 1789010239 -576179278 926366214 336097364 147875163 -830336617 -155877037 497999813 -1903802472 133911379 -948170879 -988016603 -989965786 -260461650 -2122990153 
1270416848 -1564030218 435347303 97205492 109394427 -1894069266 -873807772 1636535839 1006516295 1918695870 -236129147 926705385 27100740 2103757702 2128659285 -1225024884 199883244 813815341 1132299050 -1359440604 -341910305 1664058921 354170578 497773624 1663482182 145549974 1869770138 9807263 953697112 -1169459529 
-2002589818 -1245819098 -1086006676 -527915238 12957926 1204403298 -993948156 -1104264434 -439148568 79415564 1901948369 -553786560 -471133 845731335 -34107774 471529989 571766356 -107941711 56277123 -843474595 1133579329 1709067417 1013679949 30221390 1031784360 -843149558 97574126 -187850003 1102159656 227834230 659492904 1114108188 957902234 -1236879978 -1164995590 
-1571868324 -1408572206 -604206175 2005348115 -1079205761 1148253924 1462450113 -1420253221 706023375 1285203763 -1943530168 1924109439 1136188686 1188368048 -1265684619 -10262782 
-873008298 787894652 -30995641 838435970 2110771674 -1856850041 -322069321 1301844585 -1724835877 521782617 1553702992 661579018 -487574570 406638804 1595347053 -1129338414 600612273 -336332739 1446392749 1533306786 -919061897 201397124 40398686 2107123520 2100295855 -1456688413 1510692246 -1960547053 
861579759 174793672 -1729318296 265852764 -885452801 1625015585 -235549633 -1457726244 1738939451 1789858519 471584402 1254984581 -2055066161 1127022465 -898177674 1041855078 -1671363578 1473594556 908629014 -638431194 1052083159 1730845392 -1278835426 -766152689 -1183038989 -2040439370 

-577783480 -1247978454 -1206949002 -1658351064 -335186624 -731027272 1843279440 1397684055 802813351 618301716 -546134876 -1467709799 1321445484 1803322501 -1664593828 62722461 2028134264 5080848 1118822994 1942542099 -1706242166 1089346204 1981384243 -1377602912 
-331916705 1095073025 1961058283 2001347564 -680754514 -1781628902 1651426662 220902155 -161689416 1668083207 -586598559 -1747179298 345842433 -425441430 1248102886 612513374 873681242 -1027648826 1730949064 943893121 298983059 -132357175 -1501901433 
458024912 233111810 -357661269 -1680904662 358616568 777036550 1712559587 861752896 847229188 -1365987958 -1096701420 -1284107854 -900089231 -431452080 -1245328203 479375634 147530710 -1958937439 2134422846 1449805806 -2027051296 1914627940 
2066688077 -304860659 -1511373359 -63748426 -218324142 -618286236 -1720641439 -1516446232 1491559266 -1584420567 -294598186 1979649553 1684581500 -130106 -466303091 24417533 -2130577662 -1319745216 850582484 -906454233 -1166782500 1324768541 1229356068 97400692 -457354230 591002277 -2069906730 1986063498 

-1408651014 -1797734637 1397462790 953085926 1879758191 760945708 1638531799 1979990458 -233709168 385415429 627930937 4968963 -2059839792 791216503 118962101 800731369 1728083216 2101551266 -762154431 1645962064 1816982679 1846991751 2018536289 508854269 906579838 -1200133504 -1017303550 -88713312 
-1865599485 969365323 -670130054 -1982926073 -1754645148 -2034902833 -1083449961 -31773865 940851261 -638548019 914094867 852674154 443689044 -1698998584 -2087567011 -484090369 -781649069 -293947374 1604619575 568216357 691039659 -730703378 -1945634978 1842002378 544053365 -1197753232 
-2033160529 -475762402 1156935001 1807303073 -557543868 686886922 1236103159 435184819 -459201528 1551164998 1980738134 1753222021 797223036 80571389 944970148 -187231691 2131508803 79643787 -1938925899 1168099138 -1406081389 -1157636134 -346940119 -7553801 1535988358 -788291840 437478633 638411314 
497112201 -841156419 -141787226 164496957 1294562438 1069664377 -2088760757 -1773510006 -839446472 1956102472 -205526703 721398345 1763541390 138020574 495241097 1848955508 -754544859 -1975701598 -1841081600 1293871939 -296587623 -1391445972 320790230 161015774 -259291419 
-1582029055 -471903258 251439237 351288355 -970656905 -1186046750 -1205464011 1126302578 -1254930266 -1639218653 109394582 -861227853 758433645 168647614 -139851470 1245520376 -2082530868 1209705735 35039666 -375312628 1494297982 986925402 -978132961 -1265215045 -1803437199 -618697853 103250395 -1595162310 461650848 -967967301 402325060 -2016468031 9387555 -980132735 1790982507 2133844041 
-1506692621 -868576247 1430284990 -650191504 -1628990702 831534819 -1433843052 886437297 856075554 1569205710 2053769553 1395057116 -502724659 563180772 728734242 -1397058988 -318067597 
640572098 1914440754 784812204 -1046208435 1076512175 -2027840438 -478866778 -1096561733 -379474543 119405875 554541019 1405384528 941080440 -1612259460 -561181053 2057283882 1880059816 -1003188416 -187177923 1308525226 156069525 479495276 -197557529 1838398608 -590613467 
105965367 856050530 -2091473477 381691811 -1130380655 1300451460 -983143423 -744736661 -2143864537 1171579462 -1747898003 -1745271148 1402045674 769966081 1695774658 -2025490008 1895787988 -97023591 -1897965572 -1329790845 559678422 348166472 -1426244911 -1995668249 -653212939 523408762 -1910926309 -1337099474 -1420459059 1045063479 1750946336 
722401437 192653905 1214855199 704282567 -518751414 802766303 1656357766 -928661294 1621124581 332564965 1717368434 -695499328 -524406140 1288755944 -739981526 803587842 1263848313 -1964736817 -65635826 -1573534572 -1341211515 2007560748 1117090767 662915580 245610301 -1627686693 926132060 
891873724 -1996736323 1936812580 -2042756713 1222360718 390869802 1182806903 345199455 738866021 282606262 137161495 -1159961207 -1247965012 -1092258968 -836418140 152676477 1222469072 -1416533841 -594498628 -366174207 367875925 390376790 905711046 1531359492 -1587951581 
-1940369470 2042029638 1048747775 1151811550 -1264387361 454375963 2006530388 -434268944 -1624186367 780515050 1860470164 -900707731 -2136130140 1032775164 251138492 443601722 -1908731289 -1093875224 -1388238665 126372547 -68725958 221360909 -1147431564 -1735723799 -189034146 -2007278057 -522484590 2014231610 -703741204 151031030 1043424256 176934078 1227890602 
244375153 1615141445 -944965727 1902023385 677037786 573882213 345718364 653801272 -1423297550 -1350403581 -1969787769 -1208721029 -158024208 -1112226110 -924804060 1734122710 2035127401 3296952 1259854890 -1516430690 -2077789768 235107487 -1572596918 -385882873 1846980820 1389496829 1184010248 198614554 -757458463 -402227342 -1356044661 
-67006268 -131738699 561655485 -1539774751 1624961049 -326706973 1344593879 -911576242 677266167 1844652109 1839938074 670720587 -572079374 1717398370 -1828023149 918882094 1800826027 149485006 -469324246 1686610169 -870117036 -1396365350 -440634834 -891917505 
400948462 696643181 -1978890055 930579144 -1562554741 373326702 -390674004 -1121025794 1033305945 655011403 322502589 -354288695 -2064204497 1710524801 1729084163 -1452639708 -667368259 -76331712 -1944415004 -1342067406 
-1095362617 414536242 265842392 -650847002 306580704 -1296078385 -2093199228 1185849597 543471370 -1850046162 -1254743878 -715168438 -1828457310 -1563716391 
956095012 -1916520532 1969334982 -27450988 -772933424 1770605510 681809594 389818248 -1465067197 1757658346 -493570434 -1837047145 -1285769116 -1178377880 502314985 1262319347 1854856512 -549018287 -1435844543 -1853133233 -1424680364 -974903339 
844563679 1092255080 -1483578218 -1693363864 -1345933420 1913299944 413022713 -1166137858 2051560346 1173073681 -387680387 -237419147 344936925 1282214937 -250841734 -1146475749 1699582629 -1243557537 1454321707 2014316627 2076573014 -1351795513 -1485925696 1779954492 
-968058869 -471384453 -1297937768 -1304057497 -900857479 -418167336 -28750873 1058421534 30192171 -575770707 -199034794 -621566543 -1127163194 -1116895316 1469770552 8757206 1967397595 592284323 -1657909935 -624731301 1281850890 -1100815127 -1910403330 -102311846 
-1044891749 1342917098 -2006878164 -2120123995 -1493976107 306242455 1071471769 1542962605 -482705989 537549683 1571341344 -953137782 1934864365 350692075 -1224119726 546288990 -435383426 886864332 880634183 1500193893 886597958 -374186295 1275376833 346982249 -1720400974 2034102363 734592386 143472899 -458548466 

1854470462 803557975 921650519 -678590899 175896336 -389594920 -1349715156 1124695478 447446097 212886373 1825644529 -661014474 474420913 -8252350 280940126 -175882148 -2010515611 -848314758 -1383574270 -1884818779 1643431497 1086326370 -1099903910 1118410108 
-1591637822 765479610 625562678 1032727068 644944898 -897536709 -1886284366 516218532 -1406970013 1689438643 -2143312389 1049141036 1650659928 -2124407962 1353983710 1218366939 -1117345962 1603825694 -2136791412 -1778042133 -834277050 
1249621738 1510131830 1751587927 1688809744 2140559518 1067270803 -479844532 611864031 -156096311 1928537244 2117199603 -908157784 -1025971164 -51363440 969192348 -2054920017 1364795468 -187886592 1890786488 -854492909 -1870549280 764572027 -872445526 925035764 767676130 1834415601 941725911 672675431 522818845 -1917865332 2107462589 -994446324 -1608062373 456703326 -194241577 50269115 -1844364429 1455613524 810446193 -564466155 -941726897 2112371447 959055615 
-431349524 1987702932 1589205596 353840521 830530219 -1310215891 -617579532 -51256501 2020654274 1071685064 -783123814 1600996157 -586052364 -466481642 212203023 -452992421 -30137957 -1089136966 1764588952 2010237377 274890398 322152029 530189238 425065820 666132400 1432888983 -1976119240 850522241 
-616205634 1554794493 1382000820 1757408618 1315175614 -764855272 1667784097 -1617375983 861723252 598557124 -1041067050 1197805045 -365040596 2146365486 1242349750 -1141129595 -1187323195 1396754027 -1420542001 500301416 -1361147236 -580666175 -721827566 -1272194763 -703772143 
1581925827 2083476548 1906578063 1935838437 -258955353 -630063913 1681255642 1624740506 -864395195 244609309 -1405050574 -1037236519 -547301840 1470153701 2042317817 410911440 -2056239239 1407327195 -1488850238 -1342729958 -1151923858 1961006565 -284306695 -433921803 1415700081 1663658509 -1316729332 1674425902 78609153 1313529603 
-1760019293 160992594 1340461045 1470236961 1929149294 -1948928199 1885872766 -468024515 417165218 132766148 -357003512 -1409336415 -255684963 -720808208 -374787110 -1692928526 144238285 1916498683 1939263912 -944252331 -168173434 
1581244875 -1673007651 16476383 -1010209317 1636253745 -1282975254 1133742513 1367442471 153874720 324913033 492935381 1420887644 -772488109 724426560 51296946 -1416233133 2116981579 472774567 1945495297 -384593822 -556810323 687962679 -1603789490 835657859 
-1306387630 718478234 13034243 1463690126 1046456455 -1820292192 -781671581 -81551322 -1082220491 1936686768 -470341391 -1012843309 1126279761 -876915768 1530479019 -790857235 -294004381 -942066625 641449078 -1199056562 371646654 2110823359 -472448128 
-56491146 -637235402 -1896017825 -69549644 -390765409 -728135083 -1909120181 1878568466 -687007366 -1178092747 -663639143 807173050 1693724503 -1196781946 -1813995036 -1535687491 358996461 -75281963 -1544256230 -278927900 1138692173 2087299228 2025454730 
-225724809 1081755907 -2140140428 -238299679 -96096327 -1703948887 -1286978847 -354625925 -1368166988 1370936481 92773736 373718199 1755522904 723241936 -313094925 1116893497 -1337059082 
787115700 2010363215 399789550 -2026942665 1619686289 357782365 1645735244 -2025420784 -1604269657 942074217 -1804563384 119271524 2990195 -1588156161 -578058038 2002290048 1748777418 -1679730400 -933693649 -1425233362 -2142810326 -611148862 1788596900 1917157731 1429814187 1252160136 -716513928 -652329632 338019173 
-1084828888 819032398 -57998723 -2042222436 1930073302 1455468971 -34623252 1352729064 -1534412711 344899000 2003525186 -1751617065 854475249 -1528168749 2027940924 -1037921926 975307857 -2145493428 -1722035137 489273456 -107168866 -447266670 -571428054 -322806327 508429936 
2137755475 -160827589 -1580801735 488395480 764724954 -1241348545 -163435223 -1184009692 1010648662 1516873233 1562031684 1434334499 -1993539137 -1973824314 -1460517179 -553862307 168756215 1593739800 -161577417 1403759763 -1446114572 -190794184 -1782023293 503898499 
971033103 399661410 -191200267 860832477 1703593322 -1596549368 -617325369 -1729692952 -543658826 -410363951 -257947067 431701925 -328032759 -1428173881 2105137023 -1305325331 -1949429264 -1873961631 

942115594 -303077250 -872831681 -2052619517 1285361760 -615326991 -1105306272 1525612404 1421632692 -1205788559 1810552642 -1509592182 187232862 1460560513 2103140362 -1073000917 -731877255 -513395977 -1377910598 2144977233 -396742838 -790204919 339184552 1454326983 
-988694495 1046852901 -1116692561 1118778 1736019949 1078213431 1782787707 -329899424 -1885637948 -1976544733 -324320356 -1836942633 2104414732 -1397364838 -765997372 -1840016283 1096622167 -1197319764 -1385617568 -287729788 81162608 247305306 1892329634 486167105 -537812451 
1374742008 1436543427 1543410627 -1474029324 -1225419661 -1929342757 152205208 350201537 -616237231 1641205680 -709972249 144444565 1535827919 993845654 -59769049 1522423677 713433386 1445265672 -2076827524 942491203 709888842 -859436551 515717179 
-663250853 1706463750 868663919 1115601043 -1820952173 65749673 1572425544 1472838817 1116885961 1484969874 -1246350441 -2098982897 -1468010342 1390421519 -1457013623 418415817 1840128923 -1125720407 755961658 -1082120253 502532540 -948386070 89566171 -1217965321 -1197780478 

235609548 -496876344 -958288187 2111876465 -1613825863 188570405 -2054628733 397953605 2126169542 
1456482539 -1570840554 1582002308 158875869 -174460692 -915658095 1451166340 -1223313969 -1663112564 -2022304771 -1591546368 -1734987794 892849607 1734028873 392979028 257945338 1179060817 1106134318 1817586505 -968000385 289473699 -1762006322 900385905 403751507 288405168 -928381973 169719304 -421153335 1807064083 1110536185 1865114690 1636007247 -1801796273 996033754 415152790 236140360 -345932586 -1120993475 -1458141737 -1611972349 -1461275839 1537157354 1347659912 -433184993 -571725890 1594563779 -1279383859 2053981720 
784489083 -1342887124 -1402795885 -1789440228 500926004 585701048 779894969 -1904099607 602564668 -471080403 -162558411 1775144045 698625347 -509485436 254200835 1929307112 -1434535543 -1538437709 -2064996304 754627003 1646310989 -464788424 1543736084 -798000500 -991723052 721072278 -2068555099 -1427715876 403355863 -2009988633 -630852763 -157896362 224941708 -367640848 1133588539 842370502 -1454451168 1829472150 -815759178 -1320960895 -1641039263 1248712283 -905851207 -1899143571 1884686679 780608205 1932796609 -2133398053 -1290726758 1029356742 -2094757648 1203711890 -1331780291 -92591221 1667716457 -988122465 
1282318972 1988544833 -737374754 -1222018704 -46258896 1833738843 850331957 -615471108 1060775459 2118782232 1245129760 -384153441 -819546248 -27291051 823359497 -1432770640 -1415484606 1905394378 2016052438 212946589 575261258 -291354068 -1443182982 -1676478215 -920802711 814059840 -1366913413 -1459294240 -101562970 461744143 553853989 -2041424939 1407106098 -246001552 2131966892 -1249129172 -1645252832 1358219195 -1982378805 -1507976395 -1395864868 -1460503703 1586847564 
