1982276973 -60178476 124796500 -632116964 2064316562 885945595 -1029803452 -314766011 108910117 -1178381245 
284165932 1009740627 -2136103528 -333872756 -1603348241 -1624475525 1728734585 1626427490 -712092538 76673838 -422347916 
1636925793 547034204 233041870 1591868103 740509299 -1011783497 -1828982897 1088043000 866026178 2066459465 175131541 -39705394 -1409011286 -1350599197 549694986 -1667090014 -1313204479 1335473673 -1708306943 -600841382 431405756 -885586397 
1758395359 1121053194 -1570130470 246869856 590720015 269561796 -1523681215 -490889404 2035137917 662658652 1138738400 -1025407708 683984805 -1127632916 940122109 -1931551689 1231458011 55244648 528833817 1453126634 -1634007677 1910882909 1195964188 435539983 



956815248 1144324450 1324232091 -1561698746 -357060693 -274912062 2022919505 -2063955757 1968076805 -457699458 1593402614 -1611013555 -2064036122 2134328821 299104831 -1859245957 1479870284 -1091452781 337702760 202357952 -998785573 -946118477 1684599934 -1948313492 
1048339847 551881253 -247907597 -1112129855 -760702105 -373878373 -1489580338 -553676608 -83806630 1042205769 -2010917149 -1617466566 -324957887 -1146902302 -45515934 -1098337963 49209914 -1706609474 1245056789 93835633 319338968 750141543 -1193131651 -1075609588 -1434267687 
-1351986676 -1000942877 -1542684273 159856329 937628012 1159016085 399677507 1313964912 -503234311 -250304962 -215573345 248359662 1293862269 -2108149120 -1869223501 289420601 1275459307 -1858719812 837682254 108975813 -978869146 -861530843 
121823506 -341573794 127670413 1233621005 -1922732109 -426750099 -899639328 1410748962 1686828893 607741424 1763230462 -1696183510 699516330 435493609 245875762 -351450077 -1838529108 -270148613 124962151 -1479716455 -329332733 849531973 -447527586 -278571640 -445067400 

-512398736 -1989814041 551821710 -266650021 -1253837506 -2135065260 2117330858 -841492051 113653711 -321721106 -1605226151 2072372545 19489557 -1576323721 -1274287079 1760924353 219427762 1697027908 836303873 770071226 1464659569 -1760182454 1440741667 -1163842331 -1974006054 -53402249 
-1007253555 -706015050 -881415367 698531994 -521803743 -383185236 -1780232562 -585575576 -997024237 264658218 2060968297 231986730 -1440880652 -713185102 784655966 2127641163 972589875 1497697791 -1146331056 1895294459 1751076365 
-846041358 -1971708913 230775542 1059021001 -1011326248 431327538 -2060943324 1041042228 -461975142 1259499561 -138244995 -394082522 -858960373 -610277805 1230838930 433279396 -1327347749 -942509655 -136174069 1024346927 816491701 2108033154 1490914382 269563624 -802439507 131601833 -317707949 484288999 -1192148944 100839951 
1077876259 550467824 -1863828428 -898689492 1931776576 -1512897228 628552935 1476622950 -1319845767 -1201184112 -1784080445 -49852586 -2075820620 -465170446 1289151222 -1295048921 -222442633 456827179 362081584 1258213208 1610086900 1682826619 2083624192 1496348408 318480869 -685828095 
-1646997520 129139190 -1805242033 -2040070781 -290089216 -134696382 -1170606357 1197479713 -602955020 -1887010818 1302574912 1350050832 -288608720 -1060458512 -248354976 846668492 124650234 1624800380 -33884683 -763903207 -738008291 1465976774 -690609303 -1965129116 -220181199 -1710320722 160272106 473158350 -1710456092 -1616800329 161964513 
1721695576 -1331635343 1043584528 1590777158 805193541 1047756294 856679613 2095865040 1400588996 -198370165 -1646994288 -860614564 1413481798 1809276196 -999249700 -1926859421 1205569322 221130364 -2045857151 1987077792 -1540051751 986700928 11553157 1786188746 -1831253128 1795979857 1677835885 -61016782 -967796493 -103867030 -1939971270 1524380042 1477467932 
371678119 1595560050 -801051336 1024703354 -23256039 -1789874676 -378613428 1444156974 1894441242 -1998450927 -1292427404 -582304694 2101792325 272528272 -754103126 -257106454 -532788783 -1521845793 -2006336296 -1828660087 1100607876 577217471 1679508386 -1170281868 -1341883577 -1163626312 -2043591339 -995851019 -242687662 1738045828 104974294 33357475 -1515651139 
-1934286347 1080029038 1377830457 806304860 -1122205249 -262624981 1053288979 938681667 1654337465 1061423844 1676232860 -1854802964 -93153445 1172593319 -1998673925 1352240385 -76151284 -1741992398 -62263437 -755697969 -1999384307 1993412867 -1228996311 -783282520 1644253113 2054194205 -2090748530 
828349164 450879268 1532354717 467311197 -750138074 1670781060 -1050764347 1420167222 183175620 -570430087 1529466287 1510018532 -1117144674 -884697365 1655845295 -1428183661 846415908 1599278000 -361468260 815895310 -627354023 636963580 12840875 636011842 2064002411 104170346 -903572886 -1220097680 252558084 -1059915874 -22694646 -1951509330 204017759 1991576172 -996759058 -85113254 -1471471301 -951851499 868012089 
1412774392 7369658 1719947899 313845917 -2011682147 157711106 -496241069 -1012742814 111573814 -1455267246 1866431729 821776448 96824229 565803236 2145526280 -1370041543 1805891017 -1814135291 823363568 -1358331426 -1482478162 837616404 -235506247 
1678424332 526797716 352653803 -1457836754 1873567078 -399965154 1615182969 -269756312 118734085 476796814 -1311249156 -150842916 -494312772 -1384719267 40825214 -1730533395 231397507 1840091051 902687958 -305994926 -69845994 -1239736590 1346247094 
2752722 -1520054959 1437625139 -1496030650 -1282631328 298149535 -316499091 1747460453 1994201166 -1911387059 -572682649 -1846044093 1697238366 1385391308 252976220 727946328 957624637 668995603 -269061571 1546414496 

695427431 962415396 -608625749 2096140770 -477798699 255700419 -778216560 1544915233 1638263643 1126919481 -355029411 -603873732 416563540 -149230492 406197184 -2099381608 -1414953468 685332675 473390267 662579293 184447589 1710419607 
-241054094 1132634894 1000275490 231107257 -2052528087 -1785067700 827186587 -1706296664 -325632591 958764503 -1438379634 1719102312 -1278230569 -1883595471 1333988758 578172767 1100573670 -968612412 -1241470670 -711695463 217143434 807718264 388624476 
-1567433519 -70310323 -2014650899 -1666248286 -521382071 655959667 -1808986383 407523532 -617696766 1195159831 20993183 -1536072447 728261654 -315096996 316919021 1793489924 1106841984 -1742567783 1426165739 572912679 -736546113 -2128475857 -1384638794 
1996084012 1700890558 1434585872 1003061457 -867384165 -1245189556 -494172905 -1144340996 -2065049452 -484004751 789281022 -1489095917 1903173308 -2051744514 -2056818151 -320111898 1285213988 -249585350 1291179123 -1417886745 962732053 997083873 743050233 813357503 -1919250477 

1456102500 377727474 1499404371 1893829123 -1092032679 -1917837496 53080402 -686569537 1030263964 1647738056 762622381 2138524225 -1790712737 -2058448855 -439168202 175810270 1807082564 -2131599721 -1731664839 262106664 669203582 -724867469 2078476297 -802801809 1501587766 -1147890333 -238010092 -1584470418 1288271348 -1048458719 -351106283 692539657 112089192 -2000785599 -854095328 -1188527903 -363116016 791973585 -1683952081 
-2031091695 -1468380922 -153692708 1452124754 -1745683841 -336105919 835664001 1704124639 1377606521 250641981 -2071694172 -981257676 -64888524 1074492589 1922671063 -1935005285 -1661916086 469150134 -400408197 1857627205 -1375482521 1133595132 796804201 
-1441687930 -912473312 -999750601 351329318 1226365189 -1117296357 -769780812 222736189 -940075137 1335174569 -619342107 587605582 -219178690 818542822 753719514 1877948798 -2137983053 1813768812 1419829989 -1656891411 1724329478 -1872732953 
244266056 -1904962815 -415366648 2000721208 -895677888 514598502 -1741307450 659392320 -1943172852 29132207 1607196787 -892360646 -1017266413 391478315 574583940 228057322 -662600564 545024425 1292648546 -1528638071 -1420607131 103569178 170045028 229634667 -1745633891 
339704234 -1388481614 872578843 2079719538 1956111740 1521107314 1083814814 948427422 904805305 1341960316 118197756 -1014163603 -2046472876 90090887 -871676164 -1417669501 -361121096 1320997399 1867217624 542730547 -62575657 137391189 -2045602625 -236810196 
-359899496 -704955583 -8115857 1223697841 666381775 1333142714 1645486935 675991504 -1704849462 447551506 919203313 1791830905 1485537754 760715436 1932841752 565220937 -651541070 -1935731539 -1838315027 -9876261 210286536 -1996465172 8436244 739179678 2039831064 -205451061 -1234923520 928800328 1127823464 422798216 -1621028308 1293217957 1735374909 
731417951 400651529 -1034493268 409031558 387603924 -1993132067 541717533 1483477937 -1655505171 -1710382598 167520692 51569265 -680926903 1762829893 -2091902004 -931142960 1848826880 -652725794 -320397025 -572831818 -1590326195 -1356319033 1747879348 -328015701 -1789882585 1946812213 -1503373841 718098755 -351492812 252716023 
2026708275 931420616 -1326840916 -2112736071 -693481763 -597002282 -533021705 791245111 -1307812757 189264732 -2135263087 -2076385548 -1902430138 1252763769 -1320855459 -1226827804 -1071448840 723263608 1611959061 -1866108309 -648474011 -508705290 -1140791468 -633053192 -1322568966 -1763970127 -138897887 695697490 2100725519 -2050914365 148299810 964781593 -2046160743 -2102476054 -1532927409 
718226558 -1798376417 -1629293442 -199765697 1795459921 1159355485 1008150149 -1103014911 -2050193045 810488024 1004066691 460446503 -815263962 1967482185 -291275898 -68578992 
44668308 1714976093 -1015099350 -790154902 1584558893 1400096234 1692556175 -1235891412 518503579 438936910 956054589 1709020070 -188903599 -1484801598 343678378 -1483331304 895794483 1198879054 770260176 -1709099168 1238749682 -653035360 -23840251 416386328 -2090246106 -862790506 463785676 1542771689 
518357179 -937607494 802436897 580523841 1239740679 -1951426895 56431630 -813079072 1715227300 -138214701 -171832836 -1043449894 1044777507 871352871 -494120102 1165402757 474368771 -838823979 826548939 138394578 -1163659303 774137010 -1075019395 1628406003 1254361499 89687455 

-2005598640 -1650751678 -1591090371 -150855447 -752659333 816528079 928350091 -247192741 -1675091580 441127442 -1292474616 -1474051416 -1884756164 1665031486 246032672 -515235824 -809298146 -2092234852 786465637 -1872718312 699076523 400335959 1978166851 -1041777535 
-1538569678 1395605568 -388658960 -2092811795 -2115046163 -50431944 1277001509 364209059 567036112 164623899 -1363129797 -157088044 1140039025 -1767660889 -1916214454 -2072938865 1282851969 827883347 -1137910165 482294862 1742122507 -1951587510 -1126900323 
-1998950567 756788377 615705525 840569129 -398261417 935196674 -871848960 1737333347 964902104 -2031836638 -1467366646 78342401 1327462050 1858572626 981925531 1768551033 -1005893644 -294899129 -1789271718 -1800625882 808453236 96612755 
1182284292 1219940149 -177986783 -1734919808 1716448714 924426736 -151312288 -936337582 -1972969321 -1535658358 353325659 -506319074 2112084041 1092378361 2014812942 -631688181 378296605 -32593736 1820176326 1083434682 1451367669 -885867141 -2013233706 -278638933 -2032607464 1249694622 251299273 273147854 

-1567050565 1114549105 2103578169 214636427 1705556656 -1622266838 -640877906 1677872293 -1796872238 184696862 657045448 1587075022 -1518287671 -8223855 796436227 -627108886 653068752 -343292230 -1109243756 -834597473 762055811 -989503958 -1538764109 1076846584 953347557 -1262100936 -14179043 -1005848356 
-1932187998 1669784416 -1383287583 -1563055468 -753266922 -1648886535 -247818755 -1185180570 -319524602 1237849900 1748523802 1668570111 -1476806532 408063591 -1006638301 139153769 1059982492 1990962580 -1228655802 -1261498733 793321956 1999600078 -470519104 -1284744927 2029555975 -274827719 
1233473040 -301855355 1563997984 -1728151432 -1696642696 -1231010436 1730662445 -1507292808 -1612805913 259065727 22278374 -224538299 -1991414515 -799771410 1135888117 -2101768697 -1275564094 -611352548 1350934913 -1123120246 -618665354 -1734341422 -1034285129 989985468 -840420132 -282796343 -99087580 -1061718098 
1488384479 705055424 -1180083494 1382795871 -294566064 1458407477 1827391756 866626736 1568912910 -1780495929 -413000384 595828984 1556746939 985431855 -1621177008 1691045960 1275785330 -592718421 -1875598187 426093986 638515545 1484617625 -1046636936 2051317346 1319281610 
684506209 -465423876 1350496130 -934485675 867918692 -1084682682 1566206446 326374524 -1737461236 586575373 -1372180947 -699551966 277622527 1528453187 179272596 -1181937293 -106427366 1913921908 525177894 479225999 184799414 -89181142 -508341781 1409938940 2045721048 1024432673 353335619 -1290297678 -560890856 -244818750 981420757 1067584185 1889997073 -1156578409 -1986506999 1928779457 
988267967 841268401 2106708969 102861347 440716203 -349024159 -875596654 2043322957 -699214151 -664640188 890862155 -1298555768 1345804945 -270057509 333530316 -1065093092 -945949920 
-456117003 331508064 1213305523 130389035 864472178 1766597697 1311867353 334140957 -551968592 -1187544123 -2050813506 -1469667172 695406849 -1278044332 984662649 -954523965 -874053662 281668926 1009428025 408398712 -798740264 -387682154 -2005854840 1605568383 189506874 
-2098173690 1266116689 -1267789688 1404552521 659627467 -676179394 -783360672 1092427502 -695140542 -1046242757 1181819280 1256025800 995406866 417964622 -485138338 1575740252 -1958320157 -1279292568 1936128444 523960885 1968354549 -1355444028 969198557 1016663838 -1441546351 641332176 163172889 304206447 -170978447 -418616788 -281216264 
230804316 -2043130683 -1053910726 219497283 900670218 -1854337734 1083065917 866758581 -142896636 -1407896197 482746115 1548853453 1823619217 945311944 -802903295 380514207 -451253310 1213681065 686837154 1407799702 787586757 1534068779 -480611199 1093947902 2147192639 -1512635321 -1828478172 
-574986213 1617530270 610811374 722796575 448889911 -1349626766 -52404614 319500727 -183039929 56489734 1930461944 -409356288 -1888304784 -870997040 -1294668423 969782692 -999937014 -296116835 2093886702 -167189956 1845677119 -455386888 1431955451 -1344859939 668400622 
-126575732 -1706645940 708356337 528173484 399528888 277104817 -720421269 -1897336299 1065101806 1205453035 320454935 1282675066 -36535285 464857633 1470575647 -322284655 1154858667 -1648586965 588248008 -570323682 -1676441064 -1659382146 -1469620024 -1513149993 -1623753917 -1933091530 954756904 -1430992005 542747841 -806086331 698915199 780343136 -393218589 
-45553168 -1319643289 172982228 -350968226 -834212321 -1786658406 1595367762 1622620568 -2056216896 2083148178 2097990454 260141903 978489607 1593083524 1412428020 1992503931 -853438641 730813811 -1918725013 2136341021 689530839 -1054690753 340822327 202988791 -582937410 -1758793662 391865178 -1934680386 452209883 -959015439 392994746 
-845701941 -1999511278 2010621335 602719751 1245383786 -2085164300 -739789319 1012662190 1886306485 -697389010 1413548690 -1494584002 -1764088324 1612028889 558308683 -1372215473 -108517938 -789212899 834887798 1996067519 1328540035 -1707422248 733716106 -1177320776 
2005944383 1853261493 -1070073586 119891575 886985900 -1950188296 1285130967 -1711240910 -1056861797 1287065653 580518410 -1929957150 -1738186236 -1081397769 -1828783815 -820809717 -658018963 -623050298 162332924 1916034743 
-1209969982 839821136 2069808315 -1393033586 -1789571620 672275184 -1861286771 727937653 304129029 -1288374227 1382315539 1760082887 122356071 -147659939 
845196320 -830783949 -1563641569 -1194076976 -411357904 375106709 -436206867 -405113174 762129015 257751445 429847792 -448051235 -1300168719 -1327305090 -107978864 2103278683 -142869230 -1711498708 -1545887701 -1041024012 -1217311935 -2029748276 
323268313 -1937362844 -1623841268 475542282 -863124121 -1320499743 1108354775 407519428 -1502626775 555970427 -1781932069 -1264513879 1295820609 -384096599 182448577 -1089690941 2098929690 1018994140 -113937403 -499619701 1712733993 1493274582 1978435553 1287247647 
1427988956 -402842505 1323590748 -1973295887 2043118829 -1106227281 1664386084 362516834 1802711236 -257400492 -1727527774 466415419 914176133 -931493037 2008806828 -950173443 485901015 1445549486 -732554264 1582862314 -1966663274 612086064 -577676035 -875160286 
-859098577 -686913231 924277116 112328324 39263742 1810705916 944756838 -405530613 841015998 1241898845 -38834258 -1213106190 -338220794 -2109997150 -219672282 1005750196 135986050 1831385980 738788364 -1248464475 -699441143 -1599035390 448373983 -877311451 -603846412 -1632902944 1854914147 830678400 -1982457953 

1698369310 -1287137392 896565333 1595055224 -2109479141 815903291 -1109242192 -1669023059 -1976301736 -854405968 1404826673 847627129 -288308214 295892771 780748536 703251931 -1983406001 -1319133097 393573754 -1649596011 -1608333256 488424544 -506940015 7914924 
1408836602 603549194 127131480 -12841566 283793408 -1919767671 834917418 -845262809 1785916295 322225234 2051816132 337099415 -1859868109 1828154804 -1749805226 1855174445 697615884 230715394 -917763617 1598656714 630707836 
418089086 -587599189 -1861606492 -1032717153 2097993920 2030664675 401340756 -47205924 -1943005992 -1877101644 1010587706 1840367120 -229376363 -1989362922 53267867 1364068589 1375117011 -702460591 -1340511799 -1417451204 -879985111 -330069575 -1983964423 1449102807 855223312 -1698286870 1166268785 -115811283 349274713 1823569861 693527331 2051547848 -7960581 346602011 -1612768480 1079569106 -771142477 659460515 470071037 -1904735143 1424160289 -1940736327 -1922732658 
1790710570 -875272188 342293155 -1332319558 -1547946174 -541528408 1470617373 1761592879 -326839714 -1844423094 128751106 1480940360 1310433052 1752290404 88982963 -1382395530 -775523699 -1518987385 -93481363 -547558160 -1085033501 -374616482 -974027389 -1339081392 -756307438 -1591708211 1776386667 -1616266329 
-1496978445 204646215 999065759 587303146 984576477 -872262775 299821865 -1127304948 233318855 -1490636398 -116693068 432185137 -205930033 -1315404749 1383815726 -1546050203 2022342107 1312522182 653777163 -1013207458 -397240323 1080014778 492323307 414079324 1753457417 
-1959256819 -200754835 -178918151 -86199325 1943654147 1570643286 355241377 77004891 455314682 -1296485004 -350573359 1108014831 -1087652192 1810392228 -1625758028 178606070 1791407833 -951482212 1585842154 -536801615 1151220822 1168366262 -2093664471 1702514250 -1720818559 -741617497 721793431 -1076698842 1703632229 -308167978 
-1793682467 -1228274243 2081867914 -501375706 1069439138 -1055672197 1568850591 -1847527732 -1399348233 -433163654 1986740781 -1510880232 -1955527541 1567061296 1789859819 -791642553 452976583 1312350386 -2109506159 1397459923 -468000947 
-1605906651 2093330122 -1098129069 -1153802657 1894234784 1770554432 -267576216 -1454793549 1567615076 -2096399508 416585241 297139885 890498364 162268669 2038163587 90025014 -291519126 960021234 1858701467 701017679 -1901660763 1931130692 -1327716936 1060448997 
1705609438 -1035640849 -543174926 -5239189 464281462 -631953541 -460830780 -2097615349 201025100 2003299494 2044535777 1334413008 -1332738783 -1684532027 -1793241395 -435823384 1024913076 282200180 853003106 -1831102763 102465269 87980472 1756241303 
791458904 631838035 -1259136460 -461614820 -813017996 -1140547784 944231483 2014254063 432146556 -1254905512 -1974737683 -1113832367 -1672381724 -1424027881 833334562 -1532613660 1597550899 477855439 521995004 390545022 1746777283 310559796 -94017034 
1331570090 -801094672 -2027164058 1501193234 -1343173645 -1562451557 -2093359150 258064741 2074036219 732047802 1533224626 -1450369406 -479948690 -542221313 -1907936741 1303897165 594524908 
777446379 773321467 -418477290 -1798622092 1768016556 555245493 316182533 1142781205 -1920099896 -947126434 -1706687983 641838127 199617551 750009738 -878894784 -183272099 681576118 121353020 1880312220 130374220 100274855 -1405540010 -530578370 -1396893881 -970153852 855560860 1070592712 494306586 807904272 
1601959792 -947301331 -1315423490 483475657 1095391606 1494329153 2071157035 1728982699 -1764117930 188300812 -1747329521 -1119890567 -87617767 -963189002 -1144138626 811552999 1032788937 972689007 -1773840791 -1331195607 1672336233 -756476774 -2124571854 1663295789 -400122539 
228860064 1863970480 1135377923 -1180950117 1652351295 -1871631700 1428430172 214929153 -1898069342 -1539867140 -2090398078 1993508489 -1503929635 1151261891 -1332915244 -1280279999 -1629446596 -1344480650 1730571258 940519312 1101037866 288944248 -1641074927 -578375438 
477042924 94496003 2129574498 376871442 995060110 673591074 1642700761 -1759224154 -870070520 -1316042244 1139664452 54291280 -44626030 1495305901 -534331552 815809978 1199840352 -2056036648 

-715096354 -151130978 817918809 -1180880902 -998661175 1464349415 2038525741 -421561508 27343412 1392575652 2119879091 -1411497338 717010747 -509036633 -1705931114 2053072617 -128144155 -1496766174 443254746 1777465219 -1119284681 -180642511 801715155 450713875 
-400366050 682904935 -1993505499 1335854577 874620247 -846211314 1386369320 -968157830 382867226 -1802385880 958990898 -1132121999 36374146 -721664704 1549277113 1794407349 -1181550433 -815429507 1739492784 -1914125579 -959751071 -282104421 746764750 -887207506 -295581758 
-1547089472 1123942094 -570668621 -880093437 -835810043 1742565512 -19800148 -1101180384 647859136 1692750665 -325465798 1854927965 -359296243 1851767912 1979239408 -44644617 -671281389 -1881161700 -742965024 -602868838 1076503586 1226091137 -1087753182 
811281943 1621363193 268406830 -267030413 -501972024 1075027119 2073709569 -1043649953 1647436743 -532831575 1076685137 -1259671262 -82062871 -2109049050 2020751854 -1939522605 -234296640 491346915 2072217909 -141684966 -443550201 -1609544940 1921956808 1381235898 -171330716 

-1953854602 836313881 -1637940319 1057787298 1233344075 1774524164 -1238590129 -1093655306 171179633 
-306804051 74785135 -1545485982 413048021 -1693448379 142657116 1828595600 1866569876 -649210396 1372589868 -999834265 -600208062 -255070178 -1260451742 1097149700 1907498522 -1221124936 2114964985 -1157827289 366494148 -1437138022 -1322049228 -1895795253 1217575199 1392390215 -1309308330 -1362467249 761222127 901695392 1709660489 -1120333735 1628384444 617298782 1110346547 2024191119 1845246748 560328035 795469471 -852563142 -503885392 1118813335 -1943267495 -1867336556 936711308 516670698 1274512909 939485545 1332571826 
-1050484734 -1811317912 76108992 -229550821 1256155266 -1026690586 -914042842 -2052198818 1433823482 1623409373 -1759721720 856534753 1401484103 -1809337735 1346895815 1847825240 1565405720 -1170188417 1956314629 1036830919 -1655557645 1269009290 -1734469654 1178186680 2070219550 451933985 368280314 2046252575 1062827134 -520522853 774687545 194921583 -1884827659 1560177621 148409129 -1166224459 -2030564042 -1390462120 -867233610 -1511644760 770813678 -379448332 1381331152 1026023438 -1211720485 473865561 991149322 -1312450955 -1494016454 -180160648 190081031 381102430 -404140721 -1356930413 -1815042414 1716416971 
1477293297 -1468075473 -1481800812 1498259247 734890901 -790338353 -1920705195 -387530397 1039051972 -565389842 295252594 -1559518384 -1077665962 4647456 2122299263 -1997981852 -1259184499 -1891684056 1688197337 -354185795 -2128587906 -844984977 907144201 -937315079 -375753097 -634728200 -1671377936 1375385352 -741880115 964899040 -1372512460 -912786179 -1163854905 263247185 -53826237 2016030939 73095064 294543749 -631706187 -1134923876 -1250806015 443530736 1386147219 
