-269490098 160569696 -1831061887 -1901546556 -1199878116 2006704514 1466524242 936477129 -880652470 -696558386 
1227614208 1456407079 9788827 -2065466227 -887664735 -658705177 1785994197 112696786 816179153 -1445085792 1934936352 
1851710508 -513014854 -1280174656 -1068969789 -463523913 -997526361 727327894 -2101188012 -685588705 363364418 434829157 -73463960 -776801354 896840711 237287524 -330243624 -346017068 1394389168 1587328668 34263842 1409131829 764876112 
121109606 -1183952003 -1798486640 1387451026 453156627 812489511 -1649420258 -1853356523 -1103063780 219718022 -857121856 630047973 1246513548 1411708148 2114570644 -92873040 1739687214 1584249514 -963634357 1313071973 -1053819867 1118494995 1424187830 -1711438663 



1177914602 91383310 -1534332843 -1316933364 2065933009 -830360153 694547629 1391815591 -341819395 -1400298103 -1222974618 907656359 -1249994940 428127379 1254663528 368737948 868261340 1314105965 -963157751 601304591 -687502556 1844998778 -228452008 -75132084 
498551919 -453476311 -977850236 797645927 -1331460917 -655063337 916536499 684269312 -625845868 -720963190 1645373081 -1439688145 -1169105955 -1174398468 1052686245 1203320344 -1557101804 1802724458 1306805333 2015608840 -1922344270 1560044877 255455299 1038734560 640558099 
2070260209 -902263830 1287864140 67141652 2092296422 2004026767 -651387749 -1344434334 1171546105 -319390564 636805111 315390869 1035437855 -1594668658 1545114196 2009929665 1512418599 1518072492 711500201 -1443907689 -902278807 -2127049800 
803587439 -526596774 206641940 -1363479664 -593942478 -1499668316 960450202 -150081306 -2075769030 -710595916 1916489588 -1643466559 198693124 641843607 -732570219 -1395269150 1361555359 -583896172 -1757011002 -367055669 200108126 1508658887 543424821 -247760948 25547345 

-399226303 -1169212163 -1546095458 -2095454584 1324248752 1200601335 -1741116060 163163323 1652943951 -141122325 -690202231 -1921210746 159067 -1556504175 -1636648565 -823278453 -1993387397 -1253569183 -1473511720 204460957 1752286564 779152901 -1186682030 -1868385959 -1774034617 -2036324253 
623330165 -1247777101 1090566004 -1703363838 906533624 2020430795 -466275042 -18328069 2091962719 -471009573 -2069874351 -1741110647 -1955447717 -1890013159 -992201821 448961012 543399683 760564993 -651645690 -1431095589 -938710030 
462813141 1785060158 2072000182 1477230792 -1979380900 2124337340 2144986093 -1725179835 -731652204 -352728576 -1384384831 635149732 700642825 1975896357 1583155501 -35086892 1834509323 433950643 397631558 -168205768 592369921 620698289 -1337131873 -638520317 896918130 -1421809899 1576383 2021367789 -696733482 -524568794 
329864245 -2075710021 -373938152 -636245238 1163061026 820099392 825902236 1660895480 -1556638290 507269329 1710584898 -1853402447 200567055 -1164859275 123575211 1807229119 1530582419 -147172365 -1838748412 -300031017 -1572159211 2114171658 1400544160 2045646032 -1763251945 -2110862925 
-956474669 -999788901 1264071556 -1768881342 -2024474811 -871822984 -1532433869 1772691239 -512654909 -1109965964 1990464600 -183121089 149234661 -1682758245 1486804326 536714098 1976566110 -2042774556 668980683 1608106179 -1734973229 -669605213 1440252965 -520108584 -726034502 1995131939 -157644600 -865037021 -1534907320 2004543233 -2143531031 
2066037132 499029494 645687233 461164361 -1266395749 2075821541 -679377093 -1440180773 1579444785 931179098 1187306216 1975946601 1924933837 -338137805 -1987670170 439131849 1566553972 1384404052 1148579546 1359589008 1764820278 310037405 1457824487 -160224357 1286586730 -1898201959 778142846 -128272408 -1356722941 324888122 1059080328 -55057948 509561295 
2014709885 -2072148491 -781075103 1205579381 -215591509 -1338282511 786582762 1902729284 1310469663 -1324858603 -814358295 1895975191 237873465 1068719110 1168114472 -1890773246 2095402757 410053709 -1972574899 1790128623 -2117484815 -1192505569 -879201507 -1324854375 942500013 -555421908 763952933 942502789 1709843215 1812457711 -1122797049 51082202 -342383630 
-1129994405 -1144037582 1005917500 -468987943 1182028011 1764607585 1211632847 317069836 2089219616 -539976498 1050796756 265256847 1688430587 452209942 742180150 422712272 171568540 -1737645192 1674377151 -457337397 2059286317 -1040149005 1306552819 290288915 1212456903 -1713174829 -858950476 
-201308797 -1471395998 1802635578 -905065161 1958236918 1070190519 664028672 758659548 471777860 152261287 -581286400 -1733116149 -1714131756 -1635647469 -2142114690 1632828611 469983643 -1682812880 268058031 1556371186 1027608010 -511164544 -1273789906 720217445 -237624279 -457677116 -1855438049 1626998031 1300446824 -35902756 -547340389 -1789663425 -1116311090 188397462 427396402 1527891984 595086093 -776201823 1440705678 
625519567 1302172211 170580251 -1257726356 934260669 1964677143 741878882 986445310 -432159627 -1779177765 -135279071 -118261574 -1591095505 -1683700248 -1029613832 1665361794 -1707517245 195214562 1409494614 -1637160741 735319691 958987625 -38404729 
598468164 -837033594 1294824604 -1063942919 -1016266710 312250743 -452134340 581822446 -693494400 1480044391 -1986332535 -1938115904 -880465873 923475379 1242822483 -24653152 -2124308527 -747844631 -767926158 -136234009 -2043980263 -1477068792 199225099 
-465904352 -168202985 -46459364 -510912654 748018827 -782468175 1249682414 -585792800 -2136145927 983503785 2038162783 -384178131 2027283231 1749462059 1629402269 1787496378 -1047425571 -931006769 1656110983 -1488441612 

2045910686 -282987921 -1795601387 590181446 -829357950 1803595031 977197748 1567181342 -1975251427 -1768870391 -712687059 1871025366 -564364549 679683235 1066822802 1033789177 -197652331 -500991587 -614283841 -1626964941 -2087798350 -1782923661 
-222853282 -1890683336 577629510 919710471 1527135894 -1399839229 -411264428 2101532739 -1991824237 406770442 1127327478 -678393909 -61308229 -19937298 1264016372 2010887289 1792607728 1335229543 -1680903394 -548238088 -56888095 1952958983 306326819 
1790534408 1555679245 2136164264 377742939 -1726809478 -131568553 1594498490 -1992456834 2023858037 -504251271 1074111389 1812627194 1338271630 -1177498915 -1947375010 -1677076399 64037297 2020672024 -1446309481 -1475524160 1362887855 369301602 457786792 
-1469825837 -748413974 -929525154 753052504 -1376345154 1752499121 -940184355 -1279194059 -1422005067 1278894774 -1869581387 1130091475 -773344642 -2067484478 -9126725 -1846977043 366093157 -225297580 287227134 346816696 -1881831465 -1663424893 -836924537 256972438 -1296360643 

382947999 99626995 -1288341074 -384929226 497229462 -350136312 2142770450 627607175 -1522258404 -1081794720 -754405847 -156589740 1584415427 1423560324 -1369582353 -1197876605 -1918656381 -919317222 -1200970907 -844602187 -1527588803 801487920 -661521163 1656633116 484512311 -1577714267 -1544941684 -407393440 1022194860 -490794798 -1108311533 559632541 -261330164 1927851368 822937729 -503976446 145892765 -662988410 1106505003 
249485055 -539431394 1522694131 -203280839 -1994630606 -1194846648 2125118412 633793001 -528852950 1456206481 -643817573 553496906 -656202707 -1974318319 323125613 -1803530868 -873608930 510809536 618936134 850274043 -895835974 85051675 -1865575606 
-1758304451 794863894 -2097833882 -1357358483 1299270309 -1925327793 -1289950559 -1832110114 158880329 -1213372491 380388281 -66926806 -1661711866 125742871 900086012 1534750503 1382765736 733994489 301826657 -312386771 36204869 1385139022 
1802270054 1015886173 -114722902 1978254603 1949567032 285041387 842446027 850063171 -1766993015 -2068269117 660109742 -28416180 -1766292712 487123585 -715384210 1889252167 -1850147164 -1139704777 1330545828 -339210479 -647042690 -1275564991 1274622103 1573403065 712289109 
1771764366 1992965413 1793646894 1815073195 -1119203320 2136853144 -1165908599 -1367784101 -728437384 442840854 -1392935223 -23586738 485416151 -1961095195 -1399201009 -1969930117 878290146 959044072 -350820173 1286144504 1463925205 451668681 1921157522 -1579726061 
-1981816992 -621327821 1540513369 334655927 -1144520407 275376526 91598484 -1451794514 -298768306 1335688929 -1275839834 -96357023 86245371 1664754871 -345259695 1748585181 2036844258 2010647946 2101680940 1410220604 -118417974 895119919 266330914 824366494 100996612 -1533231518 1216203214 -2044765924 1987700776 -995259856 -1734038168 1386118204 -55332131 
-61515284 -2118031210 -215795261 -1887795221 973634999 1380679801 2087083971 80097010 -520015494 2034418517 53692359 -1168104759 1431125668 2111881070 1339015556 -301666672 -2057489536 66538857 -662825068 -373697848 -1654899231 2147360517 1733451918 1755137867 -1165977901 -226905741 -1315825636 1489663140 166087088 796247278 
593802146 675506246 43447075 2122189535 -821920630 695143212 342480128 1209537477 1946667958 -539380703 547528747 -1183220327 -278919553 -2083823470 -1125881874 -732579335 -1482926746 456035204 -1334798834 -111184773 432069781 -999409506 1443068356 918590047 14342915 1554246947 -853017823 982940618 2085629566 1776284471 -606214566 -626197628 1997129441 215052989 1881151009 
1887874022 -1717555039 -556983308 796910596 2037754369 -1932924198 -1166804439 -52079833 -932999513 -591870387 -230750467 -791393397 1344556904 -1693102957 -516172068 1654178229 
-200045061 -249831464 -879455387 -1749783441 -1753198415 1195919648 -296991874 1444076568 -1386800426 -382026865 1814886295 2083029506 247911171 475068318 -2122432204 1802797052 -1013884673 1393903627 1559649108 -1255960764 1871477513 1750928841 -88615321 1091531610 819216066 -671243793 -95213585 1413688483 
797727572 -1851684470 988476446 -2133783728 -451792626 -373681149 -318342035 207560550 191182050 236307760 546118298 949496419 815247099 1283416747 -1021600753 -989732 1938241072 188431168 -1348846941 -316568193 -114437038 41776699 1207488644 1268686601 450137966 -1672644227 

91520701 -697078011 797507243 989339163 789615689 -2139972240 -1799992635 -160265455 825435130 -403474422 1290058289 1814454188 -522010131 1753848191 648539952 -607690401 -919421210 -1584381737 -84968124 -1403912867 -1103104702 1078068084 -1350870258 -681502998 
-1627918659 715676482 1785160656 -1276039884 -100619563 87417601 -858270105 1436398347 1119337819 -493237309 1191926304 -1347095174 1034090167 -1685475194 901042742 -178365353 538354533 1713554300 -1446965008 784693153 -1451259041 1364849917 -1764481098 
-1476104161 -571416455 67011705 -468526857 111587586 1703523784 -1219391566 477888692 1464636184 1396556870 -1100494607 -2107171391 -75507860 -473269472 -592242614 989079404 -782219141 -748693022 1114336140 1821580076 1488866163 705341842 
-1134626736 898047323 -1397125959 -864769404 -1321971310 -1632911014 1800392194 -195279105 262146099 1510632060 -1364114610 -1300960395 -1296328152 -1909104559 -68412901 1182161717 -892768807 -449888991 13852461 -96975095 210132059 -233467951 2099877791 236255681 1055847119 169686776 710003169 2007873454 

-497334266 1307054538 -1638555765 -858857719 994211798 -1508207451 1412517755 -891585756 -635813789 1402603446 1498139654 -602700971 -1881154378 -1086181554 -670484197 -1485329406 -1759550528 -395593004 1589973040 -1035778805 51521568 193620712 2054204810 -1423182303 1692154160 1555891285 -103191241 1007891766 
559615922 1671342929 -76353876 651601223 1938859890 809778141 548248330 296710505 1338474988 860698242 -660246417 -1218813229 -1118999557 -1902926169 1837602037 -1957871255 794509066 -1349799346 901306295 -892375238 -2069171221 -1978810505 683852467 1562340066 -1348688180 -665550402 
-509653193 925325437 1641898407 -39097154 1633631553 786332062 629931520 316541353 1470264738 -678005536 -32451815 -399129159 1327789729 2002197308 1536105971 1995392326 1828864194 -1101813688 -264810180 97855736 -560782465 1085319605 -702808184 -1068353276 351768773 -394125356 -1447916619 1729645835 
1411300652 -1906464584 2016164817 866626957 1177788560 -1974138580 75724090 -959165648 1768528769 -1981260603 1237538609 -1407405274 -1774767747 -104758432 -806777638 1786832032 612207160 1343048328 1645314915 1975873025 -1877295338 -162618205 -1415827195 1794225135 -298167357 
869676297 -570563287 -1902259574 631382781 -1932062924 -1660442905 1569688154 443860819 -1851353537 1528876730 1718849829 -625628262 508400178 221756907 2020794772 696262233 -663966390 -1501982929 1010432228 1956256828 550946495 1230671671 1979844988 -2011453247 1130902506 761830562 -980759226 125982704 180981949 855965034 -1359675213 2013188038 -616985500 1186505331 -480934958 911490569 
2003378400 -2002588094 467713902 410850607 -1188397346 -1732210196 -989906639 1505424602 -43415625 297617267 833354306 1006436750 870548568 -1192746551 24446364 216017968 1603374334 
100657017 -695216837 -734338789 -1862345224 -1608934891 -604845162 1332159984 -1207181301 959009973 -8026460 1150420071 321631290 -1226180316 545334072 92447750 -13052525 -246531807 -532398811 -691658336 -1059882255 193089050 -1033172255 541100364 -686590347 -803549652 
-97509670 -469273614 192102620 -1164739471 -1389435449 560230539 -730085059 -486813835 -1059266182 19571044 -1810175068 -1277218386 111892642 -9713537 -1745364614 -1051095618 -49922440 -1571861375 -1513821998 -903904228 2005630181 -1483394341 -406979248 -1689342164 -1860204484 930010205 -1569225313 1834429855 -315433840 2097493671 -1525019966 
1048891034 -992128579 -1198688381 -1939698290 -2049642860 -1364423819 1029841352 -411045525 1646310709 -950398661 -175659729 141229663 -1519151570 -1939954927 -1535010897 -1076040537 -35084068 -1447503039 -1028274840 -1277773871 736151955 1753492272 33615219 653920346 202280923 -1368957122 1222656163 
1795827350 167038923 1420806527 -1260181136 1644291426 -666411076 1801545791 1413334626 730478898 -2023437061 114877257 713979891 -1199903210 -367315017 -401054850 2071327664 -1884011579 -849717899 1991596367 -1883092210 -1354142551 -1416201502 -1847605811 1558341981 2128467011 
-4628473 174183760 -614352095 478807774 684149282 -1677626168 -41424841 -1865496052 1579107000 -677740853 1009407727 1347918159 -1481612850 584829060 -1971188107 -809008598 1021597199 621192066 1001564909 1053702109 1671180605 866840648 1524302441 -125513174 -1515550436 -2057796500 441081243 266126931 1777955925 -1394614789 352980896 334782143 373476426 
-1673278779 9754171 -1179101947 1915460308 -987315121 1217506305 1250603606 603139806 -611521460 -1527115721 1392632483 -1929813969 -377521955 -1585922137 493736786 -1066938449 1286762687 -330941813 -1712211015 -1283279058 -1928789752 412584541 -974815398 2094576006 -906787701 -569202392 -971413602 -1863799057 2002962228 687029111 1472435813 
1865315518 -541820125 -19771239 445577071 1561421928 415589526 530684202 1740029578 1278178919 -310087690 -1030000019 -694982620 1110550126 1832201985 284110099 1656282976 -520072095 71618088 1426628438 319162405 -1845106138 40894106 -624846398 2014039768 
1434503832 1832267480 1674239093 -751390347 48628307 -965164958 -512722558 -210363000 -2008039520 -1142220752 -221806386 266956178 1209780310 1591904627 -510773744 699505374 1686082035 -882653243 -2116351384 -878911243 
-1675092082 -348312284 1180393744 -1522627261 1212549935 215230345 -174372448 1332094753 1054825418 1061511618 -237072336 369891687 1932542815 483832559 
-978126179 -2014107490 2089291857 -742739521 1222249252 -1565934333 -106560382 -1441942926 -323961626 445034553 -1905980598 -419654789 -1575337043 -1645096793 -356157664 1450514193 -161280530 838791456 -2007667008 -1999541971 -304717602 1348540994 
753012587 1659291438 1394340071 876184201 -1837848901 -1762071642 -2028133259 2022409949 338688879 -1567380867 -948578532 -2006563117 -521921132 40641268 -1501034954 1650562767 -563702170 1785944067 1769168499 1461413745 925410050 258805638 -626068396 -113796345 
224620433 -286525595 487925019 -1254332711 1204154407 -1530425017 1075178265 79759652 303586764 -936057393 -339849905 -83478661 -335437881 686188826 -275816806 -713955890 -665959344 607526242 -486369085 550663521 49808026 -576896648 1061968175 16254585 
-1962494219 -2098861416 1622667218 -614237559 -1033023091 634031268 1420429 1941893226 1485195754 -1201191017 -748377633 -640949750 1728302655 -1573727758 -714695754 145695826 340912863 1449824353 -10089615 -146617478 2093109369 -1657285785 610574013 211538872 1420355450 -1936498983 -899203372 1802973396 1813286276 

-817047336 -622012700 -1894731715 272994441 98840892 1745090217 70551621 -1834025433 541776145 2100442013 644979965 -798009717 1198740129 -2085579520 996820095 -218056719 -1408888114 2108022038 -643932725 1118223120 -1695953965 -1388239163 -1930928246 1880950894 
-87604528 -534539852 898420285 1417092979 -1651562204 -559276615 -949807315 -1622732837 277504507 -1902314894 831163602 188113879 585359223 1792287535 881830564 1938340336 -1339755488 -1833127666 1763253202 -121751520 940304287 
110972806 1550596342 1795171387 -239738804 -1657019873 1586892553 -2056803445 -1148423624 -429821918 -670797816 1892433359 369162545 -521909952 -299831602 1188274096 723368511 463752259 541431069 1505990036 1385691112 1282952824 -730747182 1112160576 -7114392 2008428776 -2051837424 -1117856195 754113718 -1678012286 831573736 1220227578 756944010 963568360 -2045731097 -276738612 -589668416 -1894393823 1000584603 -1851225839 610686379 -1252585781 -2058671054 185108945 
415588072 -813032613 -364961155 1501987705 -12219433 -119841340 -2025767911 1347347166 -1593030924 -1208222794 1056018174 -1889913664 1511811210 576909087 -399636569 -1777800998 -653013621 947756150 -201870109 -1935617674 -1190509027 -916254800 970075908 774440450 -1076799518 -1952472804 -968021448 1774857678 
1049033672 1523187620 1537811790 1806884390 -1555370798 1274920260 1149969963 -1060143663 -417227430 -1084525076 -1665296058 -374829968 -51072252 -1082054991 138860906 -1766766907 1952785034 -86494410 904851226 -830760078 -15855090 -623646783 -2082298290 -1276758063 -1356435795 
-1274351812 -1279674235 -1968442167 2103459691 -1799488393 453152396 -352040164 -1346630076 -1089181124 -153779786 -58833515 100684960 -1637410615 269967443 -1406173499 1759717623 -728669283 1262046747 1978966767 821515388 2058789978 -307129642 -887721370 -934093309 -1720514610 -1252433466 -579675414 1743864069 1011603177 1989032786 
-1937189079 1581242181 -56273321 -38787216 79189956 -1453970352 -423073741 -745525594 -403725523 -1554849131 -1193496958 853798040 1561983230 342779539 -1922587985 -1424545887 1748178248 -1563162881 2049209124 1394334585 1663443671 
1584709299 -837076841 157741213 1054258325 84651701 -1073128714 -1923741739 1998310169 -1430784643 900278861 -2045718202 -346639856 874323081 377005792 332416090 1524638640 -1574053618 1854104298 -560945387 1343215495 -1680152993 -1464924908 -925463090 962301095 
286922736 -648808773 1385192853 758917366 -749194242 -2100258817 663218768 -295136815 -1012251199 1400338650 1786999598 -1043409644 -717709377 268720908 -1436223004 1103021176 -727064623 2095057403 1972144766 -1053279332 1241535905 -2077439690 -1715935074 
-360506606 598713083 -1004921974 -136391989 -463635049 1306998619 -375923219 -1674575465 2087229740 845574583 -596767250 1997393080 457981103 166740076 2084587013 -1674764940 -762691491 986958348 123191949 -1912807692 -864699192 -297298776 -713408416 
-1800406332 661207558 -356647984 -942746423 -161393313 -1652925379 1512631433 740644698 -1596000236 -860314376 -762079849 723035315 1107814715 -120576847 64026877 -1765955291 965055291 
1625360936 1081524362 -803257930 1381039118 -489809934 -2126835524 -840528298 -468054213 1936077638 -229770380 998659760 949236888 -1209654427 -391292719 1732788526 -1222886668 -996670030 -1006873475 -738705624 241090462 488136224 -1638548399 -505718777 -2137984 -1338392534 1092831992 392549536 -2135078813 -1024959749 
175716066 637209182 101773235 -569837165 -871341014 926038124 1040465717 -1704984060 569896081 1289294234 1636719391 105783120 -575142725 1317349669 835176046 -1024926135 1629989860 -1674787917 -1755548634 1944127272 -1126164536 -750952487 2130070632 -955905196 390527686 
-1539863803 -1160704638 -263495844 -321120955 -1220712928 1950787296 -1254516976 -1492468162 1467524689 -1606269420 -235754503 2122110635 -317917570 1265407507 1100864226 -1358400832 -995486871 -959658974 930373006 1612036168 -1475856577 1606753998 1677626519 -486598479 
-723437870 2130893985 1990023577 -1011247191 -1114140001 -1385358400 -713444012 -1119858847 283913566 -57223587 1755833783 -1257189080 36300728 -705434495 1744059859 364665824 -96000851 -246260464 

1219008829 40615767 1508552922 -1675895609 1894438163 443729003 -180200803 132967574 -866775338 -1359893443 2054102298 -1000665593 1751766565 457773221 456395090 361966235 -1164743588 1041255265 131242155 -1945226209 1815474381 428519364 -1932585603 556906373 
-2039903854 1250701275 -855724074 1972326251 -1905283159 294831192 100225513 1876196736 -1068007095 97837408 1276518885 -73227113 -1237612137 -2090646921 -2051323309 -1649572682 -1020983372 1853810830 -918591835 -622087684 1614372662 -718666400 -702354128 1804909792 -1130318130 
1191501765 1061585770 73152819 -1143732343 -923369665 -1590450437 1360178348 368329365 405946383 1657923980 -137411577 2041855287 1696757997 -1992418896 323509970 1249393245 -723894091 -165465530 977421244 518008822 1563352337 1815665089 -1723448524 
1865532727 112937514 882800349 -681677388 -682516413 1058478924 -1829473218 -157009205 140771703 -961349013 177319652 1648606813 -1844611379 1734186705 239395284 762093982 1306503922 614664115 586590983 -1245145392 -1476051474 72481580 -310743578 2024558368 -1443237431 

229237114 -1842791257 -929111295 1850622728 1062516471 1254328337 154790146 307592767 831602173 
164330600 1175572453 -612945373 -115832373 1666342988 -24770208 -723041534 -493640539 257083961 1078782884 -687452116 1680152092 308241404 226924685 -1763634085 1826347133 -1544106213 1029716133 -513092902 790335876 258166810 -1206966284 -1905531910 -312477650 704433541 342975776 -2115310226 -562007113 1092782063 791164861 1935417657 1106887389 412709395 -1932674800 1331200576 1812681884 1348702252 -80219104 1045012557 1189003803 1021501754 1959648429 2006394998 1069520734 1718310274 1292736800 -1867154241 937032091 
-611522482 -222462943 1631341579 491750374 -1399334276 1797399549 -1943561394 -1243024282 74045108 641295130 1641319947 -1366546986 -1279955724 111142008 -244427616 -1541498264 -840355302 -860527951 -1969751048 -370971251 1659234382 1677936630 -1670809455 -923949585 -66103846 -2145631960 1016525033 -1305542393 1865832564 728146104 -737434289 -482600582 -878798692 1388045682 -1935034794 -1286217201 -1506062803 1691037934 1903875249 -1394393407 929935183 -1092926 2125276323 -1383977843 -2024896411 -1661945779 -1803852309 377232013 321089536 -1522978686 -959055517 384667813 -1069002098 1871630423 1989041663 -493061243 
-1009532399 -71321440 254087132 981909934 600693005 -1140802964 -244453918 -1461406308 875963456 1448950814 -1236915873 -1074740444 -1735467835 -1716085243 2026990945 864124292 -546252031 1018586703 -1671165916 -677426800 1376566677 -1174564572 -1700574521 469976944 1924312601 1476973529 -642068668 470913102 1556411720 1156645394 -1810690406 -2035496243 -1827386344 -1968990358 703815131 -1754428494 685290813 1738997221 757891272 -576993539 -897797725 2000393877 1855045618 
