-184258370 951077664 -1749675802 -1093322292 2015130098 -304035325 -1027143043 1525350146 -606439760 -687323904 
-502917276 -259745149 1729322686 -2095396655 260543444 1101759199 1857912796 -155015049 1518747900 -1212194920 118647191 
1136370517 12887403 313253187 1737030517 1702473728 -353976237 -1905117256 -1315532512 -1048966492 1849029044 1737248718 155733361 1782925623 -2023569016 1043508984 1991903748 2132154818 435260799 1039374987 293236076 -1752701628 977806095 
-1667934670 273126730 -1092272303 -1810597543 -685137022 -1585237457 -1108988805 -1087106189 -1865568911 -528489677 1076518271 -508638463 -2113615461 -626786171 884739517 -1594864289 205096720 -1031018701 -760475656 -562303780 -1326705592 404048224 614495424 -2145805559 



1908022469 2010418771 1681562904 -130941895 1945079614 -870589962 -1060475584 66742914 -1040411335 -356802457 806908876 829562525 -1388745991 104018650 1684608367 -96261813 -988538691 1416530177 74874336 1369660073 475644236 -1851299407 1497415948 1435126447 
1409791093 -1865593410 645285658 -968720969 -1423003604 1832389793 -1524677731 230575473 -684376001 -1868553423 962903557 24146194 1030435215 362713448 -1678181059 1626568107 145526400 -409642346 -1306619782 281681137 -1577164836 -1106108651 482421344 -1774752383 199460518 
-389988409 -875508343 -1093526588 735931853 455232446 1330613544 794071061 -161070085 -1583713835 -1484296592 -797426975 -437115322 -712786879 1910791907 1773095447 -144408616 1219293503 1010578313 -679019783 1278208427 329744097 -987876995 
161933189 1715378622 1652348291 22501552 -1576895653 -233745548 -902292367 -311274865 -1356571950 578048963 -195840219 -908826859 -2050895960 -2063580030 -1395274967 830109320 1564558468 -644419859 -1712165403 444399394 -1496499959 661303673 -1448340277 -727104792 1915740271 

-98510574 945871043 1642855015 -565471347 931526630 -742750589 1849176162 131052748 1414873378 1431728364 -582324110 386388136 855809649 -2132083895 -2074060374 -1734910934 -1400330250 -806055608 -1594317729 -874897937 -1892500735 709834341 -466602417 -809593164 -864720312 -724731037 
815083211 -746784124 191173449 1310684816 647009166 -1630414567 -209847457 1819385559 1309955942 -862316115 964064305 743748361 -1823823766 236583210 -536995298 -251855991 735654057 1276583293 -1227106030 -1208472212 455153658 
-1065267182 235807048 207563587 -100457223 1726851885 -693684485 -2138976174 1917708676 -824114235 844743465 -1638444430 -614400074 1343780607 1263037244 -1478444954 1828187501 1910495588 1777086830 241088549 -1430476047 -1973519615 -1257414597 856045082 -1620000545 -322102738 303294656 452690013 -1653556868 -1660439707 -660462584 
604933996 -330407013 1327563263 -1111475316 758500814 -1132869909 1371811760 -1491872631 -698281657 447824741 -309509551 1207566922 -1809252784 1635134149 1095764475 790117398 107050183 -951458440 -423153888 -1789237954 -773084028 1631968764 -610366738 94089228 -947115554 49228748 
-1552575061 815835005 1346860748 1379658286 664115075 -1311250816 1830334077 -1177014884 65849897 -1865814867 1761308386 1746184463 765730808 796180013 310012605 -1899333157 -643679209 -2125698865 -1434272750 -1272887603 1606261740 -1485414628 39558057 768613248 1568785271 -682088415 -1483108008 878432516 1485050517 385430919 -1276451513 
977670262 -1886447215 1497317951 1828357706 5599820 -89454620 -1191252007 2006360973 -464107885 -813906568 2137511599 -301073271 254820932 1356661800 -1362237381 898594299 -500286918 -1994197405 -2140580943 1451638123 -2045277997 -1917946968 -1868228230 -777261073 25513363 -2097125724 -331889105 874614501 988280076 845599066 1187414049 -511198154 -968672750 
942582783 -193066946 -653474018 452573732 -1297427142 -921008491 1660431460 -1822777521 -1435193149 1653227987 748694992 1916749124 -497985154 703415209 170905098 -1423455777 1147190155 627917700 1567651721 -1557588056 434988300 -1635179313 -1876195320 -320402429 -1231789509 1429209910 -1930532359 -1140670725 1171684570 246369952 591598269 -1793863494 917268924 
-2109715340 -1710315686 2058943800 45758667 305217205 -1124697956 1858284563 695086432 712453234 -1514961565 -1136882496 -2113893903 707562355 -1454166893 -733290946 220536177 928702915 -925650759 150122939 797742716 1907065260 -41267162 -1782049659 1817832093 2071883453 -1181290871 -337246459 
-106647612 -139723479 345143895 1549181731 -1135761605 1059090893 -907884542 111743763 -1425343399 1926175972 1777232411 1762383576 1306678775 241964521 -1089313381 1612534710 -24052693 87258490 1408458742 -1627016665 -488917889 637337464 2144444895 1083177995 -223363445 1429973995 807969708 -1608379277 211930243 210314509 2052560322 165603839 1794048382 1447292637 -1919251139 1680734143 888076062 584200028 -226994790 
-560474194 1545939292 -1165523084 -1036358415 446728727 336860466 893401933 474610960 -1757208089 -1747323962 767131341 564542463 1462966961 1673294384 1690859824 89469175 2035107732 -900334230 638680704 -1125028271 -2115517274 -799310528 251718565 
-745754499 1598013605 1713965385 1338991272 742971654 1129413161 -2035414679 -1216075736 -830170554 -2042846624 120681635 1433879845 1686925699 774855840 1039798673 1460043277 -56341874 15576422 1315818845 222831893 70765705 934042577 1257602422 
-557942856 -615729283 -463885895 1461970355 -491835789 -734776473 -1479090589 444543387 822293136 -567505313 -1622002643 -1389998760 -1464236538 1919827075 203464424 1855188173 1245865739 -281193025 -1855270129 457365100 

-523860979 1028135690 1576675821 -618096017 -676375900 505559182 -491983321 -1071404847 -419646915 -1606154683 -2407960 1272256263 55449683 182697723 -780592075 -1758627020 1682135299 -746641422 1800018637 -831004118 -818146961 1564546359 
675877040 170146889 -608021845 -120031813 1790187030 2050928661 -195569862 -955090404 1363370397 799070228 673895181 1121750856 -2111238933 230407821 -626337666 -1519028833 -1982647945 295818890 1128955647 2060520736 -1169417823 -906772575 -331950709 
1371358486 213267620 -1228914508 -1062533033 -864494731 1493913254 596457392 889729695 -1738396632 -1523412187 -1345044617 -96417337 929849870 871381976 512474072 -38752449 -1721203322 40312301 -1693353280 208220316 1730053328 807137652 -1941888768 
-812982150 -1963299755 1306984908 1692883822 1690078509 -68613882 876594711 -295817389 476716061 1949142859 -48997134 237840926 -713839169 -2135247623 1227175291 1968006899 -1785269514 -80776955 -1863703493 1717939171 -714822115 1648368108 -443092675 1799463679 406600695 

-816704497 -64455893 2015569002 -757599520 1034045256 1790767678 1621244883 -140193372 213023654 -1273680164 1557554904 1169679906 -969650752 -1505913746 -1715517242 1475184955 880031634 71421707 -862807389 2078079157 1386903469 -944401007 -1862825549 1040995749 -104171994 436887726 93316077 -260524973 -608922107 -1755738853 -608557194 -196149492 826943686 1623059741 -1770608221 1575017594 -686443741 -472769934 1678652162 
1689501166 -1522672306 866303487 767423006 -1623361717 -476899282 228943453 -1282783827 347926563 1861624576 -1622577747 -811177654 -438622086 -1420522887 1321155070 -1745344 -2136807691 -1169128030 -404795105 -1147395551 -1138461084 -1148191282 -588585634 
-997445603 -1375435457 -2047990125 -831296477 -653694572 -830276711 1369067715 1313831314 -136064905 -260421888 131429632 459214828 -1159457523 2024536684 1186460618 -1220436373 1445222008 78398962 -612913235 -935002462 679470636 -1541874919 
1430654038 -788790592 -822784506 -657590636 55884724 1079517820 -1586517777 -1699845322 -350783045 420573106 -566882886 -1818129699 364359031 -1847795959 -2122373410 248835963 -1642126825 1101603684 2073799454 -1385903528 -1589305235 404078586 1091543135 -1065206532 566317307 
2061048473 1477382280 944340921 -212445503 420408945 -849230953 -721879762 1281781970 363777508 1391751729 -933533499 -279304444 251223358 462792356 759039561 1445554818 -1044841825 1824980879 -990511112 -1816739245 -653798848 -395569496 -981037656 -88420798 
774187274 -5112202 1345014986 501582458 -603939799 236100547 1847636529 -1848391744 666983747 -1307430293 1522455053 2093157929 787775804 -125547069 -57089018 -2100166932 1702190255 1778956773 -308948956 -447905676 1288610321 -2008471271 1780315018 -1319688925 352654690 -2071355372 733927071 -347356208 1739441486 580840691 845357416 -1576698211 -500320820 
-1248810824 309549399 1955998153 1731843344 -984362971 -1400119064 531887216 -1569705844 1113959204 -2034980214 989599610 -815283061 -1277224990 97670699 447961181 135962557 -1172661902 -765044595 1442808463 1230836244 -1166058678 -67376537 1426002061 -1084061518 -340933631 1292387802 1927369786 1281736655 325763868 1943236948 
796061794 547543694 -1669764801 -1905114437 -155759334 1898825259 -1319560752 -1909579787 -1788830071 856564473 1826329654 875789312 1132920777 1303473186 301155583 -331514604 -1793205360 325610842 1816091248 -193539269 -1096900693 1419048435 -1041152140 1781496260 -1385773658 -224793529 418537032 1938787483 61235989 383166899 1810974448 -1252032056 950836689 -936589300 -345012172 
328133358 -450624865 1930239000 -1571737351 -912676836 -1465087342 -2063063500 403326886 -1081747252 2020257149 -1314715440 -1818926989 -1892494215 1978102933 184138843 -450693643 
-2041329809 1882266804 1237564951 -2145004640 -1980298761 -1076573016 1843468513 -816867161 -1289409906 1984450730 250168950 392981817 -953101364 -1679076881 193833485 -1205726538 -201073669 170678622 -750861687 -643965521 -11884340 -86461211 -677272216 -2022292714 152735897 -1486267063 524872053 985105524 
768428515 -595423335 -787715770 -93191344 1770929622 -1676734043 2072399661 -1971581334 -1195609715 1152049151 -152197625 -694096285 1158590155 78430845 -319164315 -1804029068 -1634451221 55681091 989045997 1523965421 1266763714 -661710876 -1311639934 -2107789055 141108344 -315754178 

-544822073 -1833150178 -1369010672 -835019385 -6544729 -902621701 200028729 -1848102028 1750298147 625207579 -505548123 626820156 -2135248916 -650850868 1599498378 -696274449 -1006208853 1364123218 -1117202500 279683173 -1828002970 -1151395126 1065097139 491104843 
-1639258512 256850555 -1093736308 -1888238147 -705684754 922114662 -829752353 -896043258 -648170319 -1178897763 1539755642 63261265 1781828307 -1298988278 -1070248528 186782466 113816414 830780013 -2126290496 -1216140673 1651656685 -1015226181 1045074777 
-1237768077 1461069938 788087808 -1719044121 -808891940 1190533976 1902054711 -1895700933 164301577 -527457390 1388081952 -1267838951 -479924756 1011808832 329151197 745934098 -969130428 1297729106 -1782661606 -1218279838 -2040946444 1341832849 
735952326 -1424584509 -507225539 -109103249 -362860684 -852917378 -1582517569 -1427924856 -931711793 51339915 -1540999783 1237105041 1008801321 -1486779751 1542475887 -308326178 -923251066 -1897347226 2094859091 -1944050646 2124373731 -2042851139 -1404454219 -962427576 -706248833 1474426668 1327075243 63728035 

665289060 1695351523 1860908806 -421915109 -60883975 382245283 1076353679 -646645807 1134999873 478678814 -147031677 -715348618 -1522111241 -1504817739 1310243881 -1973309235 1322420957 -975222044 -1456753958 -953808400 255147822 -2111891073 365458900 403609275 548894784 739536820 408970420 -1945173580 
-1991773744 1413110419 949791678 -1430801207 -2095618567 -1557673785 -1991583801 -697126530 1819419741 -2142228298 -1013718004 -1855658057 -2143183512 788873515 1967773059 -1623954738 941050800 321227647 -763373272 -1975113784 273616979 2119172063 -530531070 739738813 1173657899 2051064595 
1803921461 108215986 -1880348994 -546294915 -466108220 1251669010 1084571909 -295650826 943518531 -1402983938 1452938673 8680851 -782191263 -1513390845 -414459143 -1988056600 1393060055 -1265037587 -711812184 -48752357 -1390819897 -1178765825 -1339393396 -1754639575 -662586468 -594104935 -474529543 -155058854 
-1626803477 -878655969 -1959552080 -837227529 1309851267 -1816241321 1043742892 940312009 396994379 2040603489 1558040761 -1049728535 940955672 -1226902033 -791703929 -1421429345 359032670 -368827981 -926653858 335388897 1796734741 -1497598319 199452057 1093284698 -208058279 
1563904752 -1965123446 -1662340385 -1122656985 -964867204 1773465142 -1117327485 -1679005719 -356476923 -313005204 -115067403 -1127406935 1997162003 1200264400 1099396297 -942368775 2101518392 -531432091 -998854152 -25111865 1957925527 1653997190 -658085310 1025552661 -1241052887 -668901506 87895588 1589747738 346890380 -1680988635 968478602 -1781067119 1019281148 -574996487 732931008 1428011624 
1077130237 556077413 -319457794 819673871 611949215 746171423 1678936136 298586469 862796654 -1111268754 168284819 1578499396 2061026977 1332940180 -515328391 -1431335276 -162119877 
-567035060 -965627738 -1239819229 -885296008 -270540949 864662922 223026902 1045311499 -928518328 612086327 -763509854 1531617907 1836441248 -1254165088 -998144998 -418055312 -1530792737 705394941 1231560939 721688949 -391287727 -1773576171 -499499056 2051774647 831184384 
702161129 -469490569 1315378316 -1639763934 338786798 -2042256040 1288277183 1937859279 -743527177 -2066000755 188170352 1384019501 -66845301 -1927635291 -1856396421 938105032 -226654583 407746983 1099418615 302383023 -1461883529 -364418717 1622133234 97316718 -108005965 916587546 167783414 -1118951387 1348828146 330295163 514435389 
-129714098 -1005259356 -731376242 554530663 -1427521550 -1799487524 -1410149604 -718496735 152289022 884842757 2066218643 -1435416970 742857673 27616862 1267792942 355637941 -2053249739 -1253617398 160904409 350299861 -408616824 1355847708 -508626841 -1361558639 -1011307912 -267061177 -405924574 
1772598736 -918063405 264045959 -1500714819 427674886 -1359445137 -2143652158 -248009972 544866048 -986203705 -2021852606 51184651 -1253235341 1919268083 -1097132639 322305489 -1544360852 -1038527977 -1790877566 568565881 666316955 1438877962 1157496210 -994821517 258387031 
-857909133 2023824522 407556304 -189129418 -523041270 976871559 136443613 1392527227 610217440 2061597161 -1252865847 520245580 2050713008 -52785531 -1634749626 -681899074 -1020045352 -1195293025 271191088 154747082 50497437 1273070355 1877527560 -301302722 -852231881 1183321866 -554266374 185762548 1656695197 -1618683875 -243090929 -658395479 -1382852357 
1549550021 2031788400 753563152 -1813053712 -32697036 -2122481347 -183678434 -1048597976 924965320 687771001 1158129894 -2095431719 993312511 1118680285 -1496230065 581015749 -530358259 448393032 1104264879 -22052767 984336239 34293582 -268633351 -2080413043 503820936 -969515439 -997281158 146881412 -2136990539 333343026 1076275046 
453985561 1624666013 749025187 1350176637 386846555 359532743 -467335559 -352195897 1040311600 -1492354708 -1570586921 977679034 822323575 -2082853537 719982240 -522078921 -1215264035 -293350999 664843816 878427407 1721127148 -2089376079 1384746295 -1195886951 
-807960450 3094378 -2089674635 -865671072 -835652636 -1290378452 -1558521908 -683184408 -1324919076 351059155 1846697352 1862733996 319676749 -1586525398 863702491 -2089609140 502726750 301011108 411145970 -1901044772 
-1598947745 1146067054 1974594238 65491901 1742808608 -515045398 1221626938 1527968382 -1553023200 -385667570 1907038008 1988410907 802522486 -1185961989 
330666420 244930084 1763065638 -1697443023 1719488300 -297467054 -945175328 -70822401 -180026908 936331877 675999104 -155624851 -1749390415 -2004254705 -177022749 -1268595866 -1410935275 -1933278624 -669698984 1706003967 -2122223625 -1761233805 
1943095497 -1548405390 -1042046562 -960776851 -1935101716 -1053260063 -1957904770 -1346905723 -929425200 849257223 589498749 -1128719224 -1048337858 2013802758 -1766385875 1889651037 -223955761 -1608836726 1979006444 1942093049 340899955 1659535855 1957721114 154377242 
-19555218 968494569 788649523 601828992 926745816 -1672742311 1625119977 664438268 -880418357 1967165393 -2118759662 1093972964 1284927524 -687476266 538615077 -1134187661 555187886 1345856314 1607295652 1891661222 1895861791 -481270486 1147090004 590566486 
-851822191 1886124953 -1278604161 -258878001 -192584342 1257967702 1702271861 -1554540248 -1642733061 513199224 -478184537 1670168148 -1505568923 810594196 -749900324 -407914784 -241911024 1522736329 1895885857 554253593 -1583979683 -448468941 1674191006 18024727 207310246 -132091394 1100094550 551720429 1056107096 

47244929 -2090042367 -1022067599 -1825147509 -464604393 -1418485032 1556555895 634000126 580800839 -1658007409 -821723739 1359664457 2086819017 -324774008 131838378 3393031 -1083902056 1129719810 1835895408 -359751338 404938245 368176329 1308822476 -63105083 
714802812 1079258722 1785172093 1079546206 -1035579264 -957142061 1683863220 436830063 -128209455 -609248688 -2053677425 118312750 1789586492 1355105331 -1798190637 1093621043 -1130060946 749948810 -1431765186 -1934233220 -1110356948 
-156866722 -1766945675 989503601 2001588201 1232271357 327975653 -1182182977 857315476 214421914 -155418208 -92314487 -1772361323 2116996188 -1444958455 431090953 -779819439 -1494139292 -1991434893 245736087 143735595 2118985160 2033670413 618318828 -1594023817 1640971696 -518322884 -1248214341 1952289132 -1385921559 -935616186 126703031 -1134179267 -1828237215 -1911701196 -867567373 1234165953 873459128 2059890494 -374771518 2130124310 -714390954 1999790358 -1076084192 
241927948 -1853393871 -1283558605 209929321 1436921656 2011528446 -75823316 -1169847749 -83699245 -1070112380 1200300214 577688370 1402520445 -822547349 -1525176872 2121088560 -1342583175 -791714671 2071377960 -255500465 -957267178 -907124007 595190330 -880409721 -1743684193 344200252 -1404219679 -1532185875 
-1318916069 1980299079 -262795873 -1433995820 1310704573 -1937969457 -58729084 1110182456 912428996 1264298480 2083700026 -1142029758 861164077 1504215986 -667507328 1012352892 -957732708 941281879 -10878689 2000082175 1005394264 1433473837 688215842 -1801783239 286692796 
1619157141 339574359 1353622429 -625183100 -787791363 1563650285 -697063496 -2145473642 1923849391 278877180 -443494311 -568140749 -1235662174 -83194674 -468107817 1734855224 1055663737 -1424850810 -1584099144 56502299 -358839531 1423767856 -806751019 -910652106 -23556640 -626786200 -866729125 -11503214 -529586957 381039553 
-308437805 197915593 1413723785 113183927 -1874230333 -1105174107 -1145033377 -756589361 -578039882 -943214952 -1714023941 -1918985245 1477678422 -1521155690 1204555084 1726083703 -1819338980 1700146774 -2112496040 1608364783 -762743624 
-1236304960 1145783230 236104633 1112448071 275248143 1819975568 -268895996 145396173 -1992031854 1011965612 1018032316 -1560740181 652020772 191254006 -53268982 877395338 991198527 781597064 -392104845 1220131884 999895704 639454107 -829504066 1901786082 
-1834044169 -870063477 -1156030473 -1905039077 1539618165 1360546460 1431217345 -152989295 -724563755 -140354942 -1051760142 881392283 1497063696 1888014722 967827216 1077339072 -145690274 2092693316 -1751586158 -205557520 2070729697 -1171543173 1460563495 
1912931280 660182566 -1403792171 -1244377418 562221291 506364242 -1262337506 1206332443 1376715055 -534615294 -1484196896 2025893685 18318192 1950536475 1691192704 -1528260108 1541444173 572671883 -1463855941 -1075826330 -2071803939 -644429918 1868820530 
1468336109 -674129543 -1261722491 -2027330770 2078096300 255046318 -545799917 2101151125 -384340443 1560766737 -1086577952 109840819 1436796447 1136101667 -2092655036 -1857285941 133022181 
-765593541 1853814143 1110874418 -1432311707 84021450 -832930655 1468282995 -1815479845 -714944393 -767217672 -1486263841 1993948441 -1693084441 1950403301 -1449142919 1672240002 1774963664 -1825200338 -2136700584 1775026840 1511190993 -497703275 -1459288600 -1627863141 -149710614 -1472837707 144237210 1330772430 1107112154 
-1703118497 -702424999 -196545550 -450475895 -1169093235 1488299191 702730671 -860273381 -1601054702 2128192255 813572910 -1673044974 2031514716 1284233062 -670558495 -2028668879 950351554 -1227005402 -1193058455 1201387971 -1147170625 -1602057757 -489216611 551472085 842769255 
-838213383 863180758 2097264979 -325992027 664087173 531880378 1465391380 -2095252798 -500901674 949075287 -668953246 -372914931 -250210688 600338438 2089591695 40735586 -1164733493 1104116948 -1445337303 846491788 -1666221668 602242911 1700303956 -1424590008 
-1780171230 696450401 411495580 -116699910 -400760300 -1078216160 925326998 -356623334 -230191238 2001667534 1890296246 1879702204 -1219067859 1671594050 -441084467 685040769 -1555406367 1709539016 

-251023826 1938566308 1965644990 1616614262 811553671 -546128936 -1199936869 110715189 272425347 -2090852043 -1351274251 -1803059627 -1782199737 1443896747 -776019114 663857062 357303932 -607277354 1066097466 -2017736616 64299696 1280558278 2139711586 -1448135429 
-539564883 1567491923 610755933 594372752 24495968 -1451440679 909496377 -1015527633 -406021335 -558396354 1908156467 -903806767 -1368271467 -1826049587 758328948 1184517234 -808222568 1948195530 1544526803 1771269023 1029315693 611867533 1003491448 1574264218 1624043386 
904976840 2002658068 1221344425 2054370781 1557476915 1724155631 1633835167 1746841879 222461467 -1291776612 -1085521371 -1980375061 -1009174949 1523756908 1344702372 -1112759088 463555063 2060491414 -1228253534 1194072381 -1373942858 -2112266792 876976585 
-1448368877 1667081786 -1430444935 -718284656 -1791696628 81954354 -1158574342 971349025 -38223538 1888881735 -1353207272 1892135452 -2122781421 -251560086 -126786717 -2026558922 2011042287 -446449469 1124441853 -53412659 1327104600 -816016200 1039035983 -184074389 1903112287 

-171248580 -1260910070 1894243786 1642569128 1675410365 2014908593 -1617573719 1860683322 307271497 
-1958604691 1240901480 -2036236226 1439738922 -1349805779 -415404387 -516568393 978817457 -1574515273 664847536 1167340148 -1627474388 -236566789 -515615235 1276749847 -1314408167 -1728442417 -1252406303 -1009301317 -1125567934 399687919 1761475272 277211868 515912304 -2098383925 -2103792261 918105256 570924667 1065950566 -102872606 1294548468 1775731829 1348635485 -1444488130 337727401 -1695166235 1823453414 994922977 -1567910405 246085807 1444977010 -1433168860 -101485985 433876523 1068552832 -1353806343 728354331 -176155517 
-1409278116 -1518128481 -1111638737 -1600958706 534728765 1162661485 -1523010755 1375265396 -636609461 1095152772 893068808 -801054312 -2063290540 -1432511983 -1745228183 2023656261 1885106386 -698947591 259355086 -76030688 1177702663 311253545 1204600600 373485523 -1292202952 676868057 -2054195421 1981123112 -185568358 -670659798 1575260808 -1231288553 2026923557 -577111768 -1048427552 1147335701 1428418627 -886689068 -2117102720 297467683 -1185536800 440697685 -1739107010 960099836 -213538802 894388181 -1892247950 708873102 174166042 551967605 -1666631594 154241394 -1278933316 -1634788575 -1350486104 -529456423 
2089050799 -1638643651 -1653244663 -686656386 -139459782 660938890 1644677348 1082813659 -642491343 1393371085 1552474612 1142299103 -1678082449 -633388176 1757203117 2096925925 1194849037 546543347 -1492064006 481464221 -1442936906 -1338133091 -1569160513 929624277 -1324252939 493892455 35374236 1358207221 152073371 621781369 391128954 1971884217 845303455 919437427 -871287225 95077273 -499121700 502994425 -559751614 1633404961 -478136388 316665820 191788863 
