1915043935 -593780176 552762198 1593197327 -1434488315 -1882305576 1709383479 -525960821 1725371255 2132966482 
1365110111 -1242165775 -271863873 -1959084753 534537976 -253256605 -680653498 351290681 776892684 767130087 13747457 
30733330 178733100 -256672081 1055691515 -834789692 -1762103851 -2108147873 -727331536 -1340946555 -509788776 1713497457 327484362 1748770582 -1100497991 1607549607 -309261395 -1723910731 1977906247 -891890842 -1360770972 -1401739250 -807399916 
616934540 1971725922 1555517582 1353129472 -1857496431 -277515402 -1983831854 607495422 -1442646820 -2000553579 -1437469059 184577066 -1588532198 2069307241 -98513494 -1066849936 39898153 687106905 -901476042 243891415 -1247422202 721244229 1555037830 -720356866 



1421012676 -2071328815 -1525201783 615514160 -702194062 649722609 -1482295311 -1655396100 -1479435662 1458637619 -126248546 373353342 84709899 -1348132994 -634687396 1268042019 -1225073757 670313246 1846206936 -1613726232 394406241 1637866738 1648833189 -1460777678 
-1425149480 428076822 426183333 720016866 -1676403607 -110390067 -1085263342 -1405218787 -480003610 -997594789 2064316927 255105899 -1542797404 1326405777 -2053620409 -1805722656 -817538331 1587493899 -2048808506 -1712628596 1051979977 1107672364 205539141 11571922 927187516 
62910857 1301054074 -1117366349 2013729859 -907232129 2053717030 439525693 1005671084 -2007609127 -205993425 361454403 -1236981580 1001551289 -1657632934 515567401 -1111448849 -1456013340 588509546 -514084248 1685487500 410488188 -331828152 
-2028756619 -670481050 -932673977 -424601426 -1392174090 -236495726 1755475913 1720083799 -1878386746 -1753909084 -1496281441 -185486335 -1423931307 1359417046 -1159953338 2116609242 632812981 442137559 -1272980303 -1790774694 654895362 1246347259 1542711932 484135317 261211555 

-675480575 -1617434144 541243395 225671892 703625216 1104896507 -394700508 -1023148070 -536575841 -846991530 -1172496584 1135878204 -1982316522 1900191645 1378640454 1906884945 -2002824215 914277738 1328886395 1767339885 984820451 1518385775 -1484483574 -1084168576 437834414 -18827295 
191572296 -1426288896 -1706255862 -942973710 1357897629 198779770 -966495355 -974253277 2089872307 -2137465602 -155490111 2079567536 -1522440021 1648806321 1667186662 1168209399 1356877802 -1936747139 -123513769 -1910239306 1044034616 
-245060538 600436924 1563095815 713290876 1413937857 1894265433 -464007680 -2042044933 1694179567 -818040699 159334879 1367711008 908439377 1349829983 -343448959 1273507589 -1719859442 -941804547 546268712 632497375 -736011904 49716607 -775755707 -2090901332 -377291563 -2101049466 -586927927 307024761 625588093 -541965118 
330615728 63267723 -1003476344 -159815464 1771508652 1838070138 -2080840140 -439319905 608627270 -125653083 1388925957 -388084885 -1537088572 510060958 1502874889 -2084094716 1382291175 -188682005 -1291270339 -194399784 1136675378 451604863 2080724520 -1145048397 -703624220 310052798 
-1292278702 -1834732248 1604087477 -765561438 -329640411 -1860301560 458050322 1260283756 174209154 2016356231 591441700 1574730901 1764656102 1300632179 -158058793 1139874179 -989004505 349550605 352919529 -487172978 852588818 -704035322 1808050855 481149083 -261011719 409653749 -225579401 -338096632 1917434522 -78242664 366855326 
1795644948 -1500592607 1937055212 -1725866732 -1731440993 -274238197 1779477125 183127507 1913083090 1056971261 1760293535 -742733093 1998326077 659225327 -1565226602 1289779034 -797468485 -963602390 -326695760 816409182 2042593412 1493963645 715276464 1970136093 1439359138 -589377179 -1218321366 849861119 139397236 -546679643 -96848998 1340709200 1765059889 
-1093278537 855043392 1244354420 1494948632 -130958166 103243515 -2115579993 1927519788 -1811439278 -1733155568 84424692 1400265337 725425203 -1539621232 941717434 59760491 204586373 1788804712 -876245125 126140343 -1488965965 1987950546 180330642 181364392 -109625736 -1208842532 1429889003 1629593969 1069773981 2035429299 -249499372 1222807383 -619091008 
1987326844 -1303523057 464462530 851186702 -875271491 716585657 1290435645 1001985409 -1744357179 1962218313 618683201 2137610267 -875624113 2006690031 -1128544841 1567273376 1775662661 -20437285 -1932478418 1667379299 686636902 -655405618 1472141262 -316164833 954521419 1959278342 -637894767 
-2047066227 -1526042497 1444775057 579980797 1583745326 772046607 791762592 400434723 1970722704 1371628934 -241282847 1834540342 518068140 -780776171 -1116645780 1064107942 1553202203 1033672464 215777449 -218655084 165474622 -1397483901 -1080164083 -1467431827 1116267160 -1383418231 -129930093 597459557 1634657419 254229841 -402341177 204100731 -1167033467 829962692 1369361572 -917079630 462706522 281941045 1890412709 
1057054037 -1565949126 489737938 544283787 -1717340508 -2145201794 -1944997093 837439994 882845735 2009783436 820643450 1421093330 -215238431 -337983678 -296851066 1347425747 192845010 -904453280 -2028339942 1782844576 -82110426 203876528 1825607702 
699272773 -629484311 -1751466612 796607902 2013539723 -1983248582 240308259 1648900597 -1042104742 -1199077125 -1470305684 962622781 -548998902 -626474828 205644330 1458914116 1906643754 -4463119 -1924162364 1371094261 623878923 -1080097293 2012311679 
2081287447 43859356 486699033 -1914303546 -2090127328 1023962466 743503469 1716481062 824316098 -1251570546 1442889008 -1552013384 450886521 -1345927005 1241317153 1630540050 -2139284492 -413853978 -821622695 -1660616391 

669725526 -1707568566 -387773776 -680762963 1573396650 790113056 -1021568343 -1467904183 -1687571284 1888668371 275275211 1500722117 -663821812 -795574147 1349859336 -881923240 -2009299079 -748868395 -1553404176 -1881711885 1636393784 1502567786 
1944961579 1175499091 -1585351874 -2030847607 -1972813273 1084523873 -1152662110 302333376 -833639247 2032854771 -1440014127 -870774308 -1717940154 -947598260 641653267 -1404713279 -1770068287 -1463306448 744131447 -313370708 1960910453 469845639 -423386902 
1244599827 -1411760320 -504019772 2031900077 -771212992 139766392 -530100277 1268944162 2116173241 342017321 1554316169 -1553243570 -844772944 -941353629 -82012762 -190182801 1737167763 1383903568 -300485628 -476353388 -1372607060 -854170208 -345239996 
916288327 1813351395 -430228734 -2089103666 -1836281002 1124971040 370591557 1645592113 536229760 1474959078 -9878987 665895151 -1236594163 838922233 -1652646374 -1523901631 -801511637 -527738189 -633245829 -900440598 -335799154 -176183070 -1097875156 -301820910 -1981359002 

-1624270257 -2012806290 -646267481 1429885243 1290938026 1573960132 1061918873 624507716 -1733371262 -466476834 -1026604991 289683083 1015629471 -1707268626 680374918 1347066616 1382073046 1310763052 -1678285662 -1264747439 -139866516 1601955919 -1952697784 1464747394 1149479780 1409190449 -2056729434 604410435 -1239034627 231604751 -1077352473 99344155 872868245 -589889948 -702869573 837507518 -2118223218 -1868120787 1574917332 
-1862602598 -1630364532 -2015317654 -1044433349 1605072625 2124950085 -1457504104 -1758247753 1579206744 -286883277 -413705171 -161009289 777928924 252365363 -440494110 961247040 -317532807 -1712681681 -176948605 -1580791481 2096396444 1991810361 -1120806681 
1727251955 478127698 -1408625112 -1571391863 1769590907 -1948705476 1368723862 -2046070986 -1631613483 -2099201599 2117415722 -1577979679 620003129 1618215508 1147564380 -1852407200 -565749338 -1716089350 -2128558939 -1320244273 -1827629745 1831885975 
-854901514 -2075706841 -1867832645 133243566 396360011 1655867871 -665283431 -1796731972 -61988176 577859334 2116248185 1854387083 1949389941 545444996 1317027366 -623426906 819104433 741976746 564852970 -1199564656 1322824383 2129722822 280140693 1383678606 -1613569157 
-1879931395 -1593051535 367622313 295761611 616860201 -1147142578 753981340 -1783916526 777483606 584650166 2005613597 -882994008 -1949038190 192249562 333330196 -580094009 -1470612290 1696465883 -1756729658 -779226767 -1711343534 1562945812 1539624132 -1410731914 
845550067 1188096756 1468526912 2070331583 -1682250363 -1681858978 -94229549 -1073142699 896862641 1833824979 -1980152325 -914443087 2038783144 -846714296 -1751589755 658501072 -1708955918 1315458757 -54695247 513114073 432889434 1213113734 -2117045518 981688292 -155646398 -1361461872 45157235 1734629176 -1054513562 -1893158298 -923949350 -182546933 2096171046 
337316234 -1975347032 814385703 -355417125 -11262406 1162040242 -1137988217 1891584075 -1074839587 1011434367 854697482 -2080501858 -1121181992 -635451319 178869952 629415081 -1960073608 178287061 -800950810 -1405067836 -984118916 -707326102 996569394 -77608733 1552328272 210355065 -767171288 505017921 -1583668798 -345178589 
-683798621 -1701269632 125269993 -2062040684 -2125801371 715771896 66656738 -465502177 1667088553 -1220235989 376477764 1981999936 -823426196 -1009906716 1980291633 -765649086 -1466926596 -72787514 1660888737 814444590 -473185160 1749934374 1571846957 1045087279 -775474789 1409538423 1704510471 -389439512 -668261961 -438557467 -743838870 -2054216981 -1923453480 -1163204953 -702363656 
1963883207 -1067185026 -855305973 729684157 1630608863 -1849843763 -809713109 -1921264019 7825617 2142383212 593058606 -1746939517 1441426143 -2086716506 -70538475 -1752015280 
-1391068197 81419830 1483206047 160460659 -1578692323 1085205113 -1724270546 215093258 -724661581 -1383222659 -1034361241 1110983244 372476531 -8129198 -1539874939 -1728970095 -682671426 -1901983939 -281296445 400371916 742203705 -1973543309 -1114269836 -1938972715 698477511 1215919468 -396726462 283148974 
-1845129873 398122449 -522295698 -181248998 -1441140686 -533484977 488851465 -743509150 1508645596 -386350044 174409155 -2108910438 295787430 -813545398 192722861 1619826534 -181483080 -461155637 776047354 -442715800 -1180303511 507136402 -476901398 -1356454834 579097803 -700378240 

1298484484 -35677711 -735481664 -503491002 1433681789 349350034 74599267 -566373877 708941628 1385400359 -1581930207 -241972147 1862927305 -877757567 -1522490232 -624190666 447443875 1384389066 657968891 -221078186 -247096893 234515894 1219269508 1217627499 
-1192057967 1426507525 1677975550 723909768 -879877881 2087216558 230522825 676403841 -1034136518 -1791853448 243460451 -1541677489 2093238576 -247448320 -1923297746 -147711365 1165232831 1033626211 1817039770 1183274691 -244516629 1971721489 1418985277 
-1407956970 1592049054 576752774 -256478261 -2011727828 383062169 -930311835 1402064704 -115618739 667654295 -158687841 -352219627 679197478 -1019201479 -845343698 -1663496362 -967069665 616001163 -1592278118 -1278007510 1148138716 -1015765244 
1050631311 440085069 -141892628 2026203090 -718486950 2005897149 -1236961137 -701090491 904623302 796935498 335507413 1552852231 943697160 -239937185 1423107959 511848162 2091849711 -1663144058 1432996096 -589875796 809699946 727784761 583653330 496927344 244389534 1436753928 -150271101 -1322151268 

-350483346 -1783574751 -370705708 -1773283679 -293838376 1773128880 1549710820 252185796 1340934124 -1502461495 243925994 -759522019 1002247767 -1834217013 -881629489 -1178727755 1375683316 1953850951 -1584807551 -1494521585 1910056391 1880072125 74153721 886826484 -1940557267 -1366299919 -680523569 835862602 
-523306415 -10126132 -186626338 -378139501 607173193 -1360625893 358946017 -817307947 -1230773692 1751850984 589393135 1145247105 -1340938870 1513743114 -1250992696 -443797211 1718364634 -957561064 847935924 1309746969 1208420609 -247769423 2094936298 956881605 -734584074 914465734 
258546244 76412250 -214198579 -131540423 -2131112013 965391142 1888031860 109671058 -433235508 -980266584 1580618357 -550197136 -548257158 1277254700 1498194036 -1492273346 115226705 1935959590 607001420 611888865 1078484881 1833697930 -1452895018 -1855438326 990693584 -1801369023 -44916199 1048107172 
-1817616616 -1489099484 1532277312 701625335 -507555007 -1765708778 -754082474 -1133107880 -663219071 -1068557552 -2038217776 1496982784 1510932456 -2039989979 310784147 -1340881790 171804398 904355947 1245811016 1762284483 -495867081 83012501 -1796085663 -1575926108 2138743276 
276566767 1820384671 2092383611 401229007 -17484238 477869574 169543274 504719940 1567376349 -1916362156 -549380457 -1382476426 -1415833448 -1278462053 2146651795 -874813156 600885486 -688043402 1023811557 -899232179 -1457531524 897365380 -1569325725 1785942820 2039578790 822861490 -863509728 -1211916535 -1631627171 -536940012 -13061463 2136486571 -162436255 1767918657 1527173397 833918847 
-1460484423 566480065 466208973 1639433531 570683204 567606067 739560172 -1247177701 -121141016 -1196787086 533682450 1766719411 -1522724898 228358809 -1652439101 -1563087647 2073649343 
-687664801 -2054586471 580408308 -242291571 -937631340 -1958516328 -603903461 345547737 1068318993 -1535610119 -33961732 -796518146 -2048599427 -2126843412 -535207079 -305056536 840852402 -534118039 1219147064 -938005614 -81465424 -486937224 -68782337 -1432151275 -1906830609 
-1016155515 2139981130 -1953552759 374734789 1407777794 1286819943 -773879809 -803625830 1450856633 893594706 -1067898863 -1728563715 -730722039 -925436521 -1711574511 1607890894 -1934602128 -703028745 908801301 731073605 990911465 1750862103 1577775385 1060833250 -1122013956 -1918390107 1382789425 1164108904 -362389144 -717118144 1718999983 
1179318109 -1225975254 1933917965 -689802723 593002976 -406759214 -1072863382 1553534636 -43937947 691302338 -342451096 1543929187 358454723 -1079828104 313176720 -1262119328 -1616937201 -1005023392 -555183843 -814036918 -1677791365 -130188428 -1060123888 -1773155181 -124838135 -1357994720 -48146348 
126657483 736920858 737894835 -496804020 1302376330 -1626760866 -1365260927 -915928895 79975420 -269049911 1216094312 429666406 544941782 -2035877928 -1708811086 -1864666091 -891586901 -1921844337 -660464607 64332987 1894215769 4380260 -1874611188 -1057883970 -760610558 
-1036787726 -1298736442 -1722696418 2004265926 157286683 -1356912459 1264398910 -153311218 -1367696927 -588829548 -312201143 -2117066199 963965836 -208198658 -427135093 1703287635 -1064276606 1586205 -1245740467 -1900337889 -1284832966 1224708310 52074788 -1864544712 -2098290384 1146651228 1558068999 1427528301 1088053405 -1054814381 1072423087 1371204427 18932445 
221162108 683846627 1064297377 600642892 1652388618 -7471009 1856502764 315308483 -1622727821 747053013 -1439777380 991063581 -115259531 -2093196968 -2104544169 -1619138958 1589904283 1350034338 -1098864524 -865221396 -595987807 -1732832482 -832326652 -650057808 -22008542 -1179495238 -1736549029 -1490449937 -1426244195 2039865268 -649152356 
2130805154 -1401421364 1065444188 53935228 1490655073 -1835217859 -202537092 -482982367 1934334390 -58074487 1777549714 -107576873 -581578627 -615813549 1432580278 363786595 1459130504 528467196 -1436502308 1196931058 -1976027823 252983964 -620238143 262857196 
1656639497 -1317742340 467734182 427044767 -177791752 1233568398 -1718483758 -529038463 1841820699 1198036214 518285513 163886862 1031192771 -294037704 -355036520 -958613422 -356374380 -1194261974 -1871822556 902002543 
1777036042 1180983225 1855252768 292473435 -1476014044 96416219 850011807 1017273875 -1868148828 1154992862 -1779283393 1298500469 1254735968 -1539922137 
433383081 -1792579871 218584331 198021335 -2109795730 -1987410026 -796453848 -241518518 -1783356273 -2013191056 1552800175 -1797638367 -1193335068 -753917645 -587688312 2136175822 487979559 1065699232 604110908 1199450448 -814774546 979644451 
1046516033 -200552585 907232646 -905241483 2003894114 706341071 -1132242349 -1638990422 -587321462 1160489057 856531470 -1605087112 -1098518989 -918144343 -359507194 871489256 1037862378 510622580 -509299899 1035312417 1980362876 -409775138 -2081281855 1115076996 
-597318738 1740577338 -166024195 -1678680988 -1634418144 -2047843440 -1342862532 -779975779 -513565302 -72969437 316924509 -252270432 -541579990 -616709735 -1567981933 431809759 693683124 -887997416 -916816081 -520744422 1177555770 1607184674 1894889896 1593754580 
526028311 -584024487 -707776080 1937682530 182597433 667392257 -1754673311 2079997870 -1395166604 -728031127 645455381 2123690163 -4891094 1708777650 -51971289 -814923054 1643332009 -450212135 -236531952 -420086754 378310891 360081205 187889833 1798409167 90368553 1880278137 1058264730 150505003 -168922533 

2057390322 588099320 1572566660 -302894494 -835585851 -969902541 -641841371 -1239180549 1529528840 1294541770 -1361445993 -484625838 715768449 -21795676 -727248501 -1328162385 -1818034470 -1977924697 818539409 -983059476 -1305654931 -2073859269 -1791473473 -998633015 
-259473828 -1935778664 -1762800570 -363052048 -979249900 -1168803013 300563820 -1945168227 41207416 -88394287 1539121611 -346211570 1358228333 -1206309154 -930256374 -755286993 -96240024 -1950975797 -541277157 -1582207144 -515216958 
445484747 -784700632 -65872395 2021610011 2044428794 -745409100 762756629 -1746695187 1192765520 -1191369583 705780263 -1584553629 -931261930 1870849277 811897438 -1587404601 221811978 967742072 -1223718981 -1235209690 -808589300 854987047 -662174537 1799938179 1471271806 1622056813 -272629998 -408074953 1498752117 -423437283 -228346067 1809553016 -876295082 2054132886 377312351 401602902 1497128757 1701107226 -48371717 -222252969 -902549031 621166897 1769089721 
-961290975 -106049057 1013229216 648405952 587630865 1124958926 1076871796 1181138478 1844193352 1056047494 -1836610292 687582392 -378666238 846188622 226455414 -1912809573 811238965 69171647 -560455699 1023600864 2082274333 1774912718 -1213807532 392478541 -700093786 1903689751 -489020407 -1165206724 
-1290138284 2119271996 -1542867073 1557467308 -1140722884 1456290803 293300849 -2004980266 1395922454 1385571380 1712371457 -2008075005 -2079225390 92687465 -158088286 860358305 926366884 -1232058771 -404043060 -1350920395 349606023 1595996932 -2071601225 1527196853 496067846 
109078464 1622281911 1554057649 -1474199216 -834120110 668163072 772609008 -1027050393 -2039547969 -64762742 2048245141 2031650100 -908451903 1471550458 -810909009 -614212388 1967096349 -1403059558 1418772592 -348415238 1383469188 -250602172 -563242470 1915482558 2006067764 2052778747 -1337321628 -611865525 -1804584309 159708836 
-935612816 702597212 133002529 -838385796 -606301457 720993500 2034279164 281941034 1039184970 -473269386 250227967 -1823929298 1128045431 2012469325 2093629334 110883353 -479271104 1455761108 -1554249194 -716885480 1145754410 
1783239649 -1944894640 1133955111 1279767938 883577391 934307966 1705719903 -305261908 -336536439 206100687 -732968020 1885924360 -1774564887 654115822 1777464436 -522307701 647491337 1781002852 -1388980662 125275854 -2014944104 -1451646820 884494596 -1006024693 
615404147 -1155162342 249492317 -1530769825 -1138796300 -1252159520 -1514373124 -1765924767 -2104294990 183527882 1245265052 16131920 -1710677378 911970684 1729789741 -1161470178 -1292623608 -383416307 -1267449713 -1711369535 431364182 1396067268 -1027245437 
-1194122941 -140579326 -1403860378 45495204 -1262770546 558624876 774290826 2003613997 -1669583501 1447172253 -1465898093 1978498515 -680014430 1622414261 -1441852913 -398538517 1125579676 2128929823 1236964232 928100844 122138106 -71709123 1135882196 
1060935826 542412688 -803970741 -1730535819 107333140 1841138013 -1397250356 -76101314 -1643187372 -895931018 1661589733 956124156 -510863660 -1885685124 1815519486 -1589149179 1167040992 
408986205 1347110126 1286864898 -1568381438 -395798954 337708141 -1848699132 -1334253592 -1221126984 730369136 169044946 -1605004827 -1843164060 -412461740 419728445 -101916352 -334477386 196565862 -89300487 1217344810 -1688083157 1632592915 1001148029 -1933098933 -1677170496 1387234210 111485929 1239106498 -778026725 
831494145 -1636235046 82485638 -740874908 -842417628 1933268159 1514220356 278798134 -717097457 -1630979386 1610370500 -1015053719 -1220330561 -294963746 -609796621 -1695296799 -836279323 1983561824 390058967 -1962463835 -1771584434 -1703715751 -1587213064 -1689461247 345834183 
1871641539 -2138764842 1144885600 -87812031 -849110168 -503762854 -1326491400 42965265 -929492862 -530993260 1826546570 -1797036047 -502640693 -265042186 1434191215 -1609372867 -634344701 -336510618 865794095 1029217994 148547678 -1352138220 -49329607 -327262251 
-2073895120 360003455 835433388 286724987 -2136538693 -696830396 221182983 2033276655 -1436853049 -508643511 -891047826 -396674734 4691882 -37342426 707584743 1835074159 -1094695005 -1304634180 

-1042271799 329645565 1669937696 611359870 -437641522 -728626531 -25572079 -473378243 -1807253155 2022484486 -553824636 -783652993 -1910282604 -341888107 -48197371 -605417950 -780244333 -564146674 394556309 881011109 -1280184622 -93305160 -1819525710 -1498651352 
-193044762 2028592130 2075096504 -1224996984 124348764 717351148 373034228 267038070 1026968035 -2050417748 642683655 883076624 1417573493 -1230927615 -158055737 -1192304668 -1507809921 522576106 1657471598 -1218198406 -1281472796 -1149337533 -1758882004 -2029344004 1507312830 
1019689250 -1524440898 -393876808 -1927113162 -118298317 680833228 -333834731 -72120791 986207944 1755528839 -1769980033 -1542771062 -995759148 -645351747 -165561838 -1380362789 594566123 -239549586 -1650625866 782716826 -2031494753 -2111488536 -948184485 
-43429972 1743720289 1618108187 972980306 -182928847 636980551 935284093 356821678 -936240691 -1442865478 -628191021 1238235589 -1994715602 -538347292 -476426602 -1913031924 -1214929883 -1229689812 -718368855 1320590096 -306698346 903375174 206265929 -1770318055 742942519 

-655549767 -1350017375 233765795 1893010045 -1262779942 2126576498 -1612239058 1322643198 943281118 
-516782391 -2039734165 197159259 -1695665722 1764292751 1962467743 -2087466357 254411721 -136130832 -1794288822 1529649688 -1820501605 -953236830 1105460907 -1360159577 575882920 -2118480461 114480460 574616922 43930846 -1270088777 -975442459 -1907120185 125873292 -897978052 158451224 1470394360 -1460586811 1445287244 297334733 -380212272 2061393232 53814014 -489218856 -289306176 -1250886850 -1775384178 1936551229 -2051462683 907573321 90441923 -1737784410 -360068417 -1204616645 -821407778 -1304629955 -1736126915 2075355531 
1667756518 -1221944891 -897191172 1247297274 -412134006 -1947748918 -446296769 -820101302 -505395406 -1109467884 235419186 -1445872476 292764946 2000422874 -589292127 541201965 -966229317 -1022042140 1555107948 -103083790 -1970363037 213883315 -786532853 126870414 -1583761156 -795372966 -558870829 1397498174 1170555546 442711553 -932249362 -1915827137 1533616272 377989715 1919632223 1378121001 1588655095 1399992331 -1951427894 1630331171 1379802143 -2006990444 -1200390420 1475482294 -1855384202 -1037040423 1312276633 1196744835 1314490438 -1367872016 1643557982 1291209227 -1199550809 -1663686673 -1274422196 311036111 
-462915456 1994005618 -921500801 1143568817 2140307999 -471614060 173311130 1577889834 -1554255611 -1736845912 -1648844457 142657858 236806047 1005676616 1032796580 -599153974 316689619 -1407148059 1560512404 1142381428 1805425936 -914664120 2008786932 261461248 420324235 1990312124 1547092592 -1541595313 -1020964836 1901257854 1486195380 -596143100 -684986535 2565557 1808013132 380436200 2046370319 -995433779 1757152970 -2101090451 1856236375 -56048643 2047379961 
