1046527183 21158035 -964609151 -297732426 1208550770 1480256203 -769250789 -2105298658 -1042390543 -454511679 
1575031246 841078406 116295824 -2020103120 974132731 -1507993519 -1273519296 -304286752 2035871230 -7483764 710153622 
1604135683 175701411 375068679 -426009022 1718788091 2053470968 1714552336 -117369670 -732099383 475506306 -928574925 2071147434 -1315788226 575841634 -1647036128 -470141600 886808598 -747229646 -1977075604 -2051871948 -2074620077 256492713 
-383386800 -765183066 539602234 190435939 -1248579674 -1281790622 1937636681 -1539202153 677785886 284217731 -1391778393 2043762328 749974104 -1190873765 615074185 950638886 10770009 -29434224 -766643343 396573955 -1249302018 -2142735474 -1312493298 1844039946 



-2068424234 -1864836574 3276453 -183050196 659206634 514786037 -1828921256 1913861688 489946147 -21284957 -981153849 491889214 1738719517 690947596 -1307309495 -933731318 84453591 562814041 1297272070 -792587407 350776012 1293951874 538520582 -383117933 
275713157 -1376885451 2085636270 1813255751 -566093855 -491509 1153174557 -1391405214 -1670971130 -140686764 2002496278 -966352168 -152843868 -1336095147 1153797715 -23206244 1962493825 -952917374 1723554975 -1363245330 -975429362 571307226 -881586416 -1056071022 953787120 
-1177547521 1543068958 1978577027 -266284531 -2055577039 1488875311 846542614 1094359271 -1107575786 1518224231 527543293 516782852 1795671666 -1262504508 1368734116 1558436959 -2072022728 -1521612403 -387151618 1875277454 -380801691 785196753 
-122921391 -1109532676 655363958 -1635252613 1431754864 1395765441 752556363 -587655044 1877119590 1363447096 -637736524 -1215513465 -838831394 -1267217154 793491521 654584951 858276850 1494423439 961165198 720059181 955239372 -1312888660 -2102319279 -2046882469 -2002634518 

-2013616418 -1528759089 2071465982 -1722643291 -787354908 -173872171 -2011233399 1308440934 261506773 717165911 -30449656 -335912350 -1767540090 1400496831 -695805438 339930598 160289739 -1320107834 113604368 -148868359 -1678943285 -1417509197 822504359 990493718 1685714165 1868450528 
-1459244522 -1310154890 -881619318 1496318862 303213426 1025147593 94046280 1110916229 1667516363 1029661891 832810288 2124048112 -210216575 -907722770 548770491 503677175 1902269330 636235322 -419665026 -1043259335 -91534108 
-1738611496 -542834474 -1485667420 -156715725 -915300129 -195496984 -456328324 684987840 421727826 1400389835 17281739 -1376169970 1268155860 -1237032348 1057631006 209613550 1324515316 1361631445 -101366915 1230698416 1995483198 814317144 924173900 1376402105 501816412 1279217412 388529820 991938987 1192004957 -143646409 
-1718115015 -2029993508 1392859668 2046203169 1658577164 833242626 -1668628018 -799329173 312696414 -743379203 2128267418 -2018468922 -1978967431 705749667 -909222486 -273136616 492430929 1882441580 2139749676 -137509382 -1837767778 -1610352364 1005902026 -965517644 1965423343 524003787 
1062714093 -935754577 1595355336 194438960 -2129450460 -1520371456 1931317452 124783816 -1099049673 1581125072 1279475226 -1882285449 1374711315 424673283 -917388522 -631791764 -133258980 -747566589 1741514164 1998081882 314125992 -961174523 -1122509147 1444103814 -1828292565 -1479828280 753243317 -586620363 1936012793 -1205496880 1486158249 
-714375300 -1713104964 -1925265005 915746061 -1358373606 1976118551 -2029507464 186037971 -806205874 -1537064900 2035802226 252025762 -3352114 613352110 -2109701828 -687710663 -499404546 -131249772 1774532601 486214748 -2084660496 -1282507443 -88812447 2070234438 879695736 648879483 1355685543 -1272155927 -290006800 -1757431373 703249784 -26243181 -609061921 
-1757471706 1863336227 2019819692 -710208314 1581435104 -1154901984 -1654383951 556990242 1048137414 -132923958 -1768892743 -1456426887 -1120610638 -606784385 1841772281 1875618522 2085655578 1065887081 -768288092 1475876157 1246625502 -604902168 -355092501 126658594 -1136890243 -717416044 148404141 715173634 -612274438 -737832595 1099921653 2091202913 -72225470 
-433615705 -1737646172 1955141367 1461308951 2043020937 1826517699 1970417414 -862972815 -251262021 147673992 -948139566 202107286 1229437969 446975556 296935621 -1034464427 1568046752 1941478403 1918894171 1417268154 1822340406 -507951259 -483986741 2051450940 -863084217 1778850597 893436618 
1512046553 1478703899 -2010803087 1712741157 -1749567172 172539521 2146307407 1063685244 1369907983 -439560616 -132138433 1988501368 525623192 1599765271 1032344499 -1102354802 1729377602 -699068112 161064187 1427866338 -1795190508 -1556061239 -334815059 2124081166 -489661667 51697099 1969649905 1827681948 562802671 -694692656 -1689270560 1654341266 -1006372233 936187027 507739817 836258972 -828917499 1041532272 -962752134 
-1147058588 708653355 -1613869675 1531801622 484278296 -1741784514 -291139401 853390163 -428678266 1839029173 -298878914 380445845 49334121 -1392488717 2073790533 -73227242 -457675905 -1308202751 -318269788 1652837113 -1072428721 -1219315089 -2017386 
1202542863 266324833 386061484 -337991534 -1654265926 2004831045 1912555859 194643739 -925192559 1813197236 1667343815 -1716689498 1591910309 2004979101 505109535 397866904 -22935509 -1809490657 817954986 863007170 737454128 639668918 -1490836897 
22350790 764438186 -1315616541 679545146 -1816778616 1649684922 968463837 1690625230 -1225363325 560503046 1980489675 -656885512 -1662786734 -520199136 -417095432 1922812436 -1310132787 450104124 -1779140845 101148468 

-1420699621 -1283877570 -1659394839 -2021231792 241909973 -1127439859 -703351150 551325026 957005580 1822431628 1524493943 258002124 358851327 1764423502 1480423408 -1190156463 -1591906530 -319025439 -1367004508 189173920 -759599298 1057089612 
1972135400 1461893122 -55380521 134057022 -316448141 -441138411 -475825091 -659384830 515718170 650697171 1750745884 -627690090 1172550086 -115088254 8263219 -85883249 1838122645 1074469499 -1673765745 -1392299143 -421358030 16122171 -436631798 
-1598550308 -867307770 715521309 -1507196714 -389009468 -1994735669 231862854 699660585 890985793 -622853328 1817756697 -1061802327 56416315 1592037821 -540691492 915428298 1405310013 50851142 -1876844531 -1228021690 1013963864 -1899361005 -1177928052 
626791050 542856831 2142047000 429904848 -8347911 -1214268916 447823171 -612193761 1721131042 488020050 1968629827 1159074994 -1041604104 -962766359 1369407159 -816793985 980029877 1835188015 -1673978385 1237811113 1030900377 833148224 -1332277704 -1541911461 -1003700648 

-1667130289 -428668983 296271444 -1496396525 -356825912 1699827530 -78855558 519368739 1410693633 2137331968 -23098569 1719798510 -550544019 2077717761 -1927204232 957971074 -429340595 2067642992 1657425998 -910116908 -1963795779 507247246 1710625050 1688968146 981176256 -1876981790 -964004602 -1561049505 -2020943485 871800534 -1453442153 2067690761 1784734294 1015228593 -196447857 189515650 -1871404764 480546043 408242451 
730684258 1588995839 -793298037 121305059 1930202391 1571664441 942649514 -243197040 -2016176385 -910297591 -341907045 1736407043 1922363662 1147953962 1822312599 60352910 870747969 686360820 487772980 -1283061902 1514358086 -984393743 -536025490 
-213167534 -1570395367 -558439110 -1970982745 327313974 1404202358 246002736 -1416285661 -952229398 -1466891878 169348225 -1530164342 1497929486 50272860 6452361 1646487378 -973014481 1352196309 2075957703 942671432 -1677814948 -83438834 
1862016137 -461648052 -1827825111 980994829 217586589 1647069676 -1268685547 64141845 964923201 569604150 1093628434 196034235 -1490715843 1114639538 462786565 648090576 1178832271 329068054 -1041479587 1717869898 2108996162 -1894461173 868142504 -1354880130 -1595207015 
1978449041 -1295486584 -1596769998 1481409309 -1910387135 -287898118 -694170933 -1003186973 -2095889170 176173941 -33397839 1302945040 1489025466 494965948 -1762362445 -1873294012 915788189 -1852795275 2032561232 -81473818 -1228490272 1825326976 1033432406 -1898922655 
1893769775 1655262180 1295507745 403601136 1400014464 1059964920 -1415228158 -347793301 -1478961074 -387821912 1116988342 1061200432 -2038289712 437807901 -637195016 -124593954 -1347495896 -221364143 1958167992 -325382050 1862443259 1459513487 575305830 810636276 -1921825472 2059711092 -1301874562 -145941826 -1485143774 598476891 28296927 1515150536 858801244 
-1241692443 -757621691 1159337901 1834132215 -1556511127 -2013694393 -254276120 2072632811 -715763482 1520809119 234955370 -1348588734 772599382 1747576191 -439844822 -1188677921 -1545543254 -1817086577 -890023137 463744271 1151772635 -1388771488 -1547676551 -1268713207 -661916187 -886093482 -712967094 -406013063 -969805917 1765952274 
-2047419031 721597 -2121737018 -1048609918 -777438797 -808193583 1628692983 1373288863 142556901 607686764 1766027124 2006905315 909469662 1868824523 15914958 545311184 -1576700518 1012938118 -1241065367 1849883968 -1421224373 -361166659 854570124 -1168600374 -1890718147 1280057874 1319795015 452078602 -2112416384 -1657737820 369892061 -1767510443 -670946928 -1113563656 -1075879704 
-810787743 1003766189 1592246919 1928760038 -1749643347 2073301284 771154800 1996068667 -1846314300 -244456793 -1094393161 62314213 -1909560254 71441772 -204129606 676231768 
1715983100 1888617773 -2112308909 -923470363 -353893833 -1249496682 -2030320120 545431079 1701377557 235161691 -1758551760 -2016133089 -1210394746 712620244 1188168306 291545691 -1997671613 -2140916640 -1586230369 815595993 -860253678 2146951980 -269385915 -1542204749 2097590428 -1848739364 1041717454 -72486133 
1480264703 361321021 1880165827 -1142973543 -310895622 436531820 578830621 2138082788 1128162174 -2023605093 -1378700698 -575757349 -1272608684 2114309982 1078180777 -548845367 -1489112010 -1023585643 1211510956 -1575805958 129574451 -449004902 745895836 2025756333 -1916676802 -14813455 

1202847054 1888641003 1228763597 1874334241 578357058 558860882 1925499902 -280853068 959760230 72727040 1471798228 -66351139 481581074 481653585 -1875047024 -1043202144 831637677 1671104157 1629765995 1993010677 -1480191274 1888055996 -851769979 1468945385 
-971407150 75350200 3781069 1086741575 1193363338 529033319 1196457049 -1441432603 492882748 -755739290 386931363 -193796397 2083558816 602882181 -785284069 -2038735674 -646389039 -1390809148 1047734712 -1238870161 -1016903287 -1247180545 1841399415 
-1740214701 -1021726261 -1272956871 -765586153 1176442880 616940268 -2041815309 -1023509054 1079602970 -880743103 -2122172532 -1675330588 1045965296 1208440484 571965805 -1132722773 -627856646 822568778 -380501829 -618882186 1104694380 1443882791 
-1837686448 425771145 -466478678 1353668795 1941749298 -186899228 1709276438 1418141341 -1279298255 1847049197 -331648576 -181601319 555540397 1717195652 -921424004 300873771 1830609554 908563031 1451285463 -1037320593 1563854878 -1484170967 530710636 724844549 519220056 -287168232 -1057120660 -1328416703 

1064751142 -1825023953 -151203379 769003014 690059765 -673318606 1251965281 1891988673 1464888831 -1924080520 -1767176842 1543988800 1609603906 -496250694 297921034 -416144354 1292867222 297862791 -1356072669 577508156 -1550627753 -1921358569 -1684307 -208291778 -1866493572 -1901778237 2065069085 -514642052 
-1820032780 -409341148 1601334182 408010094 704328083 1820477677 -1847964781 1167140820 -2077036169 -1257094005 -947875273 -1555703800 2093133830 -274500065 1859160025 257647413 1924620236 -1002690940 -1593201773 2029353409 -2135879559 770477145 -1702710387 -809008000 -1349570764 -829318656 
-403388342 -1292298400 2032833069 -1397501332 2002039610 -674236354 1586859251 -517622582 -774561376 -658590265 -1235311711 1517607498 -302402310 1308657684 -1212903587 729187203 -1285490615 -1747275429 1211562538 -2140268049 -1721804097 573312741 688442245 1070291528 -722766211 -2023014094 -712101869 -126099805 
-1661425554 1624105527 410083732 1150340551 -445972763 -1336916875 -79201824 1807890688 59950445 972625810 130418445 1382344465 1658240590 1245301395 -1339965436 -1627912105 1612526216 -369713777 1278053327 1053127015 -1645952174 1540320067 727724336 -647694782 1829803957 
-1812603013 1582229610 1603434363 -160238834 -1301176083 -1247684492 1139046878 -1839437398 158338130 106313471 1742098356 -1926966556 -195545584 -1669152991 -1249882159 -1928905518 1797365648 1275597299 1518754625 -301979648 1712254814 987776278 -1015851104 -286638178 -1967458125 543007736 -1272086977 655519395 1519578199 -1462052864 313011243 -801964055 -156563720 727876813 1488096653 1432937415 
731030686 804188534 -654024637 -678120318 -1549481919 105850364 -2035473398 -236594087 93469202 280978865 890431574 -1319929137 969102786 1863953599 234499057 247225771 -906577318 
-2123703131 -2099270757 680743029 627860881 -1342782463 1266865444 1167907526 -952539432 210175361 487975512 1502933718 -1370139842 -1970986097 -127457829 1306319438 231088612 -1575316705 162794738 -557159539 -2125776078 1939675963 -1359007908 287500861 -1236921791 -1120858659 
-370794640 1844285505 1268815702 -771844802 610514826 -1671294462 -2074550659 -102670167 618243307 360863127 1096984073 1062682250 2037476299 2049805788 -285308543 1491230058 -1382253450 779009486 -1447539776 -2141500622 -1300762315 -626037811 -1103888862 923131544 -195525995 546491476 -687044230 99242385 1493629724 1825341334 461620489 
-1338638917 -1954627053 1284131327 1122401629 1316644387 -2020899190 -214025102 697159353 -1093874788 -911001488 -939376825 -544158352 1816374305 581897431 1873690828 -188258682 -379446627 965477709 491526706 334690754 1239827925 -794103189 891036500 -705306909 -1167587960 -126526392 -367452878 
1077808206 75781372 1392638223 1377323187 757454452 -1909397370 1045228070 210178147 474913413 -678783865 1129416088 -1969390977 -1306463732 2100892237 663093521 149503367 -1159268787 -1549728650 -668127874 -2003608158 1973705880 1238183413 -2081897323 1979100156 2132944297 
259921663 1127639631 21199492 349789516 1097352027 -599878502 -2008485161 -607967019 -1634339174 1843545893 1296807888 -1898768283 -211599777 427660430 1230248025 1178689056 -555721365 1453246842 1473682056 -1575839227 2010072652 944049201 -1589464448 1639214059 -64056640 340462381 -651848563 -1772930547 -1030366038 1002240322 509590690 134360979 -1664371275 
-1842157587 -2018185848 -584979538 674759110 590005613 1341661150 -2115006002 -396269409 1795212876 1250255107 33612790 -892934184 -36918697 -1646378344 -252205183 -10822881 -447230133 2119452548 -115738965 519012964 1489954073 -1057401271 -1475762925 -163580885 -116932198 248260592 -104773284 439626624 728429284 1686778028 -225374136 
-1648169665 1879907791 2079899860 -1203044774 -458442766 361036025 51411857 -1821838688 -42319801 -1429268199 -477654142 16044264 434659547 1029133581 -990306881 396169050 1820394713 1263415754 -861994167 1810302787 -1110762114 1493148926 41998549 -216389237 
-1602807867 255070486 -1000951733 546118927 192917621 2029976015 225758074 1068532797 -526628934 1828200300 -803575606 1690945489 769250411 -117514148 314196918 -519485956 -939568265 478790939 1518464690 46593554 
-1044327285 -1804761639 919134226 -1032727245 -1493466111 -1875710929 -2040039340 1717880741 -1132576377 -54336716 -1954522974 -576801418 -1585565070 -2036035310 
-1018728550 -1316444274 -251029611 2004964473 553903858 -1144534678 483339866 1264536920 355608987 -321950469 -123012566 -96301754 1048960409 750810713 -321598628 -286662025 -1042581063 -396116664 -1265637911 -211531387 -1020484641 32298190 
-166789372 -1131929116 -74438391 1459292884 -148215444 1847972911 -897845167 -1254680848 -1497236796 2003011732 -1306732737 725307216 628522705 -1991750862 -219442493 107341520 -1089739649 1968712777 -386971655 1175125875 -914501052 1199870705 278251174 -1015628720 
1558066598 -2116586783 -788737125 311290412 548784191 -1721251799 -1456992788 584949549 638961955 -1886167070 1815579588 -1026516681 -1441791420 543752278 1367293364 1355565981 -1205121650 -1545395793 -1348733961 2120471337 -1730625876 -1823849625 -392586791 316889834 
976581614 320118423 -266213501 -93624999 -625201275 -602523685 -1228354622 -1343329829 188240368 421215285 -434504616 -1595877827 277703177 5050352 -1420988494 -1685172456 200945792 374294286 -1178465558 -1559426847 1923653338 -1542280148 1304865934 -1074624745 -254188185 1009725398 1528449869 293238015 453652806 

-2123393947 2082437765 -1576768548 1566296954 1112850106 -565889858 1507949051 -1737113540 2096563984 -1193019487 111536839 1215518787 -804213385 -1258528965 1506934753 -12178678 425994391 -1591216406 837136593 1303397905 -1554124867 1692668992 -1961169355 -440348518 
-335515901 476717436 1397420941 484168305 572473977 -909653301 -1389190334 -620341911 1541703961 -65246210 882573077 783656053 -287772823 168382793 -1256066774 -252013971 1718039058 196893534 -893786312 1120720887 1314391530 
583853831 -1145866524 -490864092 1531596877 94722947 -628541151 -273687511 -1476754691 1487662802 401186190 982666001 -2089192913 2080815097 2112230585 -1142123534 780721705 -386349010 -771920607 -1690035551 1835769202 -2002301624 -148339001 -879066804 -875311389 249385994 560426848 -93025457 712607737 23163254 -339278406 728335360 -1115138136 -824317028 -1229614044 710643268 549164001 41956813 -788593866 661565728 -303324898 42721487 674196182 -1965170986 
893419774 -613905510 262496566 -383132326 -143585196 -848287694 -158660500 454048918 -89186365 -851921989 645933269 -847457066 -295938785 -75943935 1161059842 1837221096 1084562908 -1773745433 -590601406 -2138073390 2145480172 -931837846 -1880545497 854056754 -664461223 2024382016 1758445215 -220571136 
-1300952161 929314908 1571524779 671440532 -1549414460 1161112794 1218286443 -1479529730 -1757487359 1873360380 793594770 887540079 177437726 -141233197 1835583325 -1276920072 -1998611503 -1922571565 -1374344454 1959678551 -967330093 -1687277854 1141661054 -52394499 670942762 
-241811454 1832998791 -1352089883 -2051593011 -2051830319 396935553 -187551963 575264331 1703747633 1734873964 -2061126561 1368983417 1754604388 1165525803 351566772 -185804764 1428268150 -1090957919 835557663 -1081532120 1807093291 -1153518493 -748334510 1200824861 -107911257 794959469 1370391454 -259549973 1032950260 1139850610 
-1416424847 830785164 -1899263345 177581892 -2030409421 313969247 104502610 947786690 379673280 -1233239411 -1813985780 -1795425742 909174313 -1665438868 1054760818 1154952978 -29492369 222009086 -1499222507 269056234 -777125763 
-1042379253 -1263159587 328599895 1235254621 -840522052 -1044086367 -905878180 1438162099 -1371179486 1766666834 -588604875 -1582466049 -86215777 -2081336560 396634225 -1482043137 -221230073 -1789918804 128735547 1853420694 -226884367 -1379584787 852300532 -2079848474 
678548603 -834807053 1169398344 1570781605 -1125959825 865071961 -1757423766 -2001803384 991045201 850873230 -690189069 1983304460 -722071570 390143408 -1658256012 -1319176932 -61955798 -1941340573 -397055327 -599841129 2145107017 -1107347154 -1089264500 
1313762676 -1767321370 -1998330978 1478154347 -353776552 48880685 -1674150241 793914195 362103403 972453468 -1990072813 2126717838 974462411 -1949975251 -500723564 522686985 1905181816 -500932227 97646842 66814275 2026301759 1794874569 1245834830 
1612772695 -1752562301 1772020356 862256930 744012627 -1013260828 1434201829 1238521417 -697087451 1130640816 821077437 1798237176 -2124578498 1130271545 -1112411538 -1412390513 -1990925177 
770041098 -2056575516 -870060776 785916870 1834401838 -115285001 215360879 -57185081 1962783987 -1729508906 -1241868978 -218500268 870718199 -742271946 -964248943 -452656427 909266899 1292010376 98469641 147473553 -745489205 1720461555 -1745408510 927058687 -1931096905 1278540821 1897694028 114747317 -1382690436 
-2099268828 -1076255583 120834036 -12312465 -336910465 -181236970 1178870973 -828781731 -926925182 1283166889 -1405916015 636965378 442292904 401442848 144606347 1427804829 -1978303341 484327106 612826811 66747994 732452912 -1652616199 1024448804 -391627333 -245307870 
1836301369 -1058398105 354836890 -1313726958 1840565048 2010786312 -669262236 2124137712 -766813798 -1222363476 -1823376341 -1432528609 -1665421008 1765395977 1111952360 -785444997 800486717 1492060124 -753076903 972034355 -283564005 -485395248 -506113199 -499672710 
-1716518622 1387294740 -490129705 -793527601 -1144788233 1191280646 -1302718101 1183335928 26308895 -2084028623 -961821790 556093141 -1031364628 147665306 -1446717361 -870579192 1088272112 -1200322300 

-937404327 2059804078 1746300673 -886115926 783659195 -890612155 1596822151 -879813880 1292849097 870319646 -863544359 2139008186 -915656000 -850429096 -393825949 2091182838 -1755103353 -1781627917 1544056530 -624203999 -901088736 -931468173 -928566444 -1792386429 
-1660400207 1503580441 -854496664 1699379476 1176949641 -107632616 1729131315 -842141157 -498181958 584659021 -93523699 1665042967 -706393995 -1600981094 -1361417149 1126952586 -506936757 -1903873596 -1429749865 -659044386 -65810234 1037877048 1150931934 795071728 369453430 
1555762286 581972280 -204489008 -259861172 -1404152630 1810065342 206778764 716493508 -212598216 1362071405 994255765 -686581412 1831805609 87386227 947294730 874384194 -125037400 -2107191609 -108350830 339188302 -1071679657 -1672298595 -1229779145 
217537024 212218691 -958814331 2127947434 -2032550104 -1389812936 -1235751605 -1484102721 603893297 -1176094859 -1454302545 -24576805 -324283309 -77152815 1846920276 -1468277925 334165628 -1972292896 1618992137 -14620477 -1693267058 720516823 -193310527 1553163761 1502688742 

-739796749 1691524202 -1918983617 69919349 -317838662 -1173170711 -9859162 1565957626 818520123 
907418354 -1478761699 882782328 1102762120 -571447850 169203891 -834009134 -805740101 668803610 -1687443037 -1807246055 1445529617 -42364607 -1613380997 -25251181 -1158955822 1053820175 1760051407 -1193544276 2076038195 -1477259705 -1368766544 -1987931641 -212193403 -2075114206 -1781480794 118727972 328679653 -2016976790 1819136922 252290525 -779613050 -1189485698 962085873 873361253 382083320 -891443691 639978816 891845234 1550617923 -87259608 2059960844 1978373377 -139651528 1920964073 395104641 1991818598 1834215569 
-1014607038 710553246 1473268505 -180865142 -90013074 1755576275 2076186390 1355395387 -1510288191 -1750824517 -1294558558 -1663134693 932687029 1060746509 -621471224 1054739184 1269784737 1258756774 1117673047 614445317 1617891378 1069259630 750471604 1964509435 -2042121781 -777099382 -1451591666 2054113588 -73934626 -993442622 1227904415 -190373614 -1207179664 1578523128 2104821931 1656811183 -897116325 -1953620718 1680121183 -408572454 1930598523 -1725125746 614664658 -1004157654 -529580426 -1859889811 2065258400 2021545935 -239546547 -1569443584 -595411552 1244559335 -950865439 1669447665 849192109 1992745929 
-162444417 -406048005 1163814086 -570230040 -168029671 917615768 -777700217 2099369452 -1288279300 800924232 804071112 258127019 -526254784 -1520609896 -2102252767 1811478426 -1750658475 -345182103 950822704 1828599515 -1656209632 568609611 1676419521 -182226297 1092218403 -1482888769 -240431142 -144866857 1814075029 -1014473545 947835476 -1530362025 1542466553 1045635289 -121456699 1304703325 1937331491 1231890701 -1093016867 1276204186 -239967130 1024558466 1567841165 
