1704083943 -782179164 566529805 1952048943 -1205552791 -596744259 36950878 -1983646187 -475773686 1654833444 
124301860 -449513878 1785775901 -926435595 610392670 -454921990 224271052 1116616465 -165126083 -1560331367 -713309137 
-1444215432 -1866795444 -683406224 1200432034 -1828162902 -1517577139 -555543565 734637116 -2042003162 499279494 83393974 348184126 1162010124 -574260613 1614054097 -1498795403 -1068715240 2141015613 211578262 1261805676 1772135136 -287188735 
-1257165138 -547049847 907840341 -1086553755 -1089230838 1196021791 1140612129 644334429 -1489515607 419883978 -1972744081 -935560442 1428729721 -1958763082 1927690697 386089507 910285365 -172338913 -193373341 1210924046 -1931835081 -749925136 -239714813 -1509424683 



-1817661214 -859835050 -1025468787 -30129650 1197732871 -1019408815 512433777 -1159778039 4233696 -1737069783 -239217565 -969219514 -1740315768 -115151692 915469461 481453473 -166478961 1040943705 -766121772 521800560 886649565 2128743298 -332860985 -2098901325 
-1127819473 -1027928464 -950344291 -1485383721 -616169572 1250735600 -741564753 489753682 1643225369 -591569705 -2041424148 289436449 -1765303655 -1143279284 1707477148 -529404570 303388401 809996909 601256285 1476584719 -1096099154 -885235300 1008195963 -1250252538 -98920505 
1933531614 1839928571 -1702955817 746239493 -314156070 86908389 1065265464 746689410 -1534858196 -1159647983 -734332101 1831650971 -2088714884 1563602262 1340413917 -2136100895 2112815175 1736610532 -671265602 -1604918180 299053123 1629421354 
1167532267 100078621 1248809911 -1501548012 1482863756 1337411299 1444237553 1474631208 -2045006747 1869356222 1407076801 836521717 -2147271259 -929457055 -847061752 1061795188 -149860837 -798195554 779332131 -1505023600 -1764307576 1742915945 706136579 1665803580 -556131425 

495484184 1106815643 79974946 1993078463 -657606360 -1206970640 1747386908 -611705099 676154663 320631158 -373439434 499305724 2107817078 -1172659297 1483646714 -1351951045 938094825 -108241112 -2029291384 2136850115 418632014 1358182527 1503685053 2057705511 -204035358 565297599 
1386067025 -715483945 1428677592 -1721007312 -1555831100 -1712739268 283430318 -214485384 -1449728874 291858663 -144799749 1243559799 898422693 -904529263 342437439 934769953 1551140046 -1080564645 1643564648 1080632085 -1780045253 
1632257501 -1939663554 -1489514651 910416868 -1659496821 -1975336912 440375291 -1996393918 1709121427 1322111750 -766500140 371020233 1652289610 -1406016878 822897325 1530516024 203604333 -1383686440 -1138583840 526373362 -972261733 -704893578 129865844 -914974693 -1410856374 258971631 -662411348 -630800686 -2049641959 -585628503 
-2070966921 97868140 -1891996456 180029226 -1929717071 -592183822 1580636803 1829061117 492069913 -1530882564 331955885 -276269456 -982677050 -1261927494 763871241 -1481209020 1933176223 2018046915 2027680445 -1388498864 -1481640206 1663377697 700416002 1050931139 -1185954707 -2133050107 
1541504131 541265840 -213581141 -1624404681 -111326985 47176235 -1487902893 598935308 1441554873 555130916 620630393 -2081969034 -1258388317 -1454796477 -1469152390 -930076840 1689159076 550483274 139937022 97617647 1398027440 -386558864 1814641666 -643082605 -909813769 -1165172519 -88893099 -1069080965 -982848314 631737140 -43487116 
-505343195 -748058315 1684921909 -958741371 1043521012 360080092 -1814639297 174336733 780270913 -1848394154 1443146397 -1453719413 -553508607 781425185 527922403 370689104 -346349738 -722997647 -848729834 -1062519751 -568823917 -1875728886 1740806671 -498690765 684855439 -302355115 391732531 -431818318 -801484511 337289350 -789100468 2135546561 -1657919877 
-1715499962 571210252 -1343711509 531328990 440011587 73283028 356206972 996715967 649628030 -307749763 586773848 -1393035863 -508254972 907678891 -1473493183 -350291670 1689223672 -528335331 1970932631 -1079696235 -1830700329 797917206 -814286822 -964725888 705976126 -527475691 320251465 -549337983 -2111012131 1819006208 -1771593061 1145831366 1145878709 
380970639 -25873341 43045268 -2146937603 -1885706919 -2101346872 -1655988183 2018077529 1809976114 -1854194465 -1077353620 -1637156183 346690233 198674757 -1916411137 -789425840 588734874 -1855389906 -836668236 -1333825346 1769285170 -1554353960 1289798084 -650401376 1859057405 -2048114042 908633398 
-310240276 -1961872798 -823606558 888975550 -2013895091 -2090425790 1150081569 60523906 -1946581538 -666062874 -1206359686 560430169 -1817347491 1937501516 -1407949894 683291585 -558045826 190291594 110860279 -150962983 -1658688473 375448694 -1647060344 -2007833075 2038104021 859817246 -829567129 648570249 523931916 1410682908 1558758672 -922968753 649248617 359403985 -618030461 966134546 1534060073 1970119694 -1646030008 
-1455640936 89142679 -1773319781 -1536648105 -1595223609 -1978244877 -2108603757 -1150146841 160456914 -127976792 -1479266327 -867163310 320865680 1846073640 1262183201 -1225835926 -963320211 -1350123102 -1015640225 384617774 -1155021688 193901970 1986457713 
-436598432 -892891763 -214071381 617442621 1849552906 1583043718 -1433632734 -867115319 1886839389 1956143988 -1947517337 -787120437 -1449887435 1737519117 2085764493 175760051 211532625 -1966524323 258462718 -149110273 2116387990 1995458593 899137046 
-1231925602 -1192607269 2119347712 478841393 1516699598 886310763 -1352043157 -1384438888 -948345080 -1908848232 -1505119979 280708098 1267906726 2138239431 2077711919 445751515 2092619126 640680679 2004849156 263700279 

659118098 235004878 -281462857 -681724447 1752414632 2094313054 1993732882 1241458470 1950604218 1386625937 881969749 -1346621623 -2100709486 -1508852293 -897496660 -896181326 -2144438676 962790698 -1135933078 -1726306595 425559065 709674061 
-608978957 -1190092384 -898304395 1993417338 -164191119 1602788950 -1872513443 1602607822 1869217174 -383574527 -1555950129 2002422707 1887826993 1106636894 911015839 -1635875592 -95089990 -988650993 607872173 -424060719 626227000 -1339013843 -567778643 
-974321323 -1189499395 483356441 264521057 1035872699 -1718139219 1567707188 -1876340444 399104941 1130392869 664797758 852587093 -1029797899 832646338 -1567565991 1660644656 522120428 -445640573 311227021 -1667783648 -296877520 -932074975 -1154827640 
2077098789 -151322718 155995048 -905597355 1587457088 933511310 680320482 -1051908563 1178721971 -43364101 1569879784 1231831347 -1895585236 -615459678 2116018462 1803481754 815930726 -1214831810 898568306 -1619291226 -168553042 1440766194 999591243 2033296922 -1676441043 

1853051868 -750430811 45693679 648745888 -346825655 854292756 1777348835 1000566802 -712117423 -379397597 -983189494 -1015250396 -972245718 -679994657 -1814233172 -798992909 -537506729 -1470478751 -1264799527 1404436454 -317774462 -1260927800 -296700739 199637233 -1051832516 387796305 1922513278 1633754526 -1881317292 691927169 -307460121 1711890905 -76618560 1295112899 -1472063893 -1942986724 -328374541 1517320688 -1649336631 
-578284232 1128234381 1629176388 2124029484 -568244962 1643830406 772539704 -1074992421 -286350721 -106740801 -2091815309 -1400844475 -174300069 431500232 -957559620 336809406 -2011733062 -274847238 -884939806 -1980059836 -2011214480 211796033 -1428931627 
407819966 1643115030 789774984 -1324560555 101315228 1471708851 333967071 1017503745 2145431619 -177286212 -1950505266 202195203 278342814 -186611524 534465625 -1462382605 1453273389 870480011 -766882094 -1287376920 102358296 -1921385773 
-1491601708 -1159595448 1210385121 1174694252 -2052278496 -1975377081 -286043865 -1727933971 -562626750 1408345566 -909897881 -663094515 1025036202 -633997928 -257062867 1765487322 1344182744 1676871203 -158548257 -408094640 -549533541 1411382090 596636590 -2048943006 -159320838 
1473469974 -990054585 -1876548127 699202023 -26968568 456946471 1092476992 373902949 -391545789 -567827422 601054268 762906997 -1657433272 -716802404 569533561 -1334187507 418255208 -966289010 -1478241464 -1399654722 -628095892 1828050995 -1734252078 -1942190962 
-165987913 938438879 -366749552 -1922867310 -1882983276 -408397643 -253819233 -2044250334 1716334349 -2016907510 -1878878628 -325606254 398738407 -1451063933 -1670567278 150470009 -490838863 -1374526066 -592743175 -1354929169 2125861712 -1503459411 -1069871464 1376311390 -2126963280 311886236 1860018789 -644888352 -1199930911 793388429 1699669871 1778291437 400030938 
-1895716685 -496297198 1494738036 -986913196 1353120038 -838538951 -2005681478 -1750055427 810472622 344558518 1661149983 -808504239 305992069 929880480 -274555274 -197201633 558111698 -983618770 30492030 -526459015 -1919695025 -1110415963 726631153 246659974 -805064006 1953839823 -272932978 -1312041747 -1138633916 850155010 
74821539 628279875 -787697251 -1594192275 1702304889 -1836321192 312947500 1906755916 1769520209 963132740 976907136 167738319 389486871 163890783 2070320089 692838355 14467253 -1274641016 815079177 638985022 873139410 382037662 87113179 463169252 449244958 1510647894 738540507 -855629232 -570345349 -2083843073 -1451835295 -1850641414 1002995121 1079989731 71062564 
-111927177 1001117859 -1152805790 -540330884 487825793 -1984519976 163135707 845446857 -1689944441 -169102532 -164473971 1368697102 -932372563 -107946086 751270952 -748081117 
-1325973078 -1356691995 1723048079 -455889105 -2000449701 1001885209 1678779674 -555016364 1006996124 -1020348036 942297503 -2127105317 393143228 167092226 -1311428895 -1221530591 925771545 1775446448 -633368964 1726861917 1549659973 -1457623900 -1818613022 -1364769722 1648581122 661375114 309135492 -1427487708 
930184621 641869925 438651784 1606529251 -1781362196 1376939601 -1134445271 1887773292 -956775160 364591980 -1676287223 -1135685511 1395156237 1402257827 -150970091 -994659836 1083718515 1620419023 -1570100525 -1986967416 1889331246 987638942 -1192037366 -1823156451 287670503 -82619795 

2140030941 -1766848152 357676449 565631433 1829497399 185174771 1061273709 894367263 -1160868487 1531937763 -1295295420 -436550684 1139812915 -386696338 -71474977 -1254144893 457664311 -731513835 1309759262 -1213603962 1573053356 -1860002656 -502394987 261941909 
-1498665787 1704779302 893198744 125049624 -875677295 -1922914428 -1436435874 1668090569 1501527448 1037119246 832810374 1940063053 -1352545452 134607205 -166149625 1379025074 -1214852475 1032128265 1644300401 1803724741 1751241847 480396896 1857046968 
755380430 -1794929025 -1504437445 727231749 1672232133 -616536780 1693545716 -1503146798 891141798 -1598354063 -356683179 442342723 -1613469471 1398482502 -62363018 153843267 1551479661 1268272035 -841749789 582038320 -922811709 1811370359 
1347829167 -1282589360 163977947 -1617895449 -1566045385 1681808904 -1053146204 -1219109358 2048707144 886485207 11147890 2083973575 -478358851 -2106559127 1749268072 -1868945533 -2041161723 410905304 -1240839172 1994573852 -1994817492 -1540795076 1320725398 -1568880418 146290949 -1836655189 100644533 1310578983 

-2100644422 1721826088 -1481356637 839186162 -1849273332 -778320528 2005229832 2032696332 1877219264 1754866000 587009254 700566719 589839988 1223058049 -132223057 -575297832 1138079204 -1769053380 -1138507389 926830602 -1968002072 -1158420850 1073131064 523602314 -836373247 198279818 -180973230 162106987 
-1600735081 -298993701 -583011930 1279902964 937610388 800215553 1709761042 -437451911 -1050049083 -1162799623 1003343989 -398689522 1750859242 -1322877845 39023221 1370188777 -2131397242 -1869642356 -600709391 1872061345 -348630574 647362757 -22180661 -1948129684 2131232956 -1396571651 
1406847820 -2145031699 1647846355 1656205307 -1079908301 -416992003 2074967014 -229041050 -1644713488 -1104918975 -986276510 44517679 -652115709 -558520910 1150043025 -994858076 -1155395329 1765336393 -1287899955 1419751255 -1210763104 -320670015 -648868838 1321645288 -1676624159 1434939824 -541828436 2046974021 
865191482 -1099255916 829056973 1522506263 -640379566 -1507939144 924324466 -1835573592 -210846787 1547356920 1633470374 1015788673 -865959500 928920657 -1365277402 -768698089 1046702877 1216532742 2057727498 1494101079 644595254 556835031 -758336166 -1660081712 -1920264026 
1555878361 1692366563 -2096165338 1539736078 439530923 283211394 718296073 -143466631 1731805286 460445339 -1104349755 -1108757118 -836660304 1737637653 -1162840886 1444095986 662095532 793613295 -144996005 1748793793 1797974648 -1551373169 390971100 -615076736 1276138662 676133929 -373753288 -868405072 -1023941680 -1937576344 57718076 -1571746513 -2100566031 1715133829 -1245439360 -339721431 
1569555234 1882277641 745043605 -1383673278 -2138886361 1840041495 -1472381234 365548877 -983790791 1208586206 1777397833 -1393992695 601935403 555992366 1295786779 1220805257 622491329 
1337801076 1724566368 -664286846 2066464787 1126450744 860137285 856937414 155046321 1108599753 1215240461 641211307 -2103753478 -1036440559 -1318855493 692996616 -1204289551 -1706986133 -1886844885 641297769 -437475772 -1139670566 -1700748533 1334866441 499520312 671711914 
908010229 -703474009 -315230373 -651175481 138970159 -1581517030 -1225567749 -46011249 60207831 -739633111 36612051 -1630414713 1273198415 2090455984 1168551068 998642217 704286130 1877514231 -395810330 -1726735895 -1462189569 -937010331 1406510144 -1859276496 -2094006569 1053678126 -667760353 -881692769 -1391569161 -377023060 -1212765172 
1155015579 805532264 -95086894 690138602 -1440661914 -552795535 829256761 1535944785 -2027984980 -298388770 -1371966019 511191289 -85025573 -9183790 -1847045344 -2065316243 1648591593 905722441 1795408225 -1260573311 1620910774 1254342084 82158489 -1201167824 132234560 310705412 -100584620 
104176978 -1359937 -3254702 853994749 545456094 1829239611 -1265465235 1476774949 -176385678 -1581777771 -296641110 -1750459995 245902665 490217095 -248522702 249321569 1508345707 -235367347 -125167677 -1731638903 -942174213 -315900395 972998483 -544855780 -842425063 
-9469359 1103501027 -1064128584 1319553481 -1100267457 532896577 -1851000630 -1695429004 -329779974 994291602 -1784991344 1175827817 -720760977 454510430 652398237 -75709711 -730401693 -538735411 1439557814 1506547856 1494850924 711875378 581308032 190157852 1229270780 913990289 838443821 -778338543 2108015722 -807944019 304708733 1407072568 1763851684 
-1580489098 -2061542054 391996710 1867252105 472135758 23363316 -797245454 -2101062206 -1669962094 -385675942 -7761281 -1665145043 -1067671390 351866406 -1476813836 1784007672 1046454885 -138329856 -1776459288 600722085 -1850597162 316165153 -1676730867 569577026 1348667625 7024310 179184271 766651765 -2024655528 1036416281 1566953373 
997853395 -1034638962 -219478035 398543021 -842284140 -53977321 -1977577644 -2013943879 1709070774 245192750 1303602566 -356282641 -2045930071 -287837645 -595220231 144756248 -328013684 1979458927 -436542486 590964965 -324026244 -67663281 -1253734245 307150610 
-1965288390 87435384 -108624918 -117231567 251462067 752361414 1706490471 -1778419722 -593790140 96461855 390355161 -87160418 357191573 -324915368 -1361590848 1720775012 -613918099 -777484668 305733549 520911635 
1550564758 601011675 1926750739 -835628295 1405451381 38973786 1619131693 319830076 -1321695282 467776628 -177017441 1622599146 -209229573 -1731992024 
-26394053 -853580387 -1695553160 -1390614971 20461267 1129877830 -1707287644 227831873 736855898 1738451229 -1450092046 996142444 707080906 -142538351 -542448782 768256866 551222536 883650215 -1921425131 831814996 1345529143 -206202370 
1489988841 1227523794 586157393 -893489409 1440090784 -14395507 1991910202 -87308944 1805377 2110017001 1044111578 -2077068867 -1815873323 365364677 -3388523 786890425 1238907195 -607388995 1066661314 -1933061090 1210500327 156590617 1558824866 1392038486 
-639187171 -1274829573 1985718136 562001465 1921924279 -1098043683 1353767494 -1967306982 -2075171931 -1572724409 829620592 409414935 -809830039 -1997674205 -278160174 778925604 1045440246 -857646692 -515132478 523325946 -694956030 857352422 -1499688226 -190660903 
-371364975 1629263387 1197900452 1622258112 1251890470 812008573 -1242705515 -903609209 1908869569 -1951784677 565946307 1788462490 -884190592 -1585520601 -1373450521 748114370 -2131563466 203007440 1322206540 1041120281 -1615799133 1766962503 -1125102093 -1034820455 996158827 146870715 2104816198 1861218390 -1636984158 

1252086502 -958689276 918572562 -1008464023 -129843214 428052017 384966134 2045500291 -370165177 -1836873889 404828567 97718599 1291185252 1291542585 718770483 -382574242 -1700272447 -1829455803 -1869863846 772287416 230457977 -1688112645 1903291575 501892490 
296846740 820763135 1501479239 2063323686 -1357946809 -749680118 -180656199 -1201342673 1926798212 -853087103 912943080 -1881313603 1313565002 -796612430 1252419263 -223002154 -1313678535 405308032 -1745108195 1122010455 -393635937 
-824359539 1853635658 204312376 -370368217 -972121383 -954770493 -214945304 1166785449 -585056410 1357194558 383047461 640153217 392078539 465807705 -818236040 378023711 1417361313 1525923235 681906013 131552121 703157855 1367085894 407289808 937302483 402585283 1573749601 -1700505411 -440511151 -2027403915 -5902162 1552231171 469551695 -978883073 1674257408 1881895460 1107413020 -273248305 -1709047983 -720325810 621262553 -257911289 -852923290 954934025 
-336441066 -171474190 590609787 -1853001674 436290306 -220914243 -81384402 -1065184083 -1124463183 -1833122925 -449129302 -547695610 -209280759 -503000917 -1918759626 -1497823544 -1554482057 -2042777511 536004671 1720271110 -211413846 -1159335400 -526270418 -1951638127 -1734979931 -143475700 -1841537219 -888782034 
1503282181 -485300521 138987533 -746136379 886744635 -2092554342 782297139 1018178343 276067293 -1194964725 52885825 630046369 -879990162 -1664335825 370166525 1162108307 1493132859 94903998 1005847798 -1298455564 1625912917 -415925960 697316514 1331244572 -672862116 
-802363363 -1122914185 -11209721 1400714731 -85227390 551032521 -707386178 1650507274 894036529 -1452285819 1722982053 1201772062 -641945761 420711526 -409197881 -1844871418 -1434487503 -1481928775 -911981078 -1099728462 808846883 -62609981 -1353723912 1971004427 1182533879 -310171300 -387141805 -991621411 1687153167 -150940404 
-76049112 -1423189253 1960454510 -2097507129 -1233097752 1389872047 1573749320 1870800954 1465933788 -755638105 -944087031 633862673 -2080632591 1164480126 -537789497 -1773753817 561637498 -1977613407 1882993993 -287030049 1409506236 
1524061892 1416452566 -1246220936 807223996 351213749 1159152485 2102967376 -1130661687 968147976 -668798391 -610908409 32466330 1879723214 618102485 -224125375 -1194158750 1480559587 1923828342 1411181514 726783187 -1019481450 -276999859 2119226958 -2142898963 
-1944345699 1823708037 -1272901185 -1366077390 374979428 1233450052 -1885952138 -78002040 634211896 -711146210 -593648470 819120616 -1201861349 -661276026 86083987 -1288467590 -1096692507 1790713899 2003489303 -1983522158 -619574 -1336113529 -598207099 
751411061 1257256710 1021293966 -367394818 14028547 -333013429 877800087 -222636101 1989798075 -1780763060 -1560830460 -1590740091 -1505398067 -1297860451 -915334908 1698121022 1356455141 117569295 1124586676 -483125648 -1689383866 2031947424 1360717531 
-91747969 -1070541303 1975456980 1019393261 274448511 -932416706 1301808197 -1934568440 -822319320 189814759 -655253061 -881877818 1353993609 1967744905 -242942233 933284852 692120448 
469414049 -714591282 117366473 941459727 1911728471 843254289 -605491391 -117188692 -62176545 -2006774318 -965915844 -729749475 89556695 1495775881 592676478 26098880 -1320073806 1859334723 131692298 -268234410 -1590498280 -1269764456 -1376921047 464319111 72353016 -180227479 -1393813172 237643466 1877673457 
1489741800 1148938700 1266855408 -466222560 260662548 -864633686 -802020968 754225317 98154434 -1813542917 -1608708647 -383948966 852066201 1416174548 -100020553 1557099431 -2141178258 2096613143 -202922767 736552260 792887345 964750497 1186042152 -440845238 -725055642 
1774254209 -1370104044 339898589 -1291880752 -61573161 -1745409800 1049543247 -1394696647 144747838 -1738661603 -139025535 -1317392849 -577024744 -758704438 -443674389 1316335321 1119676898 -1365198723 1685651026 -2019325972 -1244246673 -426848866 -1796608523 -421664178 
1112355797 -1655475329 -1154899898 1996030230 112801528 325646633 -1218335021 2121597248 -483563784 994913365 1254360514 -40722372 -2030571083 -2146546141 -212904224 1322999977 -159546861 -355855778 

2052476584 -1538118592 458831943 -1782306580 1054693096 1033393063 1481642260 1069796549 -1403887577 396259013 -365887702 1707358993 -732520339 -331948247 -190261500 -1393136554 1871289435 -1034654173 -123460410 -1865036127 -1983721992 639992470 2135834412 1106055892 
1109750382 -1378335506 -1957157089 -955001076 -2092951826 1944252274 -802196188 -1246776351 -1557150274 493859970 1450175072 -82241375 -204621297 1111559100 -1939814131 317469159 1870363850 911265531 1660454359 -787689095 -1535627604 1539926684 32569101 1538574728 -1895774935 
151923700 1915164656 -1488367492 1176066188 1770792675 -484935174 1680727795 -939642786 2085300958 -1861573135 -745056316 639579495 -807167026 -611964284 -188420850 628152471 -337524207 -2121048426 1429693981 -1156973545 -2097731410 -792081150 -37025882 
-1095396195 -891001955 -1743692014 1228119334 -1584079685 1577485987 -48277926 1200391208 -698011350 975528785 -1366484987 -474758896 263878995 533195573 -98757438 -1824531912 918426158 1345226900 -644139350 -1907504064 1996990878 1835223639 1057354397 -1838803094 1781293447 

-1026412725 -1668405788 277632670 200147045 617870249 -1933400897 1937138987 -289173968 -1111477057 
1965497007 1428546893 738769671 -692358385 1069749183 65995965 -876937258 -188159558 -1188502225 1939739395 696614753 1995365069 -2041921049 -1859813824 4161550 1807198996 -361905611 592144927 -702338087 843662534 132730529 -1032829000 455876920 15685066 -664565944 -1577380870 1148784964 -544430302 -1591617745 -1601992868 -344205607 -2093848652 537822193 1705857597 -1703430603 -1336149041 1954727151 -551858029 -1585042240 -29274754 -571027761 -1507583676 2086008040 -1634210151 -1196408324 1196243581 -380021736 -180872910 
-1348441689 -398600827 -1956892591 -1851243901 1495482244 -769983760 2126706725 1960200834 1953589846 978756994 -1338005557 1585209481 -1247889304 -1675579447 2077903017 1125796446 -1742247777 -1104545148 1828671791 -1806934394 -1969341238 1551374583 723312424 -186991344 322882087 1911455337 1047903612 2137325345 1396582045 1915469770 1987115037 1564967853 -1209183178 -408558614 705693111 -360151453 1130435708 -321751478 614384226 -1635974830 -728603135 -1092891224 -262313832 -290564912 1326687898 774847662 -149791731 496145697 -1363221236 1112288954 23659024 -1876212323 -1838099856 -470970642 1643719783 -1076941409 
-600407937 -2144556932 1007617458 -7541703 -746005095 567645954 151808668 569237726 160223281 -1861095549 -1245670200 330411313 -972254784 1443979516 1671062794 -308544892 1346345837 -2035602796 1147632735 -102264931 784315280 -1436704068 -358550776 211478628 -663682446 -1462861339 1213979186 672910620 49497972 641688430 -66373626 1009797403 614675072 1016003136 1084103286 1415938641 646625362 -1885765620 778307886 1858949819 269970639 240611135 130461128 
