2095615362 398932147 1984758513 2086682268 -1032218094 -141261113 -1939073111 560869344 -1967767256 1434315767 
-366988995 -1085534613 -1903114653 1864440348 -2028821433 1625957689 -67928359 1812929539 -1727737414 -286071772 -461345519 
1711070350 494763576 910462930 -1254373439 -9465805 -782350175 -368421628 829702421 -472571624 -2137595457 -717805308 -1897325865 2110816347 -196070388 149757025 -1688455093 546163309 372565099 -1166441332 -1464504261 -26228141 -1037385144 
-1790977196 -992877507 1973253006 1998755249 946989855 693650400 1360745240 -908477883 923608334 111848150 -1501946734 1942295537 1468202544 -946724068 1945174376 -1021851829 -1326281983 -1580628309 1144991499 1631462403 590297883 -161969552 203794166 292064272 



507094678 1812012506 -1946710090 -1959921530 -1433587817 1377015919 -1914925585 -1407494585 -1493855769 1125749895 -499812818 1215769683 -1882875236 -115356798 1985612454 769139168 1199606566 558569336 -102623917 -609903711 -6924621 -838460206 1528488149 -596017714 
-638431264 113213755 -949032920 -103060514 1326648698 1042001289 -1751508425 271886151 157934031 200091274 -1663878565 -1922746392 1260298699 192680284 315631998 2136107949 944046949 -656641229 771682627 190307188 2052511016 -980469551 -323714452 -1711618691 -1415676902 
1839931058 -928149728 2111451615 795603761 260940373 -481538620 1339323983 2142102071 -1596082872 -1111300944 922468509 1327454588 -1867217506 -435192737 1333518404 31649497 -128789731 -711222271 -96766791 442613184 1847333663 -1649457325 
236065818 248881240 -1981203589 -1409582713 1293923638 575406825 2053241507 -1517882678 -1419365720 -77182637 1630188802 -75263033 -1987961843 -924015318 -610692031 -750669209 360453635 1638294859 2140042540 869935610 1047573449 1461900993 -1003202844 813638066 -1536120375 

-479920813 -316396637 820934807 1724303936 -1123905212 -2848117 964743829 -973103330 -1787268271 2008714925 -1929228281 -18918261 -2022014991 -2126789879 -1960145790 908790495 1344238127 -1361943943 -765233775 -1929202906 1932941896 -758679403 1776228745 -1329058936 -1844230994 1659974865 
-989942705 1114803136 1240985360 1194181030 1912897013 -34463226 -47888988 1864674421 389482312 1966375826 1692378655 208418680 1379421038 -1180316088 -1266546880 -607579611 548042522 1426002985 1130385792 -820343428 -1501602341 
1023915942 234064905 2045059379 -1731293608 -404122703 601264250 1888725952 -352718135 -1642663074 415018704 -290690328 -359731933 -1916654360 1878972993 1856415045 65462796 -791773675 1978145939 -956610178 1901555897 -2094336110 482592467 -4096642 134189412 -1829320352 -551253530 -1830973338 -751535831 534834531 -769752444 
-1832355795 -780759784 -232101264 -2105007391 963807108 -1225619412 -707894535 -855377558 1443581475 1495470914 -372309539 181753600 -1379953807 1214786799 1221271530 -224930539 -1526070368 111388826 -855334144 -988088566 -314271028 1481855978 824938831 2032143846 -1057187799 -276757636 
-288483140 -708197066 -1184712571 1752487217 495086099 -529346707 72229353 1989940408 1089698123 -661064798 -857177744 -1613540311 -1842022011 -1327983317 -713149076 -596583952 1885427624 -1747680112 1733632001 1984981310 2009432642 -1667454952 -98938695 402131509 1543932108 -1058125793 -408639210 -503751308 1123358603 767946750 -1899912556 
-1087280112 -1586319238 -1653801581 -659075530 -205686239 -1004609336 514966873 -714852027 -576653696 1622598624 -527316553 1101380730 477421770 359614724 -645152082 1060175534 1447627239 1196115258 -1957685573 1150590475 -966766120 -1311231859 1608202709 -1813826212 -706002721 1744499399 -1049643126 383320199 -1970446202 1491415455 144782495 -597537051 1771702957 
1679353482 737483925 629146145 214452900 97595234 415294760 -1025128007 -2065359292 -260131508 774407401 -913623286 1946521570 -360745991 917260172 1863261717 -1574246781 -820472085 -1009352750 1198816991 -2006105653 289055474 529467754 -2136245622 -1361546449 -335571872 1487129292 -171263720 -1150116478 39513566 -781059041 -1341121964 614635947 1801739374 
1234082563 1324982717 -1046430222 -1925856385 -1827645426 -951968568 134312934 466399942 183961124 1653506997 -251153669 -1644579420 -547747489 459061118 58266211 -295340769 516472807 -1836298495 1249070281 -598283730 1071354283 1776773411 2121844496 -848631513 530601136 -912232664 -288013923 
-1458029624 -1903775418 34498927 -572830598 1726626297 654676530 1598750232 -980557214 -217258280 -325756953 1844362065 324130734 1214036381 -1105897115 -1353987987 1132205046 1172725976 -109017847 1684583579 1078179957 -169843313 1496607073 31887516 -1778436906 1743507091 2051408412 -1473615725 2012037044 2114877610 413537963 -1026543909 -262873048 -710644846 -1367990176 -1662761924 -1681476364 1773337677 689939193 752276863 
1560066942 1826375775 96707275 -942048108 -461440175 -857315711 -1464623762 -2137545981 1074496865 -1566303134 -972011234 624873297 -384664584 -1387502327 1705885371 -1798116302 -1432850084 -1305568148 1999602410 941170739 -590813550 -411526660 641397600 
254908582 -1162987166 1286458375 -1764137550 -24219155 1277419641 1002207532 1760953902 -594673316 -2039883921 1955691789 747118576 -2133168514 -670515345 819938629 -1212944779 -1877920090 2083591007 1489599787 1379497591 -2057735696 1303274881 159561161 
-1222019766 683138870 -1255455081 921524928 -1404114387 274439706 18526959 523665620 390325116 1561321575 1919236078 -2056530520 403039601 -1162764733 2134403093 -1803809713 1766817119 -180268807 -531928781 -383550887 

-1925039781 -1775899133 -2083536960 1966914838 -1438344754 -340517707 1197741434 -1006152562 1302679266 1263791512 -1628707631 192223572 14078467 82115303 74614181 2091959117 2817318 1485766775 477603328 1679187083 -937495887 1329310616 
-43064527 -117364220 1170690697 -573828692 -1877327361 -1100986061 -2131074686 -2081182451 -872706155 674564465 -1463912930 767465235 -559963753 -432658489 -1384519003 -1838512248 -2126385897 -485846154 -2052031492 1889280007 -1116404366 1211086329 -352723667 
-1218120618 -1167997027 -622979310 -1298908411 20440867 1745128144 -462874413 -658684352 1646075596 -1210340552 -891447258 890887717 -781714709 -1174809964 592661791 2049359861 -785655393 1302452692 -1598650114 1328544942 250039077 -189198257 -167333294 
-857189616 -1046537748 -860333386 -597796267 -2052780190 1982131844 898832863 -1713703539 1019541744 -1026599694 2056213818 -119981886 169810579 1018426265 159400994 -851134237 2008873160 -1043995080 -981395481 1243614655 518248703 1095581625 -1704195523 1111259765 -423624456 

658951602 689816214 1585970810 -1607802948 999636410 -1453614804 -1599110792 -1203876350 1942953340 -1607516364 -1672616186 -604748128 -99103534 -403106242 2042479985 -80524091 -1659189854 -1784794495 -2044275843 1184747936 1496072745 1263376224 583400646 -1031574422 -1862059614 -2136749882 -872908450 1739592899 -2118943815 -1598802196 -1920813409 -1446553971 701061514 -1141874537 253428721 -1885471421 719436049 89111437 -658925726 
1574853455 -1877202850 -1296915337 197560738 -2072982703 243727034 -544391822 -2092995210 -52273151 2137972740 833100923 -1416752389 1486513454 2072454977 -1585627284 -514683212 978773676 560977453 -2052994443 1594502697 208113567 -160161264 -368173883 
-1299306300 900556177 1035105180 338069184 -15405478 1875709156 612142236 -1838091112 2096613657 -629590263 1256101053 1176297769 1614403419 -142040313 -786458055 -734836027 -1612082299 1928104426 -2030671536 -274239835 -1254433012 -573526777 
-1151725455 -69734829 -405075858 -830939680 -1668944078 -610518053 -674402439 -200562496 -79926815 184026004 -901087047 -5477616 -2100491472 -1002265555 -1863278444 4886559 1025346124 1144496631 1464397438 1034387628 926355008 -834639168 75457976 1585389485 -1009025856 
-627665444 1550472322 -423457599 -1498347963 -1914617996 1977590887 -492278652 534507909 -454537595 723315419 -79705663 -1649324193 -1172212338 -1242449945 -1502596077 -859881605 1165796395 -223823766 -1474146466 -570290925 -198773974 -1398753047 -2114847131 1945568391 
1833118448 -1537631398 -1551624627 -1985949302 1964115207 -1699281688 1822870502 1723017584 -1057775049 -426372977 755349675 -364554054 122643020 -489190876 -391178034 -36253677 -301664634 -1310421236 2117160566 1029779400 1809250107 1656724091 -403365722 -219717648 -1401089075 -786351345 1474981069 -1800773154 788491922 -1473155465 1340172752 1898406941 1105456387 
-1536788971 591777287 193179986 -70092398 -1758812573 1570484508 -1840247677 -1729973586 879343366 -849208382 -1982646975 -1341496685 1766353117 -1307434109 916067828 -396725015 -632345692 521932707 219828341 -836534244 1216017939 -1170152790 -1408681822 -1275397149 2117452288 -759708686 -119467072 1848351181 694849377 2104749241 
1697341915 1738876546 -1258430855 316250298 1069937584 2033778288 -198156489 -1736632990 331232339 -299805039 -737380364 1600664585 1321549198 -827101010 2084872261 1377347917 -672377107 1794459284 1745679483 238145170 -2071389970 -304539398 1120178687 1106913576 -652927230 -1369281064 1509135554 -1100024765 -1495982456 -517415065 -2140037773 -113552517 -1991243646 299305044 1942107248 
528258522 945709768 1956433110 2131516406 2015859614 152994538 710705650 -456006700 1550260620 -912050461 853441868 -605205324 43892470 -1661111115 634121377 -610082525 
1461802613 1603487324 1088349414 -402879339 293731277 -355925921 -1227631852 1232416172 -1618994532 -753176255 -226742677 -76828030 -1258663345 -1054563776 723049323 1781249417 -1152009620 -1662624412 -568363168 1037241791 -1200676025 2136519947 -1510291796 -1187245087 -431586746 -656154162 1216093164 362024098 
1049240324 -799501753 -2117549311 -1834160994 -382694526 1835674794 -52746198 732169603 1487778464 1340261756 -2006039314 -580614476 172028976 704718464 161237192 -1289770702 1386116412 -588469920 199406999 -1035307817 1611685407 1647027490 1675010650 1850398893 140053739 -791865160 

-437907796 -1577226335 56672001 12522566 675524320 -1126349091 -1588683055 248919187 232010933 824172327 -1269403497 1352442540 182293330 -641773693 2038500645 -464396981 -1030155084 -511902891 -1991849306 -1076019274 -1982096702 1352132225 -700845557 -49153698 
1041211878 -2071429875 645246190 -1295869553 -1544142031 -1647414201 1096148685 1158080788 -2041203949 1643817062 -816018659 335513237 622669539 -572395214 190681841 1804462150 954107385 -745836730 1532302134 -1339486334 403231715 1798822323 -2115504206 
-513173391 441328473 -720548893 -1195341242 -1839023789 -1907209648 1271164285 -587329531 -1768515024 -848836748 -563369083 856095479 -2003294901 -1141211614 1513004850 -1015308835 1903042459 1385736164 -884140552 554136889 -1378543665 1451972928 
676443125 -1952093346 1959311903 -655751659 -1973668490 -86797949 1502560499 1128066007 -1287763374 175169181 -820829730 -127674680 -864445174 382774884 452114432 -490198415 589098694 -650850989 -1735989669 -1523970425 -229123633 2006436964 2005111373 -1261332004 -74170613 1992256981 -621189229 165616026 

88350937 623862875 -56196244 -1609195307 1402260275 -1911928678 -1712136442 -15406642 -1642222477 -2055723506 -740119471 -406781324 -441687909 -100245205 -167820864 81188884 1002268724 149367748 1911445232 -1180776435 205704250 -751115059 845900414 2056680498 -1336887954 1239911726 685302887 1275470078 
123889834 -248512883 1491090190 1359272957 -77076933 1853681718 1575206714 -1246613107 1005462234 -824171285 1921894183 -1734123295 482096122 889327437 -472110751 82675520 1986458837 -1364619942 -757555225 521437442 703441921 -1776569449 -2096590642 -1631890551 -1650262109 796525787 
-1145364838 -998778842 935050144 1329321432 133854589 -1712796466 -1407689428 1110388642 -1202919839 1364926926 1970974141 -95595661 1255639443 -1657809452 949833571 -1822112964 1713517382 1560909557 801578792 -1872514759 -2132003430 -1026165091 1371537595 187409187 175473623 1128558095 1304075135 1451718352 
-761748151 661704348 -250080673 -110973508 1011679770 1068379870 1109556742 1023036909 -1611976731 347769250 -701276805 -492028926 554588283 -2072866421 1484469261 -1433647846 377083888 748690705 721447982 -1489381254 892482693 -1997173134 -1145931214 -2032368663 -1152601002 
-1812782018 -304561427 -370646535 1594501431 -594360985 -1829634676 396309277 1407947600 -546715267 -1081319394 862334390 365600658 -2135414420 385107547 -297621052 702580436 1893106941 1578166080 1247656956 -1152751935 753225388 -1868126710 -1265762174 -62819458 96551761 -961128216 -1629562516 -483722310 -430350951 -937856505 538119427 320018768 1942818727 -1258060020 1954528445 643462723 
75109286 -1996433036 -1249029791 -795435349 -225265879 -174339328 -1410296986 1310816581 306028034 -2008526422 1317587417 -858492784 -572783526 -825187927 -1443130574 372214661 -64955850 
612008911 -2065068810 -631823 -1905770299 -1832874224 -550827393 -2124993322 -1586170213 822077397 1093587642 -1069390944 -1029383953 1227205682 -527433494 -1058271546 789410552 980791597 -1450462049 1623776660 335777403 1094046833 -681382959 -84566438 -1600570739 2023739578 
-1725003349 236415172 551065493 1177966433 1249443979 -811127323 1697661234 -256457193 -1739438787 511931227 1709884901 598027501 -372796017 1523615067 1793088841 555000319 116562576 1809647875 1042218618 538563830 292540622 -1841798298 -1002281003 -310221794 -851582582 1956477972 568988170 406823637 789377658 1309879727 -1302154995 
1772600186 1847451979 -220041161 192021509 -309601107 289312872 -49854778 478545074 -1923110689 -915258414 1338548356 -678881536 244376373 1856595858 24254488 1721067113 -722242256 886450041 -638119863 -1762852822 -116280209 -1628948517 -102844446 641387643 1300114991 -754257098 -294801273 
108251499 -1204413476 -1792584501 -1025467039 1845009128 -1812264677 996336960 1391003867 -804244442 -1954330939 -1453052010 -725307172 1153826916 -608176910 -1815860954 -647175270 -908572255 360262769 -1567934200 -1144372605 1744434254 661053705 958411411 80212306 595050594 
-1426576052 -1058118085 -841618355 -1534127795 2103947661 -210267495 -836586461 1438111414 -1630557731 1036872605 -321871801 -334848585 132414227 2076550538 -605340171 -1291367501 -1357332669 -773129067 421862718 -930108169 -1117079793 -882037991 1924147302 -1423168937 205390159 1516750136 -737366806 -85341635 1722451289 1174455034 683459835 797517959 -875350326 
-1604448528 -711013177 -594011998 -1821967604 1333788956 -309874625 681642296 -73502993 -1661499092 1725188481 -1759305246 1461769227 1248088629 1179091258 -1732135727 -210459355 1358401000 -1007629937 1632093910 1950181242 1243025799 -1187155910 -620678208 -154396773 1811110011 1208228088 -1178548862 -223564467 -5581319 1099564035 1760985417 
-1322908595 -1934419475 -965356300 112801501 -45120271 -2014178293 1302067686 -1260913917 -1699603432 -646657034 1674365931 405912391 1201707223 -884126915 982315132 -253104775 -590521581 202096737 1931801643 -891119359 727836179 281689931 1996273744 275153995 
-532763868 -753511612 1510261637 1885633872 609263805 1064199188 2017313663 -381017787 1230165105 -1765548270 1082474547 -1331031490 1310855137 164046240 1961147375 564984870 -935715717 1155864919 1610462573 1343543074 
256527217 -384244606 1745691208 2123674440 -834038715 -985606406 379939369 -1532102789 693140509 1590138795 954533855 1030227333 -352203112 476496666 
-2099377714 -1941002297 -38754694 1808968897 38904600 1550694084 1308430830 276493575 1293363838 1690371904 -191967452 -1887551648 1589595613 436336216 -1389922989 1488140806 1937684806 -568077058 -1732488086 -410813817 1282287985 2104168875 
-1730017898 -41862975 1592718661 2132473145 718391747 1029874976 -1227989419 1870151449 435421159 -1801286903 1154260072 1503059731 593475160 -441459409 -239292561 -1001129682 1332436961 1905345604 -574136482 -1103324224 1517775947 1467344313 2075318841 -1691051902 
-1529951020 -1206993383 -978453948 -1279721194 1359930914 1258794146 742169442 -1546377561 591626309 2076366957 1825105861 -1769453263 1728111489 14384035 -1941715233 752516916 1384677911 -1121355536 1600936788 -1929596447 -1632907308 172573790 1980072807 1503856213 
417946989 558370911 -860532038 1787693284 -311373126 -1891222351 1120065379 -2130163031 193622279 -1226436903 -1583231177 884717698 -23713422 -1787296499 -1132618921 -2111877253 -1431228857 -113188021 1106735917 -1156840705 -1135790030 1043914064 -1034598220 -821248451 401162747 -2055794358 -458586008 -1695435218 -387989616 

1248280931 240405667 157155937 -299242210 -1524432774 -575243830 -1750937464 -1874494404 1947924813 -742361876 1318067083 106717084 -438280035 -1415924165 1697266400 547632083 1469656510 -46087830 -1095886560 484841727 1924519242 1928175758 -448938451 -2038655843 
-1239291362 -1435891502 1513203985 2132327932 -912470932 -1363697993 1537431079 -1081780873 -697213612 746889068 261056771 564725589 -1264453610 1082646337 1328484162 -176744829 -1475514174 714937831 -1273440027 -1013965162 592960469 
-1217030571 -1549552218 1481304911 398189258 -986561122 -1356967629 184002827 -1634369940 -1719721287 -134191089 -1649592776 -1262969656 -1978524505 1366996287 -602666521 -1782852737 -1225176679 2080703627 1101469772 1602749284 -919100691 787665865 -2079469487 -1308934566 335564903 1056384729 1656805122 1014924356 1673268610 1376977304 -1268979647 -1319938980 -1071807816 1894925264 1511927001 -1923677818 2116858427 -831260586 -1254668534 138873584 143818319 793544103 -27807426 
1718827181 -1747416817 143777567 -1477113456 -1367390978 -839085237 1004149739 -703418663 1839130809 1759905924 94311086 747412808 131422698 1782746022 1847199878 1570327861 -244281125 -1857767797 956088609 1065855664 -796881506 2147349879 -996863361 -386556960 -1314819762 -1832166271 -1874643941 -1340833512 
1348406445 1087562236 -1141248674 -1705963980 -1577657316 -921336885 -234617095 538193292 -560598097 879214703 -121633329 1520067662 -896091171 301076428 -22004584 440973583 -335463793 1307501962 1599810578 -1061922726 702657417 -1586200981 -1504967121 1829037846 1613628558 
712274255 1850356149 1504634007 623651399 217830330 282747707 -1577117040 299448649 -1503501672 210374202 -758341103 -1494156487 -255840823 1789566585 506098008 -1993560170 -1796452107 104330562 475498519 -2108212592 -1279701795 1626436213 783729069 120856969 1213561222 543970918 -1165660333 354780521 -705644106 2119719517 
177907808 54865659 -968689317 77111311 535789034 1786527966 -443522761 577513319 -1706492892 -330118477 -141833547 1123134577 459164117 1374803028 -1354720843 -2112496101 -1452036843 23588175 -549906785 1387341913 418144303 
-135704676 2124875851 -91797637 16674477 -2118017419 -391623632 -969419822 885075131 -1925240907 1276699778 54858726 -914171290 1245983987 -1459507089 -530950333 -471415060 1973737796 -2066629763 926498776 -2130174128 860109255 74755967 1466111661 1174152389 
1162219179 -1287520069 1073131311 -1060100868 652088670 -2081679523 1502801329 147187925 -1886336949 -1387920891 -375833746 173835032 -178942829 -869467538 -701862073 618639968 708533985 374886993 1223373436 -720579671 1647843892 -1819208519 -1522124941 
-1592783448 283189716 -200203104 -1464160867 536388639 -1036300008 667897487 1746402359 -134167337 -2033123963 -880502215 -427253275 -572073881 -955166626 -1853573686 -498710838 -1302451982 1843842933 1045593790 33309505 -1417346786 -1011997815 -1485894910 
477971340 1168020269 176852111 1719175800 -440176244 1648341426 -927543009 -276052793 -679859233 1307867053 -1775341347 1077562210 -607413472 1147067590 1981101286 9224757 -1239708545 
-936570595 317094918 1236242280 -1308879205 -1320712260 1139391186 844460341 205547359 108918984 -873246124 533473733 1339841862 -1962604294 1381366622 -797859130 1870662165 -1182618468 -799370536 1223883699 1624257862 -1199821808 -2066152410 -1380397993 -33222726 -1930619393 2112233499 -1922725506 -1043103352 2045328118 
-885499930 -326172764 -820744598 -2052427063 -467336038 908265483 -1797259190 -1752411465 -13686707 192300391 671894693 -2055268124 1615306243 1258841173 929483106 -861611844 -1419905250 -907949543 -538779236 375015253 1408301431 1900222816 -595095035 857642116 1697917883 
1165842851 -764373502 -437987827 1113038966 1533649201 921694856 -560837766 550402888 -1000700750 1678683694 671916950 -263216077 -724935842 1905012165 1199328580 184763647 -55167241 -581632790 1838036988 1561844157 1371794943 -1317797806 -1580605596 51853141 
1330135224 -704622833 1505689609 -1962617478 -1757911190 2126342349 -1138692732 -1026249200 1431240448 -45382721 152736242 409111795 2070798482 -1122061777 -1887253883 553570546 1472772899 1296422525 

-397164598 -1708659760 -85082477 1351281887 959243253 -1621390249 -1047680357 502233019 837599616 -2091556403 -600503552 624013272 -1294430791 -1563602622 1648069014 -1675147153 1184370154 622377395 -448242886 361578457 1069339838 1228387812 1680175983 -541879895 
-1696395693 -49257650 914102864 342348627 787717611 -836253649 733601017 988734129 49167810 407379829 -1241226460 335768981 1176789971 -730110930 -217032382 1709479485 -1154267822 -892821859 -1742886363 1590472187 -510220677 -1199561927 -661526170 -706386741 -1415856362 
1557460855 -136278605 2034512437 -1727162372 1128610207 1139591594 -371237571 141221217 -1741756376 621980825 805799005 51357569 -1256646633 -121192589 -1828566427 -1564798098 1358752810 -1014583878 673414556 41656264 577628477 -354475036 -931447004 
-258805028 522911258 417141005 588970903 -460527550 -1952588100 -342657223 1682991707 315752834 2120306505 -306680668 726357507 2008158563 -313910302 -1795733485 -22514684 -445089679 1944708851 934697245 144190984 769008867 -1001525105 1794314639 -66718676 1963691952 

-1423983745 1505742771 -1333156497 1325400433 629156105 119160468 1245857137 169352264 -1304357975 
679618045 -532286639 996762956 -1765998564 1210837729 928043550 1511395574 -1564532322 153327653 -1307497733 -1100029211 1274151856 -361787900 1679125291 1395548578 157620269 1887736448 -885232941 2113687043 1210493638 -1570811791 349645057 1722113367 1408266411 -1046471053 -1297146825 -1537882545 666562777 -816641448 135948639 736873637 1660191139 165492452 -76280624 -60747651 106325000 538767417 -1947506276 -1265068330 539194077 1650695062 838081290 -623886728 138507671 264919517 -1058812625 -271790425 576096840 
-842711259 -439806453 1489999693 -1943856204 -184899376 -646659285 163872985 2045746856 1099886294 -1118707769 -1759928638 -279122726 2055102404 -1421841514 -896140793 -1183972982 731004187 997385279 -91075560 478098211 -1137713395 395014629 -1788770781 793823387 721029559 -1020515873 -1781798869 -795891468 -281488728 -1491996619 -814483838 262155699 -444813969 1877944593 1024950671 -1591981656 1899309013 885588774 622692768 -55032714 -650338576 -1931577343 352515876 1381275108 1441142233 -1437139553 1480559192 -131114823 -869627844 -798923597 -983147041 -106758826 258458240 -1605587843 47337772 1173440001 
33195796 78975471 -580688972 -1098848346 -1726325183 728324263 -35265982 887754283 -1308762648 1902504474 1593299339 -931222520 -1582208960 1064538238 -337686618 299504002 1316257573 752507834 -620375421 247081085 -1927575684 -680481742 -1158395853 -1037211399 254224326 2019139153 15979143 1245543912 -885814476 -2109391267 -752369090 -1510960716 -648242286 1815626245 122016009 1107299564 -328299449 168320776 155752415 1765562787 259795373 -2062234867 -590194357 
