-467986439 1465867567 1583517971 43774276 735635247 1614641452 -1489390615 -1953587806 -1067883684 -2095843746 
-1207727288 -771299666 -1856653409 -1644822405 1225573157 516992928 450859574 1703940984 -2020111004 -1944202253 1701089917 
-2035478174 -808085660 804066890 -672296226 -19661929 985379808 -1443219605 1740552341 1092065841 -292729557 -1078020539 1261760972 -647193512 -397752401 -194159122 418327648 -814214657 -619718440 -1204058591 -1154235409 1007401431 -1373412011 
-34076145 1633296720 1890195077 205749684 1612625589 1493927532 -256379779 -1411973841 -477359056 -1498564397 -290528427 1499275517 1039017181 847084275 1190517556 284871647 -45507494 1174731696 876365310 1654442455 883722474 -285780448 -2138229527 320165662 



1554713614 675806378 1896864516 488276383 -590670240 -1680271423 1791698382 1684148144 1909499829 -1919769195 -1962315427 880750776 472630103 1734302110 -2140899061 -236631272 -169982267 1001156913 -1739765162 -1228773362 -934869472 -321189903 -1839638867 1149951300 
1151157411 -220534039 -1527678875 659019548 -1379516194 -1608459692 -1602478344 -565682108 -1546367853 1805183780 351765122 -1477085039 -1322931619 -111468684 1014920041 1367246459 -1828231169 654093024 -1986742771 1612575932 -600915649 1034328986 -1935310620 -1642986755 579981877 
181846384 1326115765 -1437121997 341730634 606468430 -980957195 -1795715959 2102154759 433313400 -23850273 -610685873 -427334564 578051668 -1133087846 -1607773714 1144072908 -1758781706 773986007 -1489032797 1279568573 -559791004 108312540 
1380946548 397434700 -1935421662 -1107997283 1019138363 -1878248781 539360490 -237109753 -1905592339 -1364857142 -117751111 -1840530350 1027418102 2096424375 -1670776873 -1960954673 -310296417 656686071 -470423810 1303030470 -1874085633 -679356481 652403013 -954366577 1157684475 

-779847930 883230568 -293279558 -260927587 -1257992899 534229477 -532579828 -700587984 -1838228741 1839953052 155155032 -1050931953 -1486353020 2017809518 -316280733 -1133104756 483228566 1653270960 -1244198104 1656683168 -612947345 1149775121 -1167107021 -1541972136 -1327844215 -1874572887 
782749194 -1134593766 938483909 -1565151253 -78073753 -1287582886 -1044532373 47487078 -1944461301 817963373 1140241017 -1395701585 -153154636 -792861619 -546867598 -1738998158 -13332065 2103757554 465028051 1245297289 -240342017 
602686456 -2036251247 31664598 1801038457 1353413387 38795874 -148792791 -1222278365 -1118706873 92251957 424223626 1168891389 -2034731153 809979399 62401992 -835222295 -724349295 1990937795 41508001 786511304 267197962 1446220853 1618057666 416301685 -271986063 -231603741 371048984 -763058570 2094495758 -346787986 
-944796898 -686129532 -1905134024 1993451902 -1030228741 887604360 212776646 -935721818 -125766075 1239720888 -1251221750 -1158722015 1738508449 -1085857153 -457815736 -1110911931 -1050540815 2043912796 -985116674 145510324 -1341254780 132343419 -937221826 -785602737 -853154288 -79514701 
-1755588935 -2067031504 346105475 -1978619789 1096514410 -2054387227 2138326472 -520953647 -1001234984 -1000804218 29202167 1082050658 -1364429072 613545897 -1316716314 1911314483 1312618830 1631857704 -1854045214 1513871603 231649448 1192543725 -889124287 -1590496285 -1525411473 1382193350 -359453475 288587317 -1294693019 -142714123 -2042881103 
-1204782186 568840629 663268696 466245117 -13855988 1348160101 -1481234475 -1440709989 519474090 -1573323498 -290643671 -1154292394 747095135 -669381578 -592932679 663250381 -1346772461 -499916654 1934162882 -1489106434 2051021592 -1004048679 -507796154 1390634110 -1926667872 -1849160642 -1117466016 123232209 -151986784 1251025360 247612291 1716972383 92436455 
-438985334 839304282 281707392 618734086 -702642322 725669695 331499893 -1501216763 -1813280507 2062678484 602610037 895019597 -531079557 1108646783 -1320132829 1219108920 -1135605901 1743439976 -1930753394 -1010834872 -231711266 -925853905 1988181168 -2110060271 1129111093 1341154709 -1832459435 -1454819018 568421787 1449189101 1389739523 -1523445262 2147137338 
354342855 -2044272045 405670064 -572278659 1153934695 579251313 620749461 -201051254 -768932271 825751707 1270352213 906882744 -2113610307 1760680124 60530250 -182742955 1688922074 1623684746 -1063321574 490562200 -2072306024 1135020240 -1350685924 -836987711 2073785535 1043037055 393924756 
1327520778 -815553010 -63007914 -1905561942 -485188626 -1915289442 -658334615 2035012167 -1627734112 -1272763119 2053371462 1261080833 -794074155 544048897 -1928091603 -1805895737 1971370576 93458164 -625074283 -560955760 1420145617 286313856 -287765973 234572272 757111034 1116301243 -1700821313 914172069 175931894 755428644 2055226060 -1814685050 -850030091 1430728195 464012184 1336884381 -1404927952 961859280 -1712805098 
-1913782645 1591624419 1702593208 -1111250233 -1852934127 -1789796390 -1257074048 2003487073 -797975054 -1276085332 1662060033 1898706588 1028689763 -1183038699 186405334 -1317882397 -1829872028 147068122 -536740883 1834844598 -870806891 548890344 -1668251921 
1077337455 1623203185 1376729293 -2016607829 -1390133131 703912855 1014992140 164548628 -967433619 -1400580902 1749958890 56252888 -349402205 -707002767 426424618 1676216447 342256001 789771436 2146458512 1617204889 499251432 285948896 -2069492851 
2092405246 -557969009 1078967167 -2017203499 599133334 -609870498 1919482371 -1168689886 1610919104 -2080225854 -424408470 406592690 97366534 -1490501162 1691114495 387746274 478091376 1245969799 1887408380 -1754682661 

-105066634 -672365302 1363971896 -1809486509 1734832818 -1481238965 131904553 381759305 -2041607170 -1090484953 2029628531 -1969449429 1378414022 54913592 -646519270 956856099 -1445773508 -1405449016 -878621719 1482638996 1028695957 -660537918 
323336582 537231604 2030756013 -1359306405 1535141089 87706357 1888802961 1383145133 932081025 -87521323 1780842294 1203938839 1745144144 -181952121 1138636770 1020901582 -27408052 1319846924 -993605472 -1018462710 1543539492 155599101 -1853559968 
-1451233404 1174215659 2120218938 7714254 -1560128066 -2047841046 1317421274 1043623331 -1113128106 1629700056 1672043054 -218028772 1243052930 -1019726028 2118340990 -14249499 -366187436 1743014610 160820511 -1867604624 562648837 -780762135 575112138 
732521047 1013699239 245515534 -1235709233 -1471993671 -1999331557 2068988361 586177872 1394637590 -1906926978 -327179434 2098785606 1966743446 875895227 1617131235 -479185743 -2064335915 457688740 152505839 -2125189991 448401458 211786886 -1441152009 -714732327 -1272707694 

1717486717 -8834025 -290844529 438031960 1088424721 -1715296882 -1706726878 1684206398 1852522672 45323033 1764667659 -1609332095 -91925005 2115029028 1581833818 -620573215 -491545891 -1771992209 1671148535 332376867 344246913 1221040522 367550953 1645030639 1797263457 -603320506 1509619531 -1415684217 1153432412 -1351900617 -1408323902 -934789853 496297124 -330573573 1755593300 -353609121 1691718543 2082155997 -58317588 
756321701 -377137065 -786787433 413707998 -709963209 -370630091 1978652623 -1420252607 1398224363 436824338 1552801398 -2080051043 1435115000 642218672 311182054 -2028242367 719450500 234896367 1174769006 624256290 -985162520 -1558424857 -189327667 
694239056 -66356082 -318138526 -1381759881 -1090203706 -680726126 -1148068756 371542829 -171133126 -1519809161 1868556966 1684108719 -894355902 352709164 -1508542828 1557569303 1836943894 -1478532744 -975338004 490303796 -1010873311 32742239 
1134654231 1185215265 164721832 1366435965 1320554953 -97179527 2048371041 -1940752243 1614350384 1206511859 1991483258 865424926 179273215 -1101777399 1279732454 -859191169 -1962935941 1952147719 301235021 903948175 -1243402537 1268112443 -855865310 1171637761 1335374830 
193074008 174321995 40194893 -28163757 -89843472 -534943279 -1067518167 1705981529 -1939122228 1453822503 1024042823 -1848195535 -941028198 -854808818 -1674530709 1592081827 108572517 17267549 -206657673 -1539617160 1207691752 486267587 -350179663 1987598268 
2003760531 -223656526 -117416944 495178839 -741685291 1566741912 -168213261 1767709607 690410270 2114013617 1747795644 -676257818 1658810734 133440104 -629581255 -1464901119 729883010 1699385348 1676867535 847840555 412584611 -491806385 -906301078 -878399337 964720369 -8098189 1068725237 -886206420 -1622572390 602042391 278058209 -513117422 -1834319514 
1797980487 -1518087518 1418526883 177903125 -2026331292 1958438824 647633307 -1810688914 1938670232 -127432276 1693733327 545723123 1244944784 -1344493482 -1389561380 649222528 -357542571 640252321 -1940984762 -1763732759 -1213815981 -1203571511 -1189480221 1793657610 -1091452621 1485123172 769453105 154943602 -2096916394 1431766817 
-284745808 1666439366 16001948 2039617961 1735026095 698949011 -1247032572 -14080868 -172437709 -1018125180 1669224681 1268975271 -950976675 -192121018 1501887486 1520505786 -701954526 1876364642 2085758618 -385134662 -1311763836 2122996138 1568421877 -1142594617 963656516 -1283003346 842052672 -595828022 494914723 1231441462 1774917226 -120873636 -1628818539 -1592922866 1367829048 
-1494389634 -1108216654 -349864480 2065340761 2103672041 -935297239 -1589180872 914288887 1950265001 -893252292 955506099 618467569 82801338 -465250777 -1263178789 -664361095 
-200586960 1352892738 361593795 1283024480 -1847847009 1959098340 -2109927018 1203125700 -933560638 1630973877 2033100698 136425382 1065898152 -2033913141 -415584937 -585118218 -1071266066 -2052178250 1196183804 225391526 1357996056 -1749011453 1599953713 -311673385 534496665 -1886393577 211261308 -987906757 
1871911071 1844177374 1155783148 -753153201 -1906105693 1108982247 -838007423 -1434457719 1712307592 1016346486 -1675672551 -2080036251 -650238272 1444279835 -1475136080 377963130 -1032809377 -1459115620 -681746990 -1234393119 -1496648424 153628958 451515452 -143042761 -1273893107 -1481070447 

-1029936948 -833772854 1506790287 -1059255785 -2014726730 1068246483 697030665 -1266809065 -1867855254 1758517877 -574274011 1225173556 -1856157093 115610848 -1423303965 -1675766022 -711733469 1630028777 -812629118 -600830134 -991243332 1932321008 -1362812714 -393481541 
343686261 -1756648177 2057206374 1949386865 920293882 2135443516 705567730 75909444 1766892024 -1773167146 1855366913 -668040158 2058763486 -1643407760 -123726067 1450771510 -1058606573 1968206142 101635372 2089531186 -1274731987 189181777 1130893749 
-439066880 74821302 -215222758 318441914 -1868612376 1344748821 1410241842 2000056007 -1723954652 -1753038108 -628955762 163953247 -2060627640 1485837015 1099233465 -2138375588 -1085587733 -1985214429 817705439 1883523732 -302623876 853873567 
-629712837 -219242555 1587741306 -404027185 -1878361838 167363926 -538857609 314559884 -1586552771 2053856210 -1111195370 -1422489862 1368953602 928606642 -728776172 1461122009 -1911722769 1979074099 -1379307708 -593257464 -629496578 1107018080 -1419990641 -1953484326 -2117346066 -505699313 1725518941 -1452778344 

1929018694 -604557957 -1759673699 -868479074 561837320 -914303645 808740383 1264712553 -1924252599 -321991469 -1490884123 -662783309 237339608 1343018964 -1593850466 -587164742 1173114074 -492201879 558492218 942115386 1896460006 -3533114 37602666 1773824860 888640071 583230061 304485939 1945663118 
-1341721750 2018714992 1033638757 -831986783 1568551645 -532034153 1334710211 -1994339363 -392836728 -1008947269 -805198861 1194387274 612647944 -1793628898 -1458230206 1835794835 -2129896374 -1808904084 1778791813 -623325943 -1089137481 -1811996951 691788483 -1339600781 -1191402147 1746714693 
1136519614 766387124 1943323098 -1332133460 425773378 33540748 -1563955323 580290594 -1400715334 -1470324538 1640763701 -993718725 -239286705 -1269110046 1505853924 -325679348 178618209 1230561856 996702725 -263203015 2113117408 250345314 -1720006138 1401730154 1378920883 -373246333 -1981104437 -881548099 
1174647501 -1333290841 336766302 1980807052 -181959579 953336767 -1698857332 1764081317 -1164018865 242777759 111275963 -1192293098 1927956756 861942586 762220160 -229502514 -1154248154 -1948918411 -1809857093 -287094476 -139797162 1725522198 1447311328 -677834326 -885461441 
-1868607524 1616291462 361877122 -266683751 -505905931 -827790865 320747772 -1283880934 2124319922 -1111153215 -896406171 280841496 1313568598 434593935 -1200687762 1534413637 1616002929 -2105295382 1671147985 327636449 1402984544 2045832682 481051468 1578847189 -1268581405 1099578623 623541262 1505158620 160551165 -1389892802 896199181 1013530552 -966448243 921575612 1797686555 -1291016093 
-159320165 -748089075 1761291202 398027077 -1679219866 -1359698562 -1217936665 -959366185 -831749336 -1513325794 -284505839 -1932930208 -1692657586 286374567 -2111591425 -28297770 -369524805 
1641630104 215173459 -1614436075 -1233417745 19843410 1486354952 1538450126 925095825 1713738963 -330962394 -1461970994 391979840 986857339 1317324331 1533369004 930976433 -2086894992 -1981285269 -668117782 -145923978 -486354989 122113733 -647064462 2048746869 1944393667 
961608095 924390040 -1769562670 251648957 -1549261936 -144247930 -509697202 -1163745135 -1937960172 70740881 67284200 657018821 -1313974178 720794158 -254465437 1955224473 -26908754 -427393077 -1175904677 -1632608718 -737575605 -268142437 1259766234 1015439802 -1651476412 -1147721574 -413393060 837564789 920971823 352559801 -1891981300 
1549914353 395111222 -1279091581 -1629119254 2120980609 271991517 990077414 -1229553440 -206122791 -225980884 112341936 117922227 1360900986 1507361858 -294563691 745653838 -1659313076 1987141627 -909841708 414146625 2016187295 -1408856479 -1330352550 -516260379 1588958202 -1017002296 1494935209 
1838349226 1063435140 -1626951663 1712067181 -1107817069 1625665233 -684729146 1397901763 515003608 -13232501 1662600422 -564335839 -167778869 -93822906 -798233049 1597942129 -1182365180 1339169585 1308358880 -1697290670 -433218860 524482813 -1859082030 -769305446 -526602432 
-2101637301 -174786611 -2053885632 1604378106 612297861 8136214 -733457559 1117694041 -18407241 261496849 196782973 2000840537 406844519 -1929202016 -792030210 822964070 -60953748 -1238610831 -309019968 896745341 -1561541319 1085155661 -717855741 1177360292 -439838879 -502606414 599839562 -880347887 -2090605933 -1472532305 70322202 937825970 1467772409 
-496588971 1803656785 1189850648 1031210349 245710462 1713721045 731687013 1289969250 1538405074 1738762673 337755475 2133211148 274218062 837702173 -1656687125 -1906744869 -567502626 -962611327 98873216 374749657 1448185593 516806710 840537779 -623289656 1972732030 -1981283890 -14152181 234500000 1571460113 1882648826 -1643442841 
-1710027510 -1416061498 1568870995 -792093973 -1360247578 -1942360947 859276731 408770227 482630341 1455522760 -362446652 1444621160 -1376876655 2000611761 -1802843355 -1153283141 -1838131816 940272065 825252872 1571154105 -980553987 759778591 1302239617 -1885424998 
-456343727 -648204388 1178566598 1976132273 1474404598 -1999723517 -434812412 -187205204 -1702773339 1468322146 993121897 1192757124 2036398064 220221549 -292635100 -1968835862 -1139522459 -1031530304 -1655347941 -1064104328 
-213315044 -1816983038 1757530924 -1053535524 1997936562 -2025847245 -1281294528 -64462804 1632484984 468381498 1211174178 -1174084440 -453705571 -437956460 
-1843003623 1813224323 -1953657751 1675433743 1443093148 845521317 -335320988 -795585222 740534928 -1811624829 -2096813387 -1933979123 -909208981 -965556821 -1433129727 -1373270054 -920217147 1261355448 -738553974 -237983313 -1739354828 -102154219 
1027846637 1696178467 -1528985584 1184831827 1461349160 -2057289904 -796486014 441222280 -87511067 -1023013942 210663858 1971415582 -951952538 2057604485 1583203915 1008740618 1894099104 -854517640 5585028 -1959753328 1194382329 -1059770726 842576722 1262010290 
-2024387893 -967904379 966132551 -315169760 1872090590 -687501708 451453615 1684317956 785494184 -1055810062 2068694399 497070687 1396547490 -853983147 -1750891832 1961873676 -344180555 1618869316 1009397025 -1539196059 609221600 -633440392 -2039762345 1791238461 
1533187396 133711748 227786993 1808828195 -891439572 -845136894 -625561655 371714359 -1831337416 372828629 -1642880737 -2114381344 -902420271 -1035780052 2002536818 1012758853 -908969872 -232969630 -658574861 734624556 1203742592 -348235407 -568773063 1084557155 1587299276 -1618723708 1855085422 1243191292 -481585532 

29426075 -1506950365 929232141 -1552236078 1254869031 166150626 466656322 1445024354 -627428574 -1830552108 762122318 1176217175 -1178757881 -2022921401 -2044048449 2067348480 -315546932 -1308228410 -339726574 1626014143 -654333476 -749848502 761099529 2019677163 
572657808 563076231 -2044718810 1873245122 -1386585308 1953673196 -767160123 1028239145 334575242 -81427104 -1855690158 1909426310 -932915471 1660708738 -1678422636 1923557515 142974120 1796743121 -193723301 2126687295 6981812 
-2106223195 776497168 1090053950 1314802347 671338667 -449807826 -256945140 -1818462312 -78486578 -1326834171 194524597 1421036800 1464905365 -925565058 346589473 249473771 -1162680385 878613273 1511527705 -906707046 1780475392 1569247590 -8604017 1220896906 -1836150838 889044751 -1356176797 1213864181 -1519355815 -920041386 -1071146158 -2121073961 -810291321 1442621040 -108696147 -1670149711 -679197473 -410281892 -1443231290 1095290911 -1639583986 -790051542 -1601985804 
2112819624 869258484 2025424424 -640656639 -585258153 1084290374 -2143907874 -344459570 -1492905256 1845456461 -1645560277 1794287865 -1511347058 -271462394 -574244674 -1477437889 -1825127213 -203783017 1782348777 158866012 -1587440109 940086705 -931317793 -2141233348 -765097763 -1794099370 711590811 -1320706351 
1478375080 -961480413 1717581679 1777066326 -917316446 -13212821 1829201956 1913640618 -1293638268 -350549836 46104625 -313010692 -316896913 864418854 -1023336164 30438143 429831734 2111634036 1516748840 -733928148 55823711 -2095218402 -1503527350 -1060185337 116032196 
2119798577 1643087809 -248403215 -1264142991 -1378547364 -207504680 -1827662240 189525570 2031322233 881264364 1312392965 -867288864 1995210366 -402765378 -1666063555 -883739631 -1262908248 -2081734498 185433986 -760076890 1646194029 -1516144775 2143129790 -599085319 924029474 -1805724009 -1729870530 1307885374 1390723741 -728427789 
860727192 -2093122004 -298053570 -1983242036 -812937012 -682026343 1995350045 365432350 -316603108 1114203737 -1378936851 -1922741616 -1938826542 1622486273 1008931767 -1549425252 -537547464 -781345457 989402993 495821332 697309228 
2036439229 296293172 -1442748184 -1035715468 -1798787058 1435487117 -1415005078 530053824 509240992 1523158876 -1789267508 708264958 -378031348 -2019646386 -2043233620 -1818581797 -1518287413 1236356415 -676088050 -856184926 -1580726731 -2012152090 -277425643 1713844016 
-1607349196 1331569600 1737411061 -1733805992 -525431979 677668045 725527057 -1766709661 631411888 1832959740 -1950795255 1907038391 422968082 411862885 1088930179 1938603816 -776679122 -61015457 1560261062 352957626 1473637054 1198708680 678703841 
467972627 -382381574 1827910034 -989935383 1125821338 600127844 1237072785 474815831 1317436973 -2135518067 419340075 -1483271240 -557917872 916018346 -71400376 -751008582 1566273134 930695990 -2096523499 1388673634 516913862 12890325 -2033232054 
2021978786 1658757647 336943016 1110591958 1189236352 1217915188 1908826334 223838138 1379431940 -2080238575 1423195821 1801002640 -410461869 -1418428543 -1021546163 -2074897151 674307794 
507356949 -1846529675 2127321151 -1414944381 -1091513288 357279467 -1406361887 -1471318831 1052972968 1680402926 -1057435724 -242675718 1442793516 -2037510394 -1374512009 919728921 -1525691034 -564099032 1810403324 -1314089376 -752612924 184211933 -1639795822 -736978389 -531153211 -1926054541 1453008432 -369572966 715981120 
-1237766318 115564097 46507262 -864071516 1538764071 -2038418504 -1065250421 1230075996 1460652366 -1436544319 -459153052 -794195061 -1327152213 -1633745061 198139370 651362205 1029976713 -546354742 355142243 -964558011 1430276729 1194640091 614092934 1702444280 -1015374842 
1143714714 617411168 1590628828 886032666 2010377438 -1556163527 -528238675 -1148661370 149667422 -123142866 754653458 -578538981 88995268 -244593418 -185968967 854493213 -1094674962 -1112116694 1083354123 -1367017770 -202222170 1724779265 -1593341648 346322274 
1757881326 -1877402662 1492190973 152419876 -705952594 -38131521 -788155359 347370788 -1967852648 1909384678 1284822086 2013669601 -322437987 -1961445726 1328128098 -154342405 306874232 -1374214985 

852968089 -1361226798 -596753648 -888595563 -665526609 -1304347007 1150669264 1362482583 1006601898 1983076521 2098740788 -2111351959 -967269707 772343468 1261344467 -294402083 -387169355 384513512 -1056096891 1764729696 -1695235578 1334881330 -1730800880 -2004950294 
-2133983632 -1707186420 -1305455991 -1752600570 2006681550 -546506438 539308279 311149520 950734265 1087162439 1118367697 -1492104436 928297220 1464051959 1110565088 -1428496466 2108197061 -417157813 187679282 -638866212 1901750664 75178388 1851176040 1635987381 944842731 
-1436131071 415976998 561326094 608756841 193141607 -1484390788 413444493 -1403753665 69252050 -1694204866 57643204 721126074 -1077380087 -2032989842 -849074551 -847746844 -1068456189 -1696696225 17825039 -445546225 1957046927 -568656870 1666355134 
2142734450 -1522681027 -501525586 1369174625 -1319916830 1675960102 -789098305 -568186166 1036310384 1622815125 -510190240 2023626422 -420119106 -2036524713 358922157 -808776200 242245287 1388787436 -1262203227 2113067970 283866076 1166604654 281474675 -1551817125 -2035926247 

432877599 1469226276 1412471523 -40820821 -1239442653 -1321894349 1478365933 -754868408 1490701952 
-1018506964 1210814235 454542905 -1308344733 909705370 786450912 1764639653 211343013 -299270757 714640899 1207508809 1990167599 -1754957183 -845022786 244467233 -403722298 -1732104442 1125161680 -488195368 -1561067051 -629566619 1441355870 1459233887 -1652621365 1802879548 32942021 1855016031 1509907460 1978535039 -59461856 -1690225351 -1351954488 629514017 -721284094 -1897885015 138072299 -803276447 -1088183202 -1389341829 1529196697 -2037566662 2020584041 2121755698 -888355070 108584864 -245328607 990709498 2066591657 
711782269 -1659147050 1553748203 -1052955870 1800617283 2037055405 -359491445 -991110124 -957380037 -1039902699 -589169849 -1681964656 -1805422343 -1020934409 -1336933355 -1657773452 431258512 -1375885932 -215437452 -1637733236 1727080988 -1622477185 -844910676 -639134547 1546187497 210599495 265493613 -533025040 1245083091 -2144924344 751816591 740073075 1117376944 1329416217 1632159488 64489260 -1953109330 -952249530 -2015296059 -1722159976 1655199484 450619934 1495219493 -812271169 194036888 561704798 -463394266 1609376959 1554757284 913614880 1686442589 110926604 2108044414 1104129987 1930476895 -574987518 
1254716111 670878227 1623719549 -1553682575 -528013829 -1537162870 -803204828 -1785622708 -942759962 1761195788 -703585539 483009664 1464299720 1722116017 -173839631 993494277 1460899695 1671522878 1806371097 -1358449061 930559926 -1424370730 -281339060 -1030377352 368375534 926420997 1518301697 -1171813418 -213029848 1902630097 -2094408943 -893293496 1722504502 -1733593921 -612048881 666740950 -2108753111 1176915111 -1840010547 1640847622 -1282706667 45049238 -1319619338 
