-1367787948 -1561508118 -2040284932 1290211401 -1850024957 742040538 -1411205989 -1631933824 -1355897350 454656724 
-1090922108 1204318730 -1556658574 -382824795 868925287 1522165871 1926967354 668381297 -453143297 1794828127 227543290 
-426782139 1341075481 1662898320 1362986860 1299221765 -1104091955 -966009907 -1381728274 -1345149268 -1931721866 827594754 -395058563 699723901 19333921 1592637991 1662561741 -1517422493 1993155520 1728672349 888882150 1771215594 1352240322 
-1948425674 715667091 -804154503 -775386348 2002169415 1653509093 -139164485 -797398607 -1714564085 -1798133447 998116656 840520459 -847040718 -1150782186 1752492822 185122086 -14451594 -1803320609 -1923540047 2123698616 1659116129 -1985351298 415360437 -1801551944 



1657375107 -1281911878 -925336165 -496839427 -1667086436 -1259899029 -825452557 1556916513 -798298515 -714988114 -463684523 -130822139 -646927141 1679704744 -325159292 -468419844 -1193739524 -778862998 -405353377 -2061474700 1316889808 -225128903 1844273649 -1653912191 
-930456239 1545817628 -921601777 -308624733 -1305777437 342310347 -70696568 -1691927541 828056818 -517984943 538544202 -1423299581 -1169127070 499313164 1509741684 1193602579 -1074173197 898043371 457040179 1843371645 -1558547004 -32365756 1396429650 1312316321 -123260070 
1082398456 -815653971 1085745889 -892604925 -1499823610 309898684 389724506 -2109979366 180294446 513642691 -61400498 -303361302 1112535158 -1996819523 373770626 1502735424 -208305284 -195004757 -1881215368 -1230652393 -622963328 437381047 
217671907 -1564305656 644090798 -2087106344 733530232 561410730 -987017113 1182501997 -792877355 1894181342 -868112974 -2003503910 647944506 -1336625344 1976787965 2061209518 -2138589529 -2009388769 -523346415 1301451802 -1991864664 -2064021586 744666962 1977311060 729797120 

-237633555 49772837 1447443596 -1989930908 1107506619 978131135 -204639171 -898049846 861612698 349399632 600020009 -520617072 33662733 -1998166018 1861089847 373402745 542399508 -584871 2005597935 -619132455 -894069539 1742548560 -862256039 891512214 -2045161702 2112270611 
-642583301 598366466 -1576227416 -1678080250 -1055032228 1914629138 1718754393 1451523878 -345520379 -474616123 -777760168 472365694 -1931597995 817589905 274546464 547264742 1010539960 2018749485 -186816900 -386058100 1998536663 
410506966 698574738 855563021 -301937655 509125641 617255716 -245665721 328595997 53571941 -1490880157 513660804 1881702472 1094358262 -192687347 80789143 -243475584 -1844333581 -990000802 -1126461205 14664413 -1210321248 -139961309 1791854210 -872826203 1825885008 1259474451 -1763695546 1868863828 506586431 1008307097 
-739690192 -1259282166 393971234 -848716154 763701293 -800212130 -1493810618 2000209759 12173258 -56652681 -88464557 596172215 1936432069 1908307344 886568988 -1506679069 -1476448833 -912806849 -1279895551 80166164 -1658943933 1656804460 1188756538 -2011395067 -601449241 1844912656 
-1691470 -1826880353 1164290115 1312828206 1205506695 -1476501440 1852120967 -2014046026 -1574820488 -1593287097 -970338442 1063127888 492826433 -1544021310 -1813161047 -451357020 1849436799 -1433817787 -1869868504 572210802 1715348928 -30992504 1610739780 -255287824 1085148716 -868393466 1091807193 2022655059 -1247344620 184948346 2078676457 
803749070 137388311 2132854391 655496030 -903335481 1000962148 -2141802448 -470878575 -322721455 793585152 -2104058007 -123590885 -944978345 -1202980359 -1092781703 1463265650 -1081406972 -1539389326 698117831 1994482672 -67461103 1253399212 813374693 -1782991037 285274119 1974397694 861521220 -666372782 649809699 -1441429571 -76801793 2127295581 238290424 
2066062399 1920151336 -381725426 193520095 -1707078151 -625371061 -1605743418 -983701241 -935594600 -909437694 -178565830 -1791115560 -97832613 589613550 -857227060 1296142166 -1176254585 1889163153 -1244278349 -1436035292 -1631271678 -619238685 -563259551 -375217673 1163280379 51034792 -1271851437 -182783620 1221520128 1398913537 -555283227 414227333 -797206580 
-1614985561 -903838851 765120036 1756850982 -573255438 1912734038 1451146215 1138621078 904274614 -1441007750 748135381 261785094 368760931 2115814834 753115993 913921607 854114804 -1505897292 653738197 1625563612 -1350571409 -1026807696 -681962992 200943223 -241350396 1028609919 -94102936 
339815258 -451933060 1087838507 1539123541 -1640126777 -1465235239 1344530920 1595723487 466791330 1907782874 367683058 2046406474 -1826304062 412875598 1134985177 683544518 1322595622 1980202441 -1266186147 1041156942 -804500636 -442278087 -1103497822 2097200849 221127222 -912300187 787480308 1358453824 -1803820198 1546070798 558865457 212233926 747725037 12582458 -1576086375 1583082360 -1512138940 1519434071 1515514394 
-401730781 607159059 -585693698 -1415371153 101958874 -1638544093 1040079838 677042325 2116763778 1478933735 -134786449 1026360900 -638544338 -520490206 -87694186 2115562950 -1311157468 -1710085148 865018171 190767109 -649264288 -300301194 -51328176 
976059477 -1228574938 1888349443 -404452190 1343597304 -1253297165 -766857449 136068239 163449408 -1805110645 2071820669 -811368157 -1827059349 -371348162 861703445 291951705 -338117731 -1026919693 1465706319 1879453296 -1272456835 1625328431 243411122 
-111778213 1983485443 1376620288 -1241098076 375530047 2131583987 -436188670 -1824460208 517948424 -1370152781 1928492463 -6263339 -1926979371 -1463146745 723807440 -1493580078 -547388 63634578 64556288 -1297754164 

1497854878 856249225 2123209065 -2061727943 2137036790 -1147050290 -84825344 -432426079 -1467444696 -647318848 -1661308879 -1604767739 -225506368 -437455019 597366823 -969302036 401527743 1516266171 996998174 1633667666 -841064273 -909806191 
-1440308616 -1665147220 560277195 597915942 -43252566 -1610533992 -1602812559 -1918202521 1585233424 17277209 1316404077 679549486 -1915130228 -1144830318 345149594 -994463717 1801174393 266699965 1165373900 1854017598 2042101567 154795352 -737653285 
1935155880 2099981313 642098766 1704535884 724512999 1031429595 -508062204 -2075477765 271705010 -123925992 1919051108 -304949124 603190292 -1363834526 52813278 -2008966468 11578503 -292040375 -727404086 -1720207099 1600245935 -1924107736 370825023 
-643208225 306987446 -266187822 -178204542 888376878 492199794 -1869938094 544721851 383960148 2086042923 -1035199049 685825738 -333686098 2042985281 -1250530025 1663996744 -715423245 136614530 927758818 -1217432243 -85160106 338336325 -306664077 -1578233903 1677456502 

397966096 525413917 1666488764 -122861989 -1813893178 -1900692329 467225332 1816228601 1699431723 1488444879 -1829337227 752622375 -403843027 175604807 -1936679793 1274101516 -2141497556 -2069119344 1502640499 1012226485 -1360702855 -1930453370 1696736456 -1802720154 1059081418 -899575415 -1255028937 76347025 1242920713 292297966 213105295 -655249809 -1786364893 1617684555 -1124685783 -1444897634 -1123018577 1700380628 1626849287 
-724517886 -2062383956 1222750976 648918396 -1253284552 -1590770249 1454206087 -557925656 81970578 592725613 -900654781 2136639319 -1660136380 583610982 -40955985 -751266886 -100084465 113404724 -1262954943 -1370925194 989119977 874733072 -1440769640 
-1229567989 213885045 -1003929472 1862377299 -559674120 -2104787613 -531424007 -2139841495 1509902140 -1718552935 -1995866169 514982565 -1212437694 1076608223 -291431135 908253075 -544528012 -1704161770 1233845072 -120150107 -529027271 -910230524 
-718930047 -1242408242 -1842135019 1142117643 1793395011 -262632357 647846646 1356109615 1336286254 -1483339627 -1960009029 1241380460 1298014189 -2093219113 1189188296 -182315692 -840044694 -92271891 -1050840583 -1905683278 -1689952331 1568782927 1056319388 -843676132 1395711567 
-1674714823 -1939914726 1333005901 -863543492 -442231729 1191542261 -563444728 1311562531 1938150362 -574581885 1433548006 -524236361 -1947542366 206466624 1448543402 1746163065 -1809883027 1935097442 1105846300 -336563782 -485531984 -1965951694 -2091055458 1182843746 
1569804781 230027541 -505821384 -1272260845 501920302 -263916439 -1643638766 -1024463125 -467740338 1175913301 1362682884 1223775955 -1960278041 1186477422 -262833599 680365267 -1856092801 -145889230 -791135245 789514716 221757369 1101544108 -517303972 -1622434076 1689431396 1301413477 1796208045 1981617583 1509167613 1818724250 495152596 160120066 -1665969982 
2033478792 -421375343 -821015943 46237981 622084324 1873060411 1071118348 -606466884 -1332551301 343859539 -2056060118 -485206998 1133304719 -740686362 -998768460 202573449 -1512463311 827250950 254526929 -1734410876 135520285 25939752 -1093510288 1577579974 -714710355 -51002402 -1057758794 362873926 -241795638 -290141916 
1290682624 -1035965921 434010838 468703882 400547720 856667772 1741066145 -888966901 -7553758 594660067 -1018574228 -1883758981 -224739982 1704147946 -1183102449 -1892705038 -1549879985 2056787717 113585039 1604335162 121079079 1569863552 -871781498 -2075193243 1377431335 -1900908573 -56789066 147082042 -591789968 1740983773 -58275874 372449571 493764872 -750995871 -1964648952 
-289104353 -1850137452 -653429279 539391811 -619139881 -1709332702 1640014828 -1965340071 -768685775 -1011037593 -1383705235 1160254087 -97175622 -298291960 2081950934 799472727 
1153508073 -46555302 -938550805 -771543539 32169850 163611695 1580883311 894540472 787584908 709601432 -322804304 -456781504 -844305550 674560537 1739568022 -1493553635 -1117617098 -1231850615 -1508117165 1624831707 1390374022 -1043848266 -838657652 463562568 2016372569 550884095 -1044513675 -308901074 
188431352 -1593681617 449706485 555514634 -650426441 54649187 -149407422 1148006408 981563064 -405587828 -1321790366 755038160 1911224264 -914474898 -1754917294 -1854280243 2089224513 1834192704 2013175623 -744802945 -1812644010 -1881159054 -608233990 1439647049 -538720771 62493120 

-1905143811 893553502 2083684531 -244549632 -2093751177 786089331 1355651290 -465426904 -1545626769 -1969477246 831966625 -594875466 -130977858 580510330 1055598764 -1257236305 577305433 2023682609 -1514213829 -528342463 564432667 -1802404498 942070848 1531215705 
-549051772 1567266991 666641991 -936720626 1503113055 -742857837 -1446198305 298914306 1809542863 390322302 -452523444 -1066166492 -1069215165 1170973059 410887700 197639204 1949777882 -548963735 130332082 -1147412835 1205297591 -1867340405 -423605614 
1059586876 -791439233 -1314476411 -54058456 1011164566 1649555407 -956841215 826024401 -747780533 313829731 1702767310 -1896593332 901685032 811419744 -2005560729 1592156257 358731460 1514062087 110811391 -788788574 959192144 1827404303 
1018482504 -1028907228 -1074824217 979221308 1002238481 1099472964 -1184201833 385538945 145360569 325256539 -536819736 1121420551 -2077446734 827494907 -908857673 131977542 -440035699 -1911870728 -1750944486 -1914432483 -542006376 901937157 1581590731 970480754 1283939917 1303090262 -1963675206 1449439963 

71277253 1577763622 -1123605140 2147106421 956865498 -1017954455 -811322242 760513799 -1662381422 -203226429 -2055381731 -713395949 -332531666 1074362685 -839451132 -565426119 770771326 -867219046 1757179934 940215992 -1334611795 834057426 -1599737530 1949553851 569950767 -1877137285 1936327595 903620710 
361006610 189804585 655006634 410656854 884915453 -285169240 -1836585191 -179117470 -1978512195 -808401740 727778241 -1200647201 -404922154 1668999277 -821201215 -2120444346 -140923736 -557329281 -1256177224 1973075708 -294558220 150250637 -1771055917 -1800809128 134980946 -259402590 
-575951100 -417136730 -2068751990 146181122 1216105919 -331300538 160010489 659235844 1138643580 464135614 2026586317 1302948933 757455822 1965312128 -123224253 -1179664383 -1993114201 472880765 1117285929 -2113399306 -416772550 1015643206 367493834 43654662 428676564 1775674475 -402996762 -714271003 
1923363958 626350860 -1889783133 -1321060252 -589605743 -1851119043 -1812646623 -1394182626 -1055863728 -740485940 866870840 1809851915 1478919197 2058862219 -1227823811 704174319 237928370 539106614 -673472046 1987240045 834503923 -2078563494 1038204828 1757215784 466815523 
-1547354225 363020736 -697411441 42646978 -505884103 -239347665 1887461660 -1665731228 -1507239985 1277758663 -77993177 -590230369 -392845220 1374426072 362054944 950271231 -1098854130 1500054840 732560222 -153638043 563619751 1434823618 1983192259 -1096321913 12543952 1454341074 -732026562 1983346651 295406196 1343677253 1336988093 1277816633 1873393827 -1092890054 1630441529 1860532307 
-1772531154 -623461853 608008237 1779338941 -1149365343 -916607545 1917942507 -953983682 -1612764502 169731385 220332015 1664871777 166632384 1897781237 472144221 -672775998 -737372796 
1736202104 538994336 1647348261 -1586993148 -1832551288 1547770213 1332873090 1540465602 553547776 -2109110589 897899861 -689914883 -904562615 382378306 304771567 -1291243786 -1636620711 -1650167786 -176380046 -1969067588 977242100 -1107696032 -1814188846 -720887033 902064624 
1918097804 654989825 -707407354 963865986 1026943822 1778950073 -1992528543 129367509 -1490864552 1659226392 1203564229 -334323292 -532633159 -1512552344 -462108224 647635359 -794453865 -107472285 920505283 943436151 -1237158158 -622219923 1286367807 147861175 1632674890 -2019557815 932539776 513778665 1606323918 -1777745237 1853060900 
-249722862 -667099861 -284251343 -1093881928 1909697818 1304053891 1836638499 -1672543304 1731479930 259409377 -1237241400 1422515683 428912715 933313010 -1032727677 27951256 318271517 -33134569 1570156361 -2124918847 -1953282565 -189800704 -1040711560 -332115404 1297519878 -584937076 -666468583 
-943687936 -401803217 -185639463 825106461 801092710 -2118308436 1663520976 -155723441 -1639304827 869973166 1292635556 397884051 1376118766 193692063 -1303615707 989662800 1245938408 2129671798 -1483688761 1759801973 -1126111868 -1828253462 -1405487583 1112807815 -289050567 
1638670950 1968220124 1655787673 -1361498944 229277194 -1763049099 -1462812831 -374256182 537278462 1711972626 2010160308 52489126 1843341372 1652518907 243698439 -811576191 -305593684 -1987139985 1078701471 861311388 -1099675412 1794945291 -1342854364 -188769466 1128952100 2029018363 443974791 648579009 -563827405 1141172022 -714695748 1976716473 -296503766 
-1903131892 -600161747 2067019964 1371384736 -133175475 931945295 567539887 -1892963536 -2096679701 855137828 -138748255 -1531350407 666689802 1504645006 2046145314 2113222604 -1137142172 378013674 -1123763289 -1369576140 -1590920657 -1005869867 988748091 -1462536655 991886592 34642431 -1618041184 -1741496828 1519166480 -79096709 -2015513223 
-679051465 1544765308 2076342147 -883292307 -253667028 910186429 203767872 -601035447 -445537876 -1935785106 -760213712 1962588562 936245160 -1706212492 -2068100870 1598024694 -281133831 -1323480667 -532015361 -465825187 1073747793 -1342617772 -1090155215 299386068 
629937378 868404541 155177588 -1778969422 -2132256500 331434904 1920790582 -1837997380 -228438868 -1648467249 -1345959621 -1946943737 -338146284 -652956653 -1661444817 -485305082 1666319054 714445210 -947412432 586246070 
624728966 142459238 -181609342 -1338158758 1451052250 -50913148 1102939035 -265655860 283971123 706915136 1131557213 370196829 -1124869456 2073261514 
-1774738808 955656470 2032327530 29862403 799829839 -977214667 1628978475 -473719706 -1001311763 -1873101300 937998606 1555921406 1300054206 -1159153501 67013333 1326006492 -988373609 128798110 -1290443509 -1251655144 1914630115 1701780440 
1358422835 1068593449 -1910641607 681155621 -1423728891 2067050399 -1450537950 1240959890 448477344 1210328388 1926489867 -1607798963 1434000833 23286869 1925989904 -1608938852 -1847680668 -2018874885 -398496478 464513611 2062448550 1907132329 1168556923 1658326743 
-1466778385 -2034900258 1836949609 1502894223 -609603020 -1546752602 -974627788 -1659679606 -1546534482 1945274113 -1585924765 -645293264 1772162244 1706120682 1930666122 2028923252 -294306029 -491954815 1553645640 -392636849 55363101 -1822399885 356377582 -1100574765 
-1629278688 -228959835 -75494663 -17280042 946652366 1497282300 -1572551679 -91588204 -1002060574 910332149 -437716878 -2034353031 1256269295 505512715 -658659737 2115941318 2088690590 -878343535 -1016122008 734688499 234038354 -566564822 1480638325 -1080657918 139054316 -875089804 -1111561495 -964558591 2124194003 

855496798 -1863230823 1906698625 -1891847121 -1356539282 -1504235539 -868892868 -274698054 -546950299 2120628770 -857472004 161264479 1149946876 -737004464 -246545374 1820729165 2068749535 -1001196373 540479439 -768239673 -1719354934 318283995 1385578385 -2033566069 
-1010958302 1838489893 -1190842048 -1230533330 -1937563417 253846332 205597387 416707596 693589997 1082614722 -1721532905 -119710146 -875600418 966767245 -1635708941 -1433279709 1901358435 1438345260 1069356402 -1734585632 -1310160718 
1153577656 -523472209 194850343 -1598595780 1618871391 -122891740 1751142772 -945602789 -81514951 -1909774748 1737173087 -191149179 -490313921 -788311316 -453648191 -1282007807 1666419976 -1507618126 -1867974580 1573854511 1483952691 1127410706 -2088460685 94190293 -670206995 -148619760 2116477317 -786179043 1073191150 681331828 771438424 -1669451972 -78418456 679601976 45373815 -1055308398 -925350478 1282761699 -233835219 1526143879 819642926 -2090500912 -1864283455 
1087485161 -627171890 994344843 2068254331 -2134735841 -1701238325 -1958538425 2060847978 -1552401149 421337781 -1893093277 -860808082 1129957318 1752113459 800348282 2067056839 -427669461 -2060238275 108048485 -749495003 830514614 -1439464340 47197392 2100673022 -663263638 1533065710 656726387 -697466297 
-2082244766 -1180607899 1750698664 -1974439495 -1188542105 -606335340 262248710 2131356460 -1135466110 -1075151772 593501260 2080666093 58747074 -1174180919 1499019064 747817959 -597541133 -789555834 19632538 -1869446940 744143026 189658111 -1605654179 -1873437849 193015558 
-1805279049 -1584610086 1236881812 1694800202 -1340202202 1458061360 372006710 -1144900859 2069543032 -2048015546 214371883 -614959409 1528308309 189985994 1958494367 1005612228 251006146 -1581538141 -745405166 -2070273735 -1914863037 675843383 -604181282 749722211 -77888138 -1610412555 -567646095 998199761 475034547 -1994728520 
-1661396535 2109187109 402939148 -212159097 -1118354060 -586321439 163631995 -310420854 -772009062 1869503168 -720792137 -1904956135 1043329720 456634266 -576422921 1999247121 -2103669495 -1804337815 589484137 -722385075 -1218082034 
-278493533 -541244985 -529615062 -78124771 -169748321 576459328 -313713150 -116626536 -229410945 97429056 140658557 -1800426158 1280063081 -1581023139 503619589 -1476816350 1642211087 -1086013267 -969480705 -235237382 -1228024023 -1064145009 1229379554 503619609 
1222748422 896482980 -1295259153 -732168738 2024344069 -812502648 -338615371 12643305 266295977 154221290 -1129544323 -90991003 222778365 -406827061 1020206131 -1602226384 -1183470436 290031407 -403295240 714520362 1369544617 -1988985633 769049771 
-642878568 801153775 512988395 -1864221103 1847974492 -1722061412 -42088460 324851784 -1562447472 1407348071 1441053898 -454377928 -1076850466 1159418517 539092229 -1355150960 -1441591949 -205438594 1097246244 197563658 -501682937 -689349995 -1279569744 
807107656 1679158930 1701431960 1435580530 -1498064033 -559328040 -1868634991 1467868405 2046352710 -1191577421 1254005099 1210482197 -506086717 -1211205317 1605433961 -994445338 -1259762932 
151740428 -346031554 1104248427 1350571027 715596796 954199645 57541457 -1326237523 -1647724415 -1510640587 -1521794145 853502007 -54776221 227870573 -584632342 648791328 -1162163456 893570403 -517528178 -1874675602 871524914 872002241 -210642096 1036531995 1781028003 -390900049 -2086113713 -958363156 -1006043136 
1913736746 -2057487129 200519433 -769986573 2068105447 -1841032354 -821633443 -1324011409 -614507152 500379506 -276388916 1445197614 -419702183 -122709041 1961967902 1655631866 1474639960 449239807 -1023768099 180916127 1850528552 -1113613941 968857127 -406929810 -92266985 
997972551 -416160361 127901324 404875772 -1919422640 1632016496 924869690 1139937275 711441531 200287610 -176882941 107563187 376394972 -273331815 227218471 253736104 1164983766 1864023349 -838626881 1649746064 -1603747258 -12038283 -445516168 709689964 
-1115149917 77432741 588816720 347561111 1275348613 -477785941 -1446076153 -1872588625 -2064857670 -1710472205 1798439460 606281373 1575560060 79341846 822594156 -863640656 1770355715 -1839471492 

-1041656974 1572752910 210506841 1001845000 1097189587 1368285188 656964306 1196198595 1119851965 -521360417 1433569072 -1157862111 -590914755 1981887465 868603817 2002741680 -1525277575 1094641834 2050350563 1071689845 -712484309 1434323675 -2051352628 1752270054 
141541925 894393551 -408423369 1532519131 986495802 205946932 -1697619601 -1873411017 -264028562 880194387 1941661374 526823966 -22987370 -1479912542 -1801078946 -1509312305 1190517833 -125663603 286339995 1667987104 1420066302 -1516062900 1435068534 -145090491 -540054201 
-1814604310 1364077508 516506896 -1406541418 279310852 654552918 -1072086390 1475941855 -1347892370 1369032578 245250113 -720836440 528379701 -1718465117 154770587 1725496807 -1859013765 -152539058 -125251967 -762709931 -1200754390 -77992048 1198160851 
-1503829210 -1206555302 -1309416843 1639120103 472113153 1695040945 -103974068 -1978628653 -1677155768 1129682197 1560430975 2124272290 -1879381325 267263192 -1064411744 -1934439277 1406147760 -846898015 668973043 1969710010 659836866 1574121049 772200425 1714937452 773868989 

472161469 -257253635 -914047985 -1854968247 -1839655532 -2071878606 -494168901 -1701301382 -783493912 
-631881882 -315987943 897025608 -1199001463 1421831222 -863464378 1498240547 1243208662 1812221732 -2116196288 -1065417455 905238307 1028476069 -1891704301 -2069159858 -143093796 110656253 -958002611 1354178875 114246567 -2145539838 -1628300024 373246234 -901446267 136793847 295657942 -2091537310 -1602554681 1579531613 191391247 -788186939 -1092421905 -2027778826 -253947577 651850096 -547051101 -1627295201 1986355663 2080540603 800695560 694519861 -907982371 396843266 1949099049 -1461695800 1785330258 541484497 1497212452 
1031966392 1386025988 -652477474 -76799307 322712257 -1223450319 -1918991735 1702012220 -420208464 1244983303 -777545716 1251759137 -1390577735 162848537 -1047361615 1745790706 -535574251 906232109 -1400691306 -2081367006 -2048076471 1912674429 -327629991 -274108050 251159667 -1231615270 1208290269 841447738 -1508467940 -471463140 -1196020942 866231204 -325198543 1029323732 -1010722024 77341617 -889199119 283898486 679155409 1906405877 -2013732955 -1997342268 -1243023602 -1020695458 -1475316064 616004547 -695264009 -1058180457 -1059612850 1400909756 1268068839 -1197483313 -455895211 159841749 -1493288931 2095524398 
816998729 188392167 469426102 568216429 1316018168 -624647788 -55000119 1802321260 432937924 1127227815 -1028845298 651471247 2030035725 352878836 1501072508 -284973914 -1622057471 -955102491 -379055352 -2114202872 1534645666 -467441981 -444794597 -403852626 2066751385 -497794569 1175690672 1108101906 1195549073 -1458748209 -1125091630 1654898977 1628331581 2014338477 904879522 16609461 -89988229 1926293100 151548981 -716261238 1065131097 -26202537 186364203 
