-480614648 -1927284152 -2081649254 -179020969 -444333811 1586548785 847471704 1432097341 -2001216440 -563291214 
-164811337 2009914402 206321379 -1285068953 -1216823734 -1824926505 2008754379 -159833151 1763067636 1283705911 1239526007 
-2096282330 -1608607217 1047017436 -1756283511 1984616228 268775881 -1431536126 -2036932641 1397689422 957297219 1841477949 -1762328831 523401763 935520051 1044215961 1898917489 636496390 -25545892 943086455 2129270459 1475558066 1717834872 
1126933156 -2079642705 1651826141 620759237 1812925503 -1834021648 -769050738 1690831480 1317566660 234738073 -213396753 1032109621 -317888543 -291897645 1794700898 -1325917045 1084088237 81574757 400945933 -446941674 -1946235012 -1244587395 -112077652 -1092005979 



1684076503 1478335732 955882050 2121417237 131199873 1511091273 -78848865 -614265967 836147466 840076710 -24125531 -45077629 761357610 -2097852824 -76368607 2064388825 -2109541632 379037084 64056753 -182353743 -1200709669 1588419111 368198697 1038096385 
1178487443 373526293 -957770718 739969044 -1383638689 -1302504986 1024603766 -175121145 -150378892 1567419098 -553333372 753190193 1640980888 -728834259 -1150865373 -1953631196 230358630 1050104264 361830583 2078907371 1256736463 -663982479 -107405708 -1177939923 -1004491493 
2014889013 -1154848710 1370422438 -26098803 -1799979273 -1128218326 660401165 1148002491 -586508631 1943839173 -40543438 2111600471 -576421023 -374808606 -1599706977 906860880 -1177069947 -1046122673 1587869080 143160123 1025776795 1484477991 
-794758707 1195416952 1157081132 -950012963 843549025 862642646 -1322770158 1806034390 392866052 -330813477 749752469 428115611 1393704169 -223141161 2079994354 -335612060 -666386796 240205453 -622644082 -177885324 1677742088 -1758792143 -557857819 594930940 -543236110 

-848667993 1480944207 -489323165 -826127247 2118803538 -1431986051 1322757117 1337111976 -903619399 -796091656 -1755542509 1845610211 1496995088 -245140490 1181899373 -652647000 -1531769174 -1721434659 -311658266 -1229091765 2084525265 -1039589355 -1398684994 -499834913 -2135752277 1178780020 
-449260635 -1239492150 -1656314584 -884443239 143558456 -1490099282 1708959111 -1017089009 -266387999 -1016437072 -980444016 -257112188 -223730986 1245061163 1196409948 -1434690053 986290964 1475261460 -5540132 1551017684 -541986727 
1107729664 1414006615 69663840 1165256321 420632185 2018322860 1542562537 641898502 -1829309833 -162102641 1890886089 -587069140 -1025282094 1571030358 1623863977 -1840857760 -988669461 -1971628091 1143213680 1925641738 1271594277 -969278511 -716607461 952768681 -1745045259 1941431530 2022436874 -466177763 1279617457 1301348362 
246757139 1174134330 195667754 -1628121530 2061628123 -19040302 1875059081 -503843519 -1938688939 778651122 1931390021 -246064387 -1104397415 1884219132 1980904067 1951560655 -550176440 62619780 -322176247 1666291262 -1318029557 1559579771 385084668 -674451672 129273799 -1400741463 
-902285922 -1137552770 754031335 -1947599989 -339759364 615876200 -662178439 1708481137 654487321 -87530047 -1416680527 -247325560 1563797761 1593392274 -349573454 1154878466 763292828 2037956441 -1386808115 1668854807 1977809989 -168414526 72280849 1700585793 1298789497 -990348481 1889297558 1944127095 1673081595 -257550306 1476496824 
307969374 -142822898 -296622830 -953779363 -1253415154 1706806315 1045781685 -97063413 2075895936 1188878334 -636712906 759652026 926939262 -588986424 -1318919358 -322091719 2093724159 1605226833 -1349297802 1894663383 -1618056375 966994119 -1631433437 -1473873360 -1921529905 809844481 355553229 654774599 385426907 -1986720759 -96853728 -1345267899 937712367 
-1329407269 1447021744 -440876253 826898590 2069810394 211336018 -1058049519 1395518088 -1290796647 -362781576 -1168852916 337769231 -926786247 -1906758024 1817540410 -749112208 -746133206 366713282 -1710652620 1665061600 425189055 108171493 2055496007 901773425 549781732 -2072034421 -1666561251 -468790077 -1702254175 -900995328 1275161258 1887367413 -1620469279 
-778700961 -1457677694 1573755047 -1145681431 -519195486 -2068698234 -759745382 -456972347 -388893474 -616227604 -158722822 -1214669028 1506581952 -1254905658 1923410132 -1582493107 222650833 1399863984 818037452 -698369942 1497743660 1633522620 -1646629120 488659793 482463328 1336692894 -1199604495 
-1643935735 1093127138 -1218233370 1059565040 1278754601 1463342306 1736658859 1645985899 2027593329 -668857826 -2025528608 1425574716 1806559637 -1963432427 -2097434447 404457736 -1267680948 1194592683 -1904019996 1647587605 -1123246520 131872408 -1377048959 -121312047 487925908 368529443 -129674622 988206244 1344290750 617500764 955381670 -1889617761 -457490173 215856498 107534583 -1388278351 -1889497274 1949394961 -1314718028 
-398350208 -166680898 161320033 874822027 1320354042 -1671756023 -49415470 465787809 975494688 1324032670 1598470376 -952500729 607643218 1734159208 -266527520 2107239017 38833253 2138058045 1354345806 -1327554643 -200677044 -740201615 1493854646 
1102083666 -1130339136 -174622586 -1854232217 -740709624 -832889994 696294957 1032282203 680721200 -746604028 1324086913 2115740715 1098391060 -1043231663 -2023096690 1963593080 -2057281060 -11949777 -2069141981 -357156964 -1017294562 -1076560479 245619245 
1162920634 1212014785 263628843 1755862930 -80743196 340833940 1811376455 -40455191 2030413377 -369119321 88240091 -1819337391 1984114589 2122570932 -251501988 94696284 924511330 -1533507690 1941117413 -1754218562 

1770370392 838905247 -42794949 -1177472880 1522202428 -2078106623 1647104143 62200494 -1041740418 -1976482177 -1200690813 330634192 1826973734 -996979311 1081772769 -1982402723 -1318573891 -1514921062 -679743187 -1303729361 -1441548731 -1603539649 
343346072 1552622939 1475149771 669926128 -58403233 -1538620815 -1350648981 754572865 -1245736884 -1254759005 713876854 -1207087871 720654907 1176502309 -2065681426 553079393 -921016339 1171205994 28390808 -714354216 1911661603 -105465351 -1194795083 
1788848112 809181062 1066987335 -1948964576 -443955931 -519627522 1151457729 786847881 1250431194 -842089006 -2125943689 534328105 -200629327 2076066315 794857351 282212420 1087394165 -788941057 1904661659 -1893452681 2037136457 670717218 -1765760651 
189029704 2054913206 917612608 82149097 -1525847061 -1587095900 -2112125484 2124549178 -1564312870 -1794868601 -761466663 1890636900 1984469486 -165015046 422933855 1536992192 -198738666 2122286481 -60686167 372963950 -2142353849 166160658 -723379034 -1219838362 -1499770002 

-254134378 -242174514 1149612699 -570789061 -1268980521 763081438 -1992677895 769066441 -2029167771 395250409 -2006242922 -2082742303 -1101931845 1858556769 482714939 -1127397676 -1286507172 -1942724062 1705563048 -1947404002 1631056034 1952082613 1650021694 1913844737 -307752730 -553923218 2104330247 363981817 -715013131 776280991 417543277 1486914920 1246548344 1610120873 1498238327 619991587 1166147444 -1010088369 1383235289 
-792270979 1205792431 754337871 1270642329 915907847 -496745713 1496738246 1967620940 -697191721 223743686 141527215 427084423 -130051844 2115140597 1426753782 14029186 1662045623 -2146161143 289604112 1768285903 -1396486913 165130881 -2144891266 
209476080 -624763053 -1834581784 -1521238696 1259535064 1285969406 -1898740696 -2086559343 -1410294891 228315120 -318273669 343684122 2105588959 1595033385 -1123078981 375029403 598156426 -685769566 -1754012962 1283459636 -2095827971 -586508976 
-112783700 -1549454193 498269566 -816900675 -1591428192 1373960321 -117065879 768916264 -438698298 1400841499 -572318465 -774370711 -729765656 752728963 457756735 1892592384 -1081036725 606567224 -903985285 1498453183 1788222441 -323951787 -670270925 -701656632 -1959827669 
874493688 2050968991 -846612341 1475388476 -2025492693 1479814353 -1117849963 -50119827 1927197246 -386664022 -312741488 1025190049 -1514204446 1819072192 -1392113639 937300963 -1379861611 1298181621 1837386211 1029807977 -497771022 -524317467 -36728210 -47048276 
1442797724 -1685450419 -1083361775 -22865362 -1765167618 1388541232 1050000706 -1405115932 1807134770 -1480055169 -1275310981 -582492612 506908305 -925799394 -309429947 2055665859 -1320520208 1875048325 1472178202 -273975743 1476981503 -220513792 528371070 -1544535455 -1448361493 431795355 -149654421 -863062007 1298333900 -1345819436 321455198 -312774377 -347089738 
-785799866 -1306482610 677542404 357232990 746216691 2088450780 -1198895926 14589883 -975615050 1773829339 1165835268 2001533048 -1277535530 -2010787201 345403432 1743034417 959556964 395740103 -477231542 1467905597 294851105 900059285 -1436180333 1024559094 -1287705702 -715662644 -757170971 -1442153070 995584027 -1426933651 
550360903 -858956960 798709615 -279242296 -1875528798 -2018346548 -824628117 -1840456334 -1738831884 -1909526810 1349237792 1633073874 1450074393 -1272160 -724494346 1743155165 720109944 94140669 1811658701 69922172 -485370046 1888064136 599431214 -631215226 -275912590 -1415464831 -1749902017 -2055565851 -1014353104 2114788616 -1356515537 106323681 -547780675 1002727554 -1452765946 
-85481270 1623046932 1126245175 180155106 1651625235 473119396 -1100897551 -2040804967 -2079517678 656739456 -254816870 1785541822 -1497331491 -2035652213 937306447 -45573468 
-141603944 430860619 -462644674 1933458599 -683202679 1147520434 649292717 -681197913 148834978 -704617585 727173106 1120992522 -553035669 -724560029 -517773820 -1035501724 -1383684212 -1863508745 -2012937106 765066975 -704417779 -1778962247 1922908288 854278623 -904064650 -634856062 1324393598 -700576001 
567106831 667851193 -803415824 1752025482 1480082738 110477528 -580126027 1790079211 501372527 -263689634 437192689 1127074846 1207465499 -122258895 -9698504 100837051 -574160167 519466363 696559464 -1151518294 1493653498 -1625699081 1422091149 1876791973 -393760543 -215688164 

-708928617 1615020844 136571839 -388922510 -1452098170 -1253269335 -2109162700 -1281243079 912037070 1873843189 2006345204 541484714 1073241140 1614153149 904117688 -1147006721 -1514644216 -1016571011 -366706672 -1795494612 1070209816 1703722875 -708151610 1014403561 
1849193826 142595885 23207979 1024415406 -714945447 1011891154 413835254 -670861928 -593289548 1928747977 1903582186 2140720365 344812225 -239237735 1267433895 69958543 -390308577 1711812442 1169188340 -1457692915 1490589156 2035525635 1348492142 
1000442482 -994524487 1476226657 579176384 -1547229078 -1285879496 -376541342 1162384681 1557262792 1800344584 -1904728299 718445020 1830865124 -264968370 -797464930 -1107778667 1003876764 -1284341755 780300976 1333441439 1802265104 -512370906 
1299376459 1845839580 1487104805 -2013251351 -2116052443 -641921718 887631771 -397169661 669282588 -2146787494 -555055892 -1595337813 1096899137 -237220363 -1819163911 685404711 -1399487574 -1695930815 -1856820807 -2103263642 709095852 -1125039144 -1875199725 1870701918 -1242002717 -1013408347 101524681 -1746329472 

584245653 1845681130 402660785 -1823952692 -441531661 -550082524 -1495030492 -249882950 -1193806554 1337798730 1601630946 173731499 -1074696141 -1771296552 994530812 -1816426629 -761860340 1566723413 2132819430 2051063645 197163279 -1069168960 1593847175 1273074220 22540681 2060308462 -453691106 1210851225 
-1795627926 1208326582 746166236 -1600018550 46292895 -1129949857 522168023 -1863023898 800362554 -1230360264 -1915065880 -474426081 -1534461498 2065028906 875447214 2075381674 -1500128453 639633762 475734831 1409662088 1815167259 446926096 895025911 -1926433881 266364485 1767496364 
831263984 -241712760 450999977 -1878465486 -140124215 2103879250 -545145608 -1580656999 -763527146 -245419948 1671231254 -1524885175 -385822356 337865946 -294943034 1341176635 1761365862 -1245164207 -263682498 -299240108 -963037193 -1138625432 -1713298965 705468945 -749472067 -792007435 542504574 811114851 
-1844069722 -800136761 261814992 -1459181233 793334769 -616999009 -1039556532 -1293001085 -2089697616 559069226 -706657282 1228194727 -381743162 -598246264 1705127455 -1768627918 -577410367 -718973746 -1593812616 -241636714 79043904 -1811594315 -807261410 -688611508 2080073939 
-1919862065 -1850162437 -778201862 1201434054 956671304 2143217393 205568738 -1477121288 -1244592518 176991886 1250445046 -300175502 606881744 825566769 1536105804 1147107609 -223340492 1678565815 656199335 -791019254 1887205941 -981015636 1175774645 -1495447523 -203830768 -360213363 2032828868 1943989486 -813528020 -10254506 815990136 -2048721304 1346355517 -1178962012 -235019555 1217264459 
-1334711748 264009682 -1912888536 992750709 -1430093319 1030384817 1878035148 -1989541796 1607637910 105410379 -1881470331 979976756 394639127 1476595056 -929983983 2056386754 -188297169 
-688427583 600694734 70796299 -1650842794 1923039492 -1944056842 -2044063618 -1204566278 -874972797 -902928573 230330515 -1142436618 69071004 -1672352868 -1608325215 827806299 -382252696 -2031902206 224002140 193023238 1864625967 -173978250 -1726961915 714359708 -1533331 
-994358146 -577849635 1959501043 1898797444 -140908725 -1945874049 -796958278 -400990352 -2055655177 -1363663867 -266120394 -1089398324 -840895695 1603878626 -2072534738 -1525619225 -1577709239 -1856281215 1978254882 -711506234 1492209775 1722298225 458410392 11702875 786931869 2052593839 -1792807635 1996846108 449182443 -1991047967 132716899 
-2084720058 1412161769 -1025048918 588592582 -926768056 955041444 56241711 1619635092 -1911697756 95539786 -831335250 -1719659372 -2039183797 -1698993692 -1326564581 -979256645 -1201836821 374963129 -258012645 74869885 1245214605 -2019485089 393183999 -283069594 -1756510446 241511575 -435351488 
-740054304 2077882336 -288484456 -741482047 224588035 1840556748 139858373 850579139 -2143620758 321438794 -1364482275 -595959076 967675228 1517497402 -1739697931 -2133577920 -1259159959 -70223431 -941718810 287129398 -377183306 341226552 1800543750 -1410219663 -1632070037 
-1823229020 1691197064 -427719017 -1217989038 1422311697 -587056423 2067694878 243703524 1812789840 65455381 -1721149695 -625498625 -1472117494 1001003474 795758612 1577362178 978766194 -535021297 926657301 1474385002 2045204468 -742735551 -269479545 1692363663 -1824676842 -397139654 -138500520 1224464520 -711148351 621639888 -740016033 1509910491 -295860776 
868510269 -682660732 -1635854662 -1971597090 -712536567 -1151134762 784949293 785175593 -428535106 491429224 1590353257 228600872 234443444 1843614560 -841796773 -784929695 -429743518 2123787008 -1164716913 -1148620068 -279785090 2060743335 -1447692588 -1081587548 -1761935648 -662624342 1131798048 -593926921 -1215872902 700302203 870848292 
-1261549123 233738974 342180425 826220254 527282100 -21344820 1601468994 650731820 237781085 -644879897 -1597619932 -373795349 303626900 781203038 -1103431013 155897227 -536317425 2117808808 282513929 -302628094 -2122564163 -155464317 1859863895 -170142025 
684877453 1166055045 -543445745 -411170764 -1941801628 186854896 -250740667 2038970034 84196687 -687185960 136050052 -825882869 -1522444890 -382320441 163666198 1399767362 -633020461 1484387060 542256908 199076945 
-1220530565 -1152370827 1712331876 -134434311 -1983779644 2125771163 -389097428 21389701 442995311 -1304530087 -771989297 -23705676 -600477131 274418431 
-817927732 -1471752422 299603951 1447494823 -230734726 194473144 -2077781946 -697996901 -1236599800 -985451975 373439046 1648874232 1220504097 1540770678 1163440587 -585384099 1903649810 -1041988804 1211702460 -1261834328 -343874665 -770603577 
175300717 887758869 -938984268 1779978485 66781092 -1004449800 -1105213171 1240737374 -194723582 398743261 2114576546 -1607238755 -1246211631 -873159207 774391944 -6710529 -1190668377 1964422899 -688211010 -1681793101 -1134279254 -1681524214 1792896787 230393350 
-118186325 1803396381 1103380794 1842112648 1593311643 -2024340170 -784258787 1609759696 -1901713744 616360432 1643537252 1419814556 -1771098218 2063747029 -848332645 -105377079 995040457 -575557280 1987500017 -530424355 -1258410785 -1620838367 -1029809765 503901924 
-2147317766 -1590133852 840325608 150110058 -1052403533 1223444077 -1554709977 -1226661369 -468583547 1648480151 1992193627 485811331 -1299966677 691291556 -1012123429 1458967877 1673760570 -1366377492 136880248 -520195814 -1727507326 -651102984 396978952 1396861886 1153497102 684735251 928134747 1295425047 610691050 

-593680600 -2147006184 -1115708488 400743965 1445095858 -1138903676 385166030 -416222078 808761917 -195703 2072152124 1111023795 270416470 1859441924 -1691920236 775507423 1302031316 -1227432069 1392829899 24256694 435919052 1467743963 -846907322 1066928945 
1359510444 1081190218 -2072302706 -2113497940 -327308217 -1792389393 -2015200007 1543524251 -1777193158 -1343526586 2061651347 1204042365 -912037331 -203983583 -199007372 -350273661 -1305337646 -1340396166 699329963 -610137710 -1906911286 
-1554939471 -761185998 -771059686 752710683 1973510267 -313992149 1811554282 -2053903958 1716333363 235337676 285165261 -1236688623 379852950 633083318 -829580232 -1245547862 -1128159052 1693521475 1811081831 -415678443 -1937272581 1317637978 502536460 -1103376533 16973220 -254143566 263843823 -982925832 473313372 163709133 -27734670 1614233319 726400149 -115478945 -607924504 1635535134 566867067 1876196551 1873202917 999710593 -206911423 -803337333 917526124 
-462113061 1151787691 -121994942 -175667974 491514568 1451301263 1875936972 440360956 1277604500 -379644329 2121028240 -942398536 2052530451 336230983 709076726 1365035199 -416458777 1323825262 734457610 -1336077430 1468855890 -1617241323 165720933 -1186227118 1514471505 620568495 -1504864480 891854011 
-341184776 394732164 1819762596 -1255077890 -1708947003 -1849947193 1685170004 -1333047154 -1100591848 1256828167 -77867322 -377326190 -836316618 -1932666980 -313931395 45882844 -460956870 -2034963250 1646388562 -1021836738 -2123012658 783235780 -1310502686 -1698328490 1042368904 
-540660244 213837435 1139124165 -513161822 317356601 1268192354 -1359533885 1234694901 -202746449 -988005434 228355562 157524780 877896712 772557959 -1623732820 855013601 -1475955419 1063585443 -1464403634 -2057824486 -1164300472 1188247858 -1512314046 1153025488 1037565781 -2087179742 -1800259791 1169876802 146921705 -1748913527 
769757123 -1003262545 939067653 -1440109512 -999006875 949728907 -61587425 -1803867884 1605581243 -1861865668 -417061714 -1866698512 -937096222 -1659892835 -1252149313 -288425111 -1210763951 -1804314449 668977362 54461110 200781196 
-280695381 1871123913 -1999230015 -987913592 712694634 -871749226 1425355926 1101676607 -53384391 -320951033 1996169989 2119883779 871517848 1744044587 -1942472601 1086006583 1243949120 -1289595346 1465202900 -108484971 1848673069 -1090637790 318257120 1737940282 
1932223590 -459510282 -956171759 -1325956534 31754971 -672476368 1430766299 -834595884 -1703024142 -840574029 1768316819 -318276857 -131686083 -715869734 -696437393 1765382581 1270951342 1512012015 -931033888 1532498535 1777779759 184474888 212974111 
-1851770140 1862498533 2138312750 1354489068 1452305112 -878485746 1827531521 -1045809954 1171859219 205117134 1576390663 -841271181 -467636622 -1429041510 1635639851 -814604818 -600593936 -1489779781 992513499 436711425 -140655373 -1826138946 870685825 
-835466731 -816450601 -308225137 -1127531276 587817438 496920857 -1833080188 -522550558 -1340656994 -1032921579 1241588716 -978157911 86691010 1244841437 83188119 -1153010290 1462865869 
-646933252 -1348784165 533075362 -1100456576 694229780 -548759013 1933669723 -389030248 131452784 -1664010483 -1368163564 -405253859 -96145021 -1188138123 1572973760 10890800 112424472 -495988743 1026013897 -160172270 -1347179876 757124820 2008238294 -307381351 957941375 936354357 497155434 -1079177937 -880216827 
-25067829 -2090162348 -776216470 -469681944 82100579 -1305393143 1635302672 737968936 -1529614876 -878570767 -736377278 -984238635 345309515 -1339048550 951752237 -861686174 2054094628 -1955175999 -1766533702 1137090908 317708290 1598813175 1144598647 1325421165 -774692638 
-1223506114 -997701480 662282946 -735996889 1517584539 763808047 -121673644 -1574891947 -453037022 -544261716 164667536 1648067196 1601549540 881285523 -1207358570 1349152602 1682099629 1799589374 1892383507 -1188293654 -1969444059 1702823845 -1467693133 1490491474 
533470817 811455649 -658085542 -377517473 -202258231 -724450399 -2047769482 1071155871 -875449472 -1651388356 -979984625 331654279 64723263 383740075 1937228279 1088796626 -31683664 945034053 

1380424955 1336804822 -46308615 -844821344 -2129443038 -1518804942 1047441569 -1477320663 -1661257584 457928063 727865934 -250717445 1656293223 -1941284851 -797448312 612802045 -626124686 1609821372 -632806417 1780547899 -551884603 771821342 -183879855 -90751571 
-723348751 1941673933 -1072022856 -1268020290 -1775585334 1507026744 -1535055529 1667193054 292841415 -1081195422 -957307562 2086809914 -507603377 -103616784 1351308836 689466960 -350825609 -615907126 908283034 -1668052351 -1124497310 -337926025 265128959 1841697721 1866427312 
41062574 314901816 1860109761 -782697596 1633835567 -1307995334 1917933609 -327205585 -1118289942 790033774 571930583 42603592 1167749834 -1614659204 1794931239 -1165183149 2076964611 -922249219 -1481044549 342399651 -558958418 344611029 1165603348 
-343925485 -1480913258 -938574855 -660225069 1355383247 -66634188 930200645 -1003575024 1141139565 1733016295 -1560850558 -1560117563 1693628600 -1999495848 -784172590 2037318899 243205568 -548043116 -1234321982 1856941963 149088726 1196524113 -461352254 -55093537 460292912 

1213095755 1566339346 1761043720 1690989243 -828352128 928761877 724779392 -2020952497 -1861767414 
1819374365 326262005 -1822934061 -1578329685 -200554725 1679305251 -1370383802 -1680591016 -900133531 1160439964 297522163 1566553080 -532757259 2023683605 103240161 1542549045 -1098767352 -930424422 1753177064 -2110818183 1352046473 1990604116 -2128133201 978208901 947749107 -475476136 -627386068 1620124904 -379589131 -1941467044 1950237659 839466317 -1035318413 1676071706 1919104952 -74932646 1912064452 32107848 -196614852 104810766 136394932 956990587 1446419831 -2016514036 2089913414 -1348868784 254965275 -871955073 
-527353792 1194912736 -385305004 1413853399 1749963505 1639172794 1164692402 -995089892 -2013330382 -629105477 -584043358 2143041886 1339635064 1479022686 773341859 765658731 1389989605 299566333 169343479 -588285277 -889668616 1793365693 1054241064 1014561653 1914032572 -1429204342 -2018117409 -888182075 97073487 1697411452 1175560150 -148344815 -2050777283 -769292757 1290361997 -1774600957 -1802462094 -655791512 1160009130 -111284288 -1580387444 21213812 1344437925 682058616 -1755418415 37697692 -36828115 -2124645831 422857091 2067450800 -201958836 1921435569 887765457 1391224110 -1262681271 1342164223 
-597826941 -1349434244 1535085291 -205813574 811696289 -465483765 1630457242 12120853 2000640997 -1538887940 481223965 1073710560 1645751974 1572384351 -1075223572 2141266574 -998350483 -1951214982 -1460838131 723335180 659338212 -713405375 -2045846818 754660524 987114883 -701469370 -1364052492 -2009120247 1903345249 -816647214 1049465388 247387482 1381203058 1655980710 -1460825456 210602538 -105556315 -974456780 858718264 705090350 -549841226 -322656296 -882114938 
