293664871 1312960594 -1948062944 490797126 1764976080 1938027 -1239870060 1610193966 1403227583 -745355236 
-1104086011 -1307290897 752631080 -1784259041 -1895618829 64929039 -2102073008 1396918765 598800576 -381070994 -1478060592 
-89058228 -736790467 468084230 2058844505 -161742880 -915099059 -1376574513 -123206376 -921687369 695414825 138651227 -1092467023 819664905 303138637 -632442498 1120602525 -926009847 -16981530 -1710674668 -281921894 1981362789 1229074611 
237553209 -1115309036 -2120122637 881643241 831537130 -1353566942 664729061 450770866 -266244672 1468526142 -1440824652 1464968836 1145261358 -1934854814 -858333212 1279807683 -417085148 1234430364 -1078677549 1737094775 1961188214 -1716079602 1162150321 431438198 



-823178771 1559430472 -1447434510 -64881541 -223264418 1691066491 1915639821 -1560719148 127325951 1597507775 -1994901476 133571242 1156176035 -1457309029 -942021824 -443135280 -2059952363 956451733 -1117878612 2059146889 28674988 -1732484363 1372960461 -596630459 
845162748 1639057490 -1220336135 1976845477 811562468 -431402897 -118899839 2135277861 216120269 -163474385 1742838661 -746184981 1079466279 -965659477 1151502597 -2034678173 -502938984 -1917588446 -79892189 1298711939 -1886681583 -134680885 1704827813 196842239 1952584730 
30140694 332433470 -1527099492 1945463921 -2103131128 285324374 1400892453 583333611 -956483101 -331719260 -811096779 -1653347653 1155871589 -1731407554 1532526194 -587999775 449403982 -1689821506 1304883829 1850531851 -1734293109 -1209906458 
35591587 1345729329 1140509120 904745251 -2109302335 -1712335140 1336741717 -1140703454 -16058526 -1159280103 1550862954 -1308947872 387100006 -220978934 147352195 320157091 806782834 -1014686954 -1603661558 998869219 947061288 -779323277 1713864135 -998931196 743855889 

83966778 193671474 645400554 -1209785173 -395739329 -18424037 169890825 1893985200 -1086583683 536931976 -998466642 -181660493 -1471807659 -51085964 284726934 -247601090 1073060097 276964278 798240728 -1028753683 -1806296126 960615585 -494545171 1312814672 631505056 706279316 
-2015729581 1480634952 68433938 1347503939 -1646739345 2031349761 -1829997309 1189626073 991258630 -838792343 -609956716 -1720692865 1887409554 297742775 -960985562 1197430128 -1417841698 -2030970358 -1270108582 590418371 867447467 
1663876521 1377966866 193822221 -225708326 1767626727 -942882066 -671816014 758010613 2027380817 1387219727 713559258 -1948574147 -1053268546 -1294859452 -1248223162 910372523 1819647127 -1399277373 -1307317620 1801481120 791093163 -877621416 -1818458032 2000498160 -1270325828 1041511312 -1929001536 1636564231 347025165 1546074878 
1262729728 -132820427 -319806610 1776143681 -888561845 -1223265815 -2066753614 -2047826542 899746321 -2097629804 1407787115 611906171 -389729086 -1719128370 -568253788 -79550348 -612381086 -1203561974 -367972907 -454805344 1669716193 1220723312 -637040909 -40727125 1670356097 -1092980819 
-2552616 1991837300 1475134983 -182996265 180059188 1178699916 -1017223332 -1357712516 -1090277214 -1326320028 -1488253136 -457855283 2015912421 -1778691121 -135048112 -1316480616 538222796 -2116987407 597694899 -965299057 1239643802 -1460624336 -1826826155 -829247665 -1680856627 -1784553270 -1905525225 257504573 851275500 926855074 -1161566268 
-1773734630 -747701159 457977270 -892883035 -550653773 -1599029914 2048924676 1339417388 472166525 1550283821 -822495939 2138413563 809733189 -1976673793 1740732992 1385702513 1021509563 -689013454 -2143225565 -1982054643 85861416 269169971 2027087469 -1032450685 -939423428 2022823619 -1097626157 253524414 -562212807 294640857 1412492721 664564529 -234198584 
1049498455 870856486 -1397324252 54684027 1047343984 775878151 -1393279442 1739387001 230829790 2061237539 1181639868 184283292 681013997 46984991 827163178 1964828355 543317002 -356323292 862111001 -1423805751 1447662169 295834747 -20022854 -127975840 1137502908 -379339106 411554195 -28322907 1521726066 789007325 -403255866 1081002228 -1826460964 
-816381952 -1829230311 1543228591 -1978293624 -1964330936 1640649833 -1906135022 -1920779715 1363515252 -254953517 1585889907 -196591272 -1971949857 -755694178 -1459576250 -1592450872 -1384215100 -1686854868 -459403595 -285780531 825544408 -1208390796 -698030687 -2043546794 -1835008188 -2102740702 -1304279551 
-1626484532 1612447268 1824318619 -1700117127 274867643 -783560016 -878953272 -721737278 -1625872482 -501574680 1677862549 -843330353 1829027253 1881348562 1137781781 369216426 378951603 -687870160 1436913889 -172343983 566680566 -1501473202 -1680036666 -1804877799 1419141522 -1898358583 1957435340 1453284800 2135754417 -1749908228 973092605 413215096 1173677106 1360994519 242698588 -754377797 -1498440634 1704801342 -1993012891 
-777556966 -299292903 -599106697 212904912 -1923701605 -1297268599 1461386192 88973978 -200619182 1602880927 -1548852653 -1279405016 864083069 263497534 1534676210 -383696380 561050880 -1907080032 -223375671 -1613778648 56178217 -1876437363 702311357 
1341357409 -1759641450 -1074561330 632361457 1927221917 -535301863 1417362385 -1736509923 -813056091 -520696026 1179618523 441740876 -567808804 1164210128 823274832 -1928887709 211897337 902394306 -1390374162 -773589424 -1309293770 2134960133 -704986300 
342800801 -1883847960 -1327019355 2106309865 33737599 1725137736 1367653571 -1628713629 -969956712 743577462 1415136692 1116345496 -117695543 594531974 617447476 -1675253697 -1816376778 -1589098546 507054570 -2032363575 

-867456032 -1698111564 -502070225 387539319 -1972322754 -1264222144 -2097580137 462309064 1094300059 1047593594 -515501709 -1879658622 -612484198 -231658893 1302794877 340197693 1084491914 687789143 -1297750706 -209457983 -1299647502 1606273601 
1047282880 -1930360151 -263275503 -721841332 364167736 -1830705149 15845834 -289980773 -1092527201 2054353610 -1118458234 752191798 603388292 958105998 1762040106 782302473 -1426824356 2122322162 -1130764745 -1060065770 -1864035950 -1800868580 -510475422 
-931772276 2087776622 -188631177 -951851477 -138224771 -474195984 222223063 2139744459 -1759598343 510876385 903522354 -1565169437 -533528789 -1156128495 144050748 281495335 -983033457 1297113118 1527232388 1417969210 -549258732 2104862030 -1828332585 
-669328482 909742743 -1363420853 -1554119600 2086262263 -616214718 1428553498 1528247909 -937457029 -1611680413 -1120402207 -102052166 785151049 -1475543184 -114460062 -244254603 261288007 806685159 957866932 37032894 1435813676 1800084893 -1876608316 1220537450 -1490427179 

1089014524 278806207 2128885967 179358068 1737181415 -315691937 -2089011539 -702869373 -1503227395 -1744610207 -594747193 -1118576898 480319437 -2106722074 934175230 1339702836 1555867655 2037112636 686205284 817589636 -191335453 -1481742241 1930830536 -1564653328 -294945608 -65399918 -991144365 -1908182547 -998529841 1059281342 -195793410 746990508 -1133047295 560229996 -1364698263 -715924616 1082098079 1432847212 1073419991 
-1358254993 1868718957 -1657119176 1437624938 -318668962 594121293 355042023 1923379932 -327896607 1004820704 -549290562 -1953425016 2088511241 826319754 1244524450 -210501271 1742012620 1384698408 953886575 1202475486 2024028506 1838853900 -1164898448 
1956829042 -2080244162 -978331341 -1417153885 -1538499913 107053848 -702955966 -797778108 33139635 -1073949836 1838991895 311841799 -1326625975 -359318192 -1310064074 1769356438 928681412 -1118356253 -695755035 704799356 1946109456 1103196223 
257091170 616461950 465290541 307431216 283261789 1810315029 -1130172575 -1564480925 1487724914 861161520 -2026464426 -1497991769 1346629018 -586983795 857918809 555886642 38734810 -2112029392 1829486604 2140056458 -1582515248 -1474520967 1831535647 -585845046 860163717 
265085475 -591468326 1801083627 -1508703577 -682850481 -1459505751 -270545480 -220164403 1686126588 262947303 -178847782 711790009 -1853921489 960612600 -1923125207 -713589741 1810056100 1656317544 1676287015 -1431796929 28336641 -1730499143 604820758 1524734596 
1712635181 -1375483767 1264650743 1229095050 1957464608 -1789528165 510827496 830922314 1051434772 112131020 1803619189 -1989082341 1231436290 -72985057 -1440270425 1494284459 1552623344 -1724642091 597789070 638640604 119785415 -1174367424 -1851404447 -1340987755 -395419791 -187376686 -968180121 -1278629034 1276285977 2004965574 -945748675 -801995241 -1688892078 
-753607409 2056432263 1494852214 1309241536 950102369 -1146570622 1018636157 1631554553 542723576 649233947 -885275563 1451451044 -977631696 -247641788 -814506185 2144911934 -854375292 344850769 -350637449 -98741877 790544526 -1683359707 7934010 2081039593 -1189813508 -1641577148 -776197480 -887053288 -125523119 843113129 
487847305 -1399740315 -587947852 893002964 -672470478 -303788138 734635356 164750259 -1024778616 1125070824 -1348499303 -2039197868 686761519 1158696255 -783483781 24590808 -61743980 -1741785766 -1468158299 1309448565 -1129729976 -486009679 308656586 974206526 723451411 -1294375399 -1463185960 -1330977916 695177917 219077004 -1732981298 -1593103608 -2019881335 1436288305 150831230 
-1864383007 -1705088940 1676083653 -1823103424 -800845987 1498907759 1487154929 24679613 1722044480 1528486850 -1258577206 691001136 1714669800 939597133 -1173935929 666679498 
-1818468076 -701810147 -1906515590 99271829 -2102877803 -1837162213 -1724439239 -1008148373 202683170 -1755300581 -283574345 491142278 -2051721352 1928463123 1171399189 -732922490 1912063338 -537037257 1421608203 -1227265971 -2018891134 -161312593 -1523232547 -1353558352 1815268123 -1634442877 -167727679 1383764270 
1110791742 926206011 1971168246 1439791590 440742651 683876159 838576168 -70190410 1275043556 2041530753 1608552308 -1292808477 15995151 -381081129 441198662 835973132 -1721447656 1110052567 1602643296 938944937 -1302582097 1361354725 -2045075183 -1657283746 773744684 -1665787280 

-1118784032 2104751560 -1059306841 -1096226079 1257306879 1863063958 -855916839 1179674647 -1003075839 -719933716 1100071107 -1178453219 263536769 1728807196 1006730701 -1745764953 1562313435 30091182 1080127933 -657047300 -1387199751 794906844 1686797689 202201471 
-194397571 -1643781887 214356012 -571098214 936375633 -236672874 809753520 -145662523 1720028548 308260111 870554142 542079609 -1711356040 -921914487 -2061597523 -1783008021 877209434 1625463333 1367970219 571987981 617963887 -182500996 730836837 
-582535376 -353225344 1940588560 -1623678312 1196830054 -1825198357 -1940121762 -1145356929 -1611585280 2130047992 264079534 1296789553 -28708324 -909578171 -1289319034 -413084280 1721440956 1410223082 120907697 1070336362 1314571128 168198418 
1198526797 -1750679561 388583713 -802413941 -936813139 -1112868801 -1362918337 1722601518 1357189386 1595657568 -402584386 -1573269150 -269241147 -28127752 980169473 121084204 1973308925 -1316311444 1535622374 1490512518 481145789 1188137281 -761023362 790402726 693695663 746098637 -25972315 -2139444849 

-787341308 1964184571 -2035589692 215562305 1266106380 -60224546 1811913192 1134345334 -518098151 1826957978 -1572407621 203114117 1850454068 339828713 -1420621798 1927279519 -2011696612 -675263328 432181308 -980559427 275810983 2103772977 1370639935 -296267856 -86600070 227439806 -1507815236 -1374303050 
-1490134190 -2140829946 -179899084 -1537641666 58140138 -907371183 -933137711 1451650723 1999813120 -950029267 1687405643 -1115021244 -170441440 -2037241241 387461398 1679381638 -551964373 -463462136 -958033866 419613465 377278505 -251464477 -1380174382 1764938936 -443828742 -680983755 
1112747354 -289054814 1607137492 -159430031 1365998128 1832742935 -1829629126 1223894778 69088760 1239598079 1806083907 1324532048 -485543877 1101397667 -586916352 788823909 -1870178236 251614790 703374608 1148241464 51615201 -1186819378 -1330666532 2083905039 258440840 1864284235 -161778667 -1303913917 
1596372547 1991142620 -182775848 1229063434 -484467587 -102620333 -1831703810 -605871325 -22107376 1298421498 952784801 -1560806537 934431602 -39723379 -2063030314 -923526281 116020960 547507303 404836940 -945107763 1612183438 -2029199055 1495081265 1235132563 -605182116 
-1033919084 1388964909 678975900 -937420350 490237463 1419973421 -1566476595 938252079 -1814037380 -205635023 -201198632 -109974557 1246292593 940248162 649383827 -830106250 -1867694282 -436590293 1232058176 -1300387850 471804679 -963890591 -1348895985 1442738562 -66965596 -837528409 1943638365 1450252011 196291405 -286327140 -23967371 1554332320 535816404 121818986 -1217424747 226580982 
621191769 -1713692162 -1992196666 617021833 1825065623 814447973 1257984891 -988054176 -589721209 1418433925 488957081 -571548526 -828971834 -853306854 294979318 -540140055 -1131778838 
1225369048 287970410 -161551985 1035131479 423581715 -1985650101 -855748309 -271828491 928121174 1913982753 -336235635 1723069882 1523872397 797933141 -256271749 -887328139 1829056906 -1280110288 -135265243 -984371455 -1542380469 1134247439 1010207243 -1792882674 193293191 
-166469116 759073768 -1257901130 864647893 2080091663 -1747513258 946106512 1185167686 -616343576 626579222 -917363940 1549650423 -1391828720 -943893166 99993136 -1472088644 1060962539 600289220 926356035 651888520 -619563404 -1002061143 1561530471 -813762926 -518745386 -1395372060 941868317 -1470622361 2051230529 -1745319167 -557065077 
-1805213023 831269141 -401612459 374281785 1733404342 -626357590 -1262256123 -802595752 -215181402 143859856 -878374780 24652746 -16353223 -549047912 1519362692 1887123558 -1536744000 -127455063 -106595334 -497439914 -1676253193 680648699 428034826 1421080005 -773568523 1381092325 1824874337 
576307076 -639267679 -870068632 -1299983898 1274992883 -369363989 -1237592450 -1908971715 -1002384865 -20535076 -1942644217 -1731732162 -319131822 763513413 865183512 312102667 973184381 -1825726767 1127359067 529328598 -1371551409 918229981 -1758368496 137024875 450565280 
-697535274 -526211013 -280877130 1478667569 1643188729 2136853735 -726957422 1012938323 -1581435439 -434797542 -1246116079 -1328378589 -1299013274 871290410 2109003079 -1204957934 -526767857 -875043063 624166835 2135432771 -1980353441 238766430 2053039504 391739669 -475609857 379392935 1045746768 1688751204 1193800236 1903445344 2037897171 870548004 2041245208 
812448601 -1856589264 -1761143921 -1318878881 -244520910 -71841588 1605713261 -396161430 1215551786 -1693662029 1001674611 -518342679 1258880278 1571109119 133587275 -1792638448 -1769114969 -1568309336 -92530160 900480316 1053488845 -249887637 1522754926 1806101735 1621453503 -2074018300 1720010751 -936651309 859649883 312666359 1821262009 
-683049401 155661637 -1456730937 79120213 -1243752445 -1037110545 -1156186560 -105621081 1910345162 1073138439 -61718679 181560366 -1891059592 -117447625 -365629734 672340254 1622218871 623737159 427375096 1839423047 855470152 561233771 1797954195 -1683664647 
-1220121427 -720162671 240587312 2013065973 1568295314 1573423082 -534063384 -931958821 489396784 1431288736 -11168154 -278827446 1103659437 1074328442 -1231116164 -1419735855 1656189298 1401742121 -1248552835 -1098542655 
-1866992903 -908785795 -1584300105 -90287488 -1498668244 2072266476 -1658994138 957866845 1859790172 -283435478 2085580282 1842460609 755172046 1823604574 
39506821 1333090329 -73483393 -881108953 57178501 -181262791 224575601 -2130235683 1847680066 1949697587 909378337 927940969 -1500957460 -1775356541 1845625142 -1489681020 -672835297 -2000980908 1057773388 1318037399 -774128668 727608712 
368619805 -1939007027 98903221 -517272226 791384856 -921508154 1910694135 1959881280 -1069422604 850066859 -614470104 1400773354 10360994 -1193435096 553720201 -1124432856 -1091551578 -638969262 -2060851871 1351726227 1304104184 1618977811 1646110366 -707972368 
743888311 -740710984 1831791297 962609626 -15444221 1488378991 -2011573225 1490004101 505992925 1928099058 -1648962132 2110738487 1513512123 701707636 1846035532 -466755086 215060707 -958472425 -981724043 -1782932145 1167656944 -762044398 -262654639 -2045277284 
-410569105 1108035896 1575499677 -1876472265 6581330 1937445172 728164332 -1494031045 467260040 -1272432079 -1928934766 -943127230 -18143741 2060166595 -534178702 -1976672831 767649573 1078575228 1023534475 1195534196 385617225 984907041 64915045 -323298372 1533802925 356516703 -1959198250 -1966350600 -1452430571 

-933596329 1812036222 1601780000 776913097 -1196589235 558226619 -1742082662 8724110 1606416788 -1142647326 -1155266033 -918851936 -1502739262 1115650498 -652389804 -1390768051 1304605933 900738301 1921033112 964438373 -550920637 1489953976 -1078515581 1184726007 
-1901493838 -726504757 -1763662587 255355633 -1037283318 -1813609427 -12932627 -1806041272 -453181344 590547400 440303775 128182824 937263378 -1104218998 259442515 -794674814 698617634 -1841490363 964618850 -1581623192 -1016048445 
-1023771223 -1010721471 1757223364 -75585798 -1240403385 10533993 210361435 -1951945361 -2116951313 -100676493 1455199339 -1040618839 -1372550898 -1981421660 -62019891 -876132513 1928090496 -916356717 -191007811 726864246 741810026 -264286836 -1713666818 1728863102 1361314790 599742390 -229440703 -326220933 15700812 -326815567 -299510691 -1975042040 1979338460 -1883184199 -358626743 -1907758756 -749031631 -1136216095 -506198376 1617994854 -730035122 2100791905 -320970696 
2130292569 -1449710331 1077529964 657699965 -531370115 -2011412991 -1202285332 874204586 2016984382 937313191 932599835 721701145 -1565980772 -1127467737 -1414314101 774037115 -2110713919 2114324366 484835480 1994348432 -2127077874 1307867982 1949763433 -412849204 -2058304448 406566785 1880271453 -968944216 
2027704733 -636493428 1164770205 -355656146 1741159475 -873965895 683541886 1835408824 -376510492 822352143 1070970369 -1493419305 696835656 1173444381 -1557425020 -1750535280 -658860920 -209248690 -1507168165 1953713330 1321469554 -1278796540 -1723335355 1356647078 1267455210 
-232545219 1371172154 1789089017 773536937 -588004122 -1600739691 1139568228 671590203 1521390327 1632357796 1274682294 1694790640 -1491344117 890276660 -1764377284 1292394782 188720920 1630176397 -212808160 -904446113 2057525799 -1875007653 1385301394 -1166397089 1912528501 -1773211958 -681708956 -1304547262 -764918406 1796414337 
1403689282 -1267700188 962150920 -1446623177 1796048526 1124548222 1564855067 1348506376 -696499585 -991000819 -1603354570 -1396252154 1541398925 -645165444 2085710166 1423309691 1349180750 1635661945 -943012015 1360676560 -239925893 
1118462767 -1794920133 -521387781 1837622525 -1024643492 1790581461 1019676223 496414846 -1634733191 -1564492597 -1204098281 -1200787171 785085355 1976566466 -1826322775 395227037 1321370489 -1352002641 -1861982148 -1471168545 -1954153555 -1418977896 683830531 -983298269 
993001290 1593986197 1577275242 -1886968629 -1724527030 257115224 1523445765 -2031574801 267763722 -2039479003 -473815774 722790627 -1837183169 581830335 769600653 1850569708 -757272328 -638155417 1376281225 1642360121 1243076941 301825883 727167542 
1567561585 1422173683 469766900 1629882573 415945361 316027704 -690372622 1874703646 -80124247 -1871392133 -650927849 -500702102 -561538546 -514456402 -141882150 2143046459 -159052683 -40659732 -1425663359 -935407304 -1723381657 530217991 -19905861 
-994834333 -1777314373 1001792240 775576648 1893984324 1298859769 -1673585108 -26984196 84220654 662023696 1053357378 1459655087 1468223370 -1953070423 -669755708 1863605998 -948092354 
2034356222 1397198584 -1868017363 1891083798 306627490 -1237228641 -1988496331 1418961419 780874105 -436284436 588656807 543221151 -1250742361 1011200352 -1029107814 -212035885 1689091951 -128722122 -1401958424 488595000 -1392826773 -1603059449 1885731121 324979716 -703983656 -1891059109 430936190 -1694635388 14846028 
1589420440 -1196152161 1337253151 1592808729 951701848 1829964051 -967513287 -392269895 1827673338 -657463598 -1692131185 -1945122306 -141724063 -845895321 -282073156 -1728808884 -256241859 2145719570 1880346456 -1542101953 -2066756015 -823912081 -994046912 707728559 185138320 
1913999545 -1836228479 1884709006 -655032569 -1651613656 -1482311244 -156787539 1705805083 -392238119 -844013408 -492099576 1572585173 -1085787997 1763345320 266977436 826915321 741785700 424251530 -1730470013 -26598624 1670132745 -1002030233 787557451 721363090 
-1226339689 -1084028674 675053215 -1990269197 -721461430 2118693168 -767328909 307329479 -1022888690 1830444299 241802303 2066780169 2018349437 1623351043 317280249 -1321446413 -1927686561 -1794962436 

506306732 1490397652 -378537167 837135987 394752359 964665053 -1230732395 752185123 1108019394 864974078 881832746 1683711585 -216337092 1132768230 677135981 -1689530478 2013099959 -829721567 -604610240 2021891411 723086725 745838065 -1977053405 -1638285444 
-61267369 596261671 1488908507 -270697108 385357548 -363223480 -405038514 220668386 -1276493553 -1327343432 137910463 1117787400 -916751894 -1369009789 1638731828 -1669796691 129315699 280803091 70021197 2127412492 963743595 -692290711 -674665927 930200883 -1896148357 
-697358979 947701592 390882501 -247967332 -1035298370 1485360240 299134403 375601034 -1808369575 617061306 -255021874 -1682747263 312541870 -1189179318 1412579099 -848519930 952687360 487001242 -376841945 1817263979 -925826320 685010144 632223082 
-1517762302 -1451616002 -2007246830 -265515062 2131000738 1941205632 -1088299916 -498812275 948064251 -1695753560 -1854483625 1029319350 -19918447 1463191699 -46964166 2142361188 -569342033 797550876 -128848371 1790673109 382420573 225977199 -72188498 2121928630 -222597723 

-801733244 959150900 -243028124 1876788639 -1545014376 -2048885506 1202072506 -1267684880 151565741 
150318720 297935966 1135948984 -1615823461 -1286156445 -2094337421 -2090063593 -253034700 1001108895 1124700706 -608508284 -1509953186 -1442962081 -970832602 -933854236 -932054678 -2059437773 372605595 -1459415604 -1104694667 302949123 -213937351 985309661 156832932 705756065 -547846041 8420707 1149890885 1848330203 -886384468 -986362262 358699176 -1608389884 -1776435396 -319222218 -1362843703 -102099656 1974118935 -822086465 277681384 1450658690 438740641 1988060393 850193928 -379865208 1070110384 1152992844 938569733 
1415262495 1882201711 896711420 989173432 -463219817 1717107968 1418543280 865633040 644910107 -1677198035 88584505 1436231978 1626652850 -2020534805 1948177444 1999482799 -1681204935 1922924596 832259924 -244381447 260046280 1100246874 -254478535 -1032974041 696008332 515296125 -2041409197 -782491164 -449976895 -1759221383 -43156577 932699004 1732983448 437566578 1103706345 -1791057880 1873702780 -287600213 -369657071 1263617877 -58526376 202372885 105918260 426330978 112527175 -459376380 -174650233 113389696 -2146497532 1442358211 -1904282656 -1221469968 527524467 -1339238234 -206262154 -1311093675 
1129704069 348327881 370794059 -1575032989 2123855177 -1761863152 -797277259 16578132 -1149042736 113950668 529424355 -1232019572 1170750921 -1161431855 -624909105 1317926074 1093841529 330753286 2085106140 268482088 -512879401 -1720414024 -1681174464 1041779179 716389018 734607001 1147217863 -1506976808 -1403149738 -1101596878 -277034695 1678333937 -649423467 -752763053 -1200812348 30603806 -1228002477 2009510294 31217630 842673005 775234011 -188649729 -563819664 
