466599969 1653420819 -784835445 -1834897551 143334490 -284406847 -576707121 -677067825 551346168 -1984904673 
-761115773 -998545250 1689642538 1456128022 -1404638919 -1348309588 -358438935 2109966440 112174369 -1690196629 -1511922696 
516292800 -179403509 -67696322 1848041378 -1299530097 819476015 -1070505989 1716090180 -1701040878 -1131790238 -999417637 -1817742887 -703154590 604948205 1806136449 -1389612120 -2126899506 1171020233 1836687526 -1239693558 592972730 185256136 
1162405049 -384197171 554068846 -1790897754 -80469274 1253218308 -1640427547 -144445401 959066296 590669545 122292418 274769834 4328434 -988339936 -1891790828 576232358 -1664614166 -1025682009 -1896346228 1039214506 780514611 -595168996 -1830032105 190433050 



-958233467 -60566950 1832353615 953349398 -1948840034 218112313 394243967 1236692763 -846326363 -256321615 -61829750 1720799506 -1590588718 -1894025047 833202425 2013260405 1980432329 -1757713093 -1210109908 1743873804 -1760938857 139178535 1197356715 419566925 
-2110381987 -971706598 393065987 117009666 364871204 -459487954 770952890 -1217911399 1873077372 281654012 -1227343163 455763405 -313164047 -1573708477 -15421348 -899067252 1824377407 -1075163964 -2044947936 -102375397 -68153687 1444426960 373610549 454481492 -1067403942 
-670183194 -1938366018 238708779 -2034440231 1495134611 1593729421 2133104756 552572727 25220577 -1527875139 -1601189423 1027603589 1524811945 1504096503 -1085794094 2143986376 626082919 2092157866 -1410467042 1798556280 272680148 64893361 
1753600865 -1634632663 -1079843217 99756923 -606574247 1903153714 1370560619 518811079 419987345 1538996149 980755029 -2080959023 1928808225 2055653995 -982571416 625663237 -1839511559 72854758 524599569 1339085582 -402043849 -2079359551 543386809 -1634704499 2082578729 

554421261 -1858888300 1992766303 2077750043 1103695476 -1608375342 1732182161 1269187876 614132762 1285541356 1582243990 -400042485 336450636 -1618601495 -264864032 903566594 445594235 1549078575 -1420010324 -1931530081 1195763978 246584241 1875719093 1789272349 -187481596 -809385819 
-986555969 769475812 374085695 646312181 2094135404 428877642 1598975017 14259565 1847012391 1765490862 1979093033 -423148837 -1846018334 -382270295 282495071 1670399287 378103070 -1963828237 -2076850743 -845644459 -2039502106 
-1676255749 1762175538 1813383365 -1042546238 1210018198 -1854180184 -1107853528 514714814 -1769701713 -891627807 -734008734 -1923493909 962550797 526103644 978855947 1990458724 -620975811 -1946642376 1808119460 760347594 -1593983434 -610669621 -274653801 753517622 -619669361 -2126696112 -1438657727 -38734571 653239355 -1827399736 
202700335 -459478138 748363977 685529560 1829714227 -1777992291 -1177229655 1413339165 83034692 -369728070 -871459340 856438715 -1499940966 723058919 -1317429606 2099105989 1020810476 -2082976882 368565070 -1304269616 1199454247 1785833693 -1533937025 1023344664 1949009156 -1026102292 
185704344 -1940496391 1438664321 -428735893 548048043 642257579 203278116 1820173463 -1015029598 -568713902 -118459483 -1679375349 -1736019998 -919936810 -334864698 -137178113 789562717 -482552721 1038129413 -1808859021 1785090815 -199365376 1212091366 1851540231 1637084985 -1668808562 2004296834 694014080 -722366473 592575886 -1602790210 
1797646933 -1279743014 -557194511 1838379088 -67700477 247158499 -594165597 194284525 1603110525 -236371326 -1392586953 -30654181 1009358076 2040440376 827951952 1297910575 -1143704658 -1407157524 -1064590035 1880191712 -2102786992 409611955 1690636545 1112113926 -1749379468 2059312498 -358906838 2046560032 395165047 43429171 -1072615687 -457933074 -39639167 
-1245801080 -1980610403 -338325700 801787644 -1895721915 -208151552 -1914407027 151435349 -1394299046 -1463396702 -77471162 1547320322 1407584198 -11784959 483173606 -1624029126 -390048550 1987253941 1890859132 524894676 -410114925 -2121518081 1535334328 -1482862695 1570457449 -1189672987 1377451658 1621768482 -2106165050 2004828853 1404806580 1329780607 -1028648807 
-2089908330 979821464 1085838456 1088302809 -294524849 1103888345 283361934 1900145425 -209871490 935810192 -1620626961 -956505019 -505266328 2097913591 -233812699 1215288703 -19192683 -326425097 -2065747322 2019131697 -2043804575 -74416488 -1555046009 333238861 1504623243 -1366630977 2083515516 
1207630231 -1944764487 244876926 -136112360 -595061964 1437858320 -1927937833 -625830226 1684888638 2105692156 -1809368082 2011274796 1550682205 785679846 2022910994 -519857693 -1479191176 810194681 564293442 -1514713709 -2033538154 -1691663385 1111197421 -1665961221 -1047789757 1876487795 -1703444456 -297715027 -1205870795 -1669148565 -845373671 1947267335 -2080575504 1794388148 1024710005 554560233 -1438020930 -2120171017 -1731614146 
1336881796 -1631540870 655623282 1874434984 -1132363687 -1169517816 -1108341600 -1285108101 1737044478 1378700792 922042375 2113663200 1340145114 1721868780 -1101233618 1475869626 -739983399 1456963384 912335002 116086274 -1283090069 776234688 712080208 
-1642204635 609693007 1220407537 425176471 322773744 -574925783 563713114 286086522 665503537 1770884471 1662582849 823193500 -1443360400 -1458881032 -2012437161 1480332878 1035486091 1354390748 1057524298 -444223537 1097798003 -151716679 -166424541 
1745575270 -1909826654 701159539 -1801824310 -2039309429 -1718265572 945334263 281550505 1885921412 -1656283844 -205129604 -1293779577 1124555120 1677008648 -1961685908 89734290 -631329058 172918696 -722029695 -2128569583 

1270061919 -1663894819 1250873136 1813114564 1832756135 -113485515 -1228660842 1613416297 1573150408 -1605856379 659278969 -408134433 1888081079 1327343243 391702458 815341720 2093161758 -715165571 -1751163655 1394624493 -1682355832 -240919822 
-2055436276 392940316 1774795432 1081554580 -1171337961 -1187005648 -182953841 -438292421 -1522526577 1478816256 2100918606 1837117965 -1863926652 -1564655951 -647713196 -45055057 241180988 -1064217091 -477020691 -371902074 -781135803 -2139817743 1173452970 
-1146616628 -813766519 -1346838845 -498852421 -188880682 1718234925 420720440 661055698 1123928843 -476605806 -1229847491 -1244424375 618916351 584852360 -361473048 -546410259 1598779345 1900876568 793837526 -829119699 -2142964968 398059165 1615851114 
1809721586 1030024086 1039580569 -370312752 -1378524792 -345261007 1902401648 -1692955764 -1707779972 -187374131 1485588438 1085852745 1767168867 -470187015 -1049169851 1125432350 2054950285 -817479727 -1563199009 1952317825 -415306733 835368254 526294037 -1926725940 -724073388 

593884952 -1989058958 853988398 958269062 -1723855793 -1736602051 667152663 -1117376865 -1402571103 -306126347 -1893835357 410338047 -1602831632 -19032862 1072969633 -2110516896 -2104567372 -24028374 2079100259 1811182636 679047999 1135798169 798717125 391833381 1015027238 2133739516 342069825 -394790341 -223087597 825330853 -1355708107 -711023299 1276752977 -967662378 -1770387020 1430731089 708026048 -2055774442 -1767517285 
-669406909 1562946807 -1863701424 -72689111 -1220375031 -1350637894 646743439 1379673729 -2050379470 1464451106 -1631468725 -2013917939 -1426874012 890072966 1706855246 830429254 -602947458 -1482028359 -242641335 2096846023 -2119048491 833289220 248131539 
-1616705136 -545955372 -1567696139 1892338748 1546222974 1246545256 1297044978 1304387090 636395982 810073647 533714592 -1481452870 -935606465 -907140016 875872147 1281107430 -770986183 551673712 -257121114 1272328078 595561355 -1910046510 
-1422427428 -966394369 995201242 -744294257 1890092978 1045216165 2107416482 -1386744405 1472732388 -1168526588 -345468638 -687477635 1045811488 -1026959202 1087983772 2129119180 -319142713 -901644679 1608390419 1850239028 473625370 -1164856506 1410702460 -1862648277 1450887605 
-692826779 864301722 898211934 356230040 -881955635 334869626 1704515819 158745208 -600406611 1068947495 409655943 1127192189 2097590563 -1695042127 226473091 -625307906 563031428 -1361062010 -1568350410 26286567 -2127035410 1298993878 -1962921193 -1734542557 
1405227111 181691765 -1991981537 -378684144 -1906943635 -2087530909 61624793 779063102 1119597323 1256601533 -285098862 -1358805817 1819512285 2034326212 733697174 1183764228 -1880299156 -960397784 1197322833 -592643813 420481375 1609539881 39519967 928156413 -967215405 -1133345483 -180137944 1914667829 785880674 -1929274000 -362881932 -2039776356 31119801 
-919836808 -1290608590 -1577417292 290122084 1134399999 1727995598 1970761232 -2120610016 1303062938 -1781516208 1128077261 -1233544855 -2038312300 1218066899 -640253068 1073832759 944460278 73653595 254952896 1261238812 -1282123646 -508950798 -116702850 -257332176 405833032 1279329121 1875250896 1478950151 1747386812 -262199218 
1110391411 -1828593572 -1374322242 -1794970406 1970038290 -2125056168 1378486099 1167368712 -2075735158 515492983 1755299491 -724377923 -2029786999 1914828235 533113781 -703778119 -1333962113 -1389921205 1531958952 262782288 -2124509504 204433773 -1273194816 -819128410 1318372528 -382482589 1214884048 -1682039902 1197068950 2017642825 622517567 2090950742 -1995365824 2106146087 1198373549 
1571940854 917580484 1260232347 -877658339 1218976563 502006288 -1358274937 1795005521 -279916954 -1863065807 -1971524803 -590755527 -454449127 -1881684141 1339038571 -1975123427 
1810997695 -1421292554 10015030 -1763715402 -1240018086 -1419895993 -1120723552 -79166478 768427469 -1561704310 -154677253 218230088 -256077156 -765226194 -1449052244 -1667523707 534516765 1736664321 572997937 -39504292 1912609118 -2015796217 155323627 109415522 1745665333 668537562 1198268162 -257331346 
1127530659 1688766285 -1767136432 477788627 367394820 -1872129293 -583247065 223377942 -478266008 -165717704 187296886 -2123784666 837139438 -689241180 -1095446450 -1239262183 -420445678 90986401 1415228770 -1570221044 36603053 1087646083 -772023003 -34129714 920675859 1861163617 

-954201183 614032356 -1722361843 -1369893845 1627665825 1990337995 1129672575 -9769150 -1909734932 -2073466208 -865386414 -1232783655 -991898519 -1359624070 -1043308520 -1000114660 1487183173 -1652911517 2104832785 207472170 -296949826 -216161473 702005270 -600921418 
-1683440179 -1546024913 -1072078584 943028453 1212729013 -2021299105 -67367290 428173179 -1884393065 -799663722 -1105267829 731672401 1810826602 -1547120443 71714921 -1113801534 1896193576 -1558668712 1777456469 -644502766 518170276 -395983977 893570984 
588401372 1895524826 684664016 -42864358 -939751166 536421106 -416638031 1830397685 1932874802 862122232 537631348 -73273691 -2109479777 1476523969 -1684341648 1919376075 1719033990 -1434177021 900574034 -335132777 -252113458 516785318 
1573171375 -1161304267 -1610078880 -1582058786 -797874485 1321734773 -592137238 1725291433 -281066849 423964406 1811598232 1293192099 217945092 1491907179 1315149202 -869602226 -1085316417 1193030635 -2040758684 -1018734918 -1660198389 -533446091 303083730 -1249632579 1751707693 1435105529 422063563 1543976137 

897660756 2121367684 1553719858 -258351940 -1232513321 2073191003 1309526041 -1929908830 412786893 1550617260 2013637370 1965571891 992215488 1593012718 -1470316352 69602184 309874286 1151516971 1698378136 1144887599 -1868862942 -340370303 -627325850 1845243839 -273654087 -1770670821 -1785989349 -1414103202 
-192926308 168867347 -224993825 -1968297578 247125908 1922761391 959662873 -1878441936 -854553844 109563218 -2047948271 -178421185 777183664 31436870 597669949 -1060956428 62029436 1283974457 7536327 1165483627 69713600 126870461 -245229997 -967258733 -614368482 669100775 
1422933751 17969260 2021033676 152462523 -286369020 170722954 256594956 -1646286178 392062151 759351183 -1670918531 883201567 983085480 -1276240506 -1827366559 317050887 2048307365 666581811 -1840630269 -654970331 -1082674829 430792929 1132464176 1573715009 -1208145441 -618278609 -1476104359 -1333761482 
-233374081 710028183 863091263 510430452 1032222027 1309053245 -715621900 2057540114 -1423748477 -867548727 109639164 -1459336364 1120189969 35879432 -1462602336 1571389130 393917022 -996541688 -137756518 -1669854332 -1687844384 -1732961577 1870413636 1420420000 2018119337 
1554896629 -1072503840 1167033563 935985679 -1243502202 212924015 2091066432 1495460665 -1483758768 -1923900681 1168908311 834952013 742706029 -2002160934 1817809495 -181208463 -111055345 -1597679020 -1884866361 1187241177 260429033 -711187669 -489646761 -1073268619 -566263741 -140925743 -1312178292 1350156364 1799264352 -1400229022 7210313 1770326870 -1611880688 -1763966812 -1877966538 -1539231339 
28640873 -1407973350 -283417915 1073948235 870918734 -1333795997 640571909 1087598619 -1540831934 351223015 1442161441 -2035537195 1037587414 -590038645 -1526834103 1494452746 1823999684 
-1730712157 895363548 831870538 -1403745306 282766385 1129833467 435833287 1612485814 -1307252417 -796997011 2083691285 1486207875 -818854838 1719092822 -2131934886 -1010607813 -487427892 429066163 -99416550 -74782361 1318757217 1517022384 -1224040807 -1023360945 230431503 
-1366813359 353265063 -1119256915 -162721539 -1354835412 -1389119882 -731688873 -819870032 -741987978 1733246388 -1644950435 -1651729727 1942184484 -1545569400 -1368963842 1712770999 53795342 48391581 -109399059 1900496435 -213686415 -519715049 -2129913034 1032389686 -1781765979 -2085214091 1909924131 1068323462 1333408126 362291960 -1743816142 
-1651962821 -968481161 -1137451367 -1650065236 788544988 1284455143 -613019721 2144196019 1656609980 -876745322 -404982266 -213904157 -1844358209 -385693796 1136799521 1158430976 -599931011 324454278 -1835816891 -1967869727 -1574204313 -406933760 -1527172979 1848414708 421962615 -1338739784 -830311569 
2068334374 1667284383 1186820644 -1219763309 -628226846 9406018 -245614802 -440692928 -883447026 -579483397 -1191629972 -1794619313 -887323066 -2018680666 -1387378368 1879811995 600040564 552009291 -1634444606 1679532317 -179265382 994403673 996871682 -1734378952 -1169778517 
1153327492 -1569768050 1157040411 -1474171141 449207531 1131711993 1785323292 810734571 -1489577388 412790178 -1570694010 -1196570496 1956880550 -2084597461 762516547 1986193270 1080381227 1968942151 620637950 580208072 214640462 1860549583 981249131 500554139 -1016981588 -1196404438 1553571734 106088922 1464911651 168448199 765632967 -440479169 -1616053924 
1988717946 -1468418710 -167038019 -89571402 -989558390 199531285 -1186491982 -1312476594 942249594 122188071 1335541708 504239574 503357861 -1027553419 -930567967 -1758459823 1331490634 1046167952 -1193227738 1105524831 -1033228984 1682610300 -554072519 661091300 -663058899 929250301 -1316191423 -2126210767 -2026815742 -1519942701 -1663463137 
-2006235243 -1805526706 -1966049017 -1813288537 619733747 45937975 1864051905 -1019917827 -1292993737 2011605362 -328063980 1283261187 1634075438 -887306924 -955403580 1416148992 -10802714 1247577819 -1759696232 -2041782489 -220862829 1531641366 -290077819 -448690121 
-2111420641 1899271522 -479971641 139789220 186724586 1787977160 1540378255 488801142 -1825699431 316635607 -324418277 -2039782909 -1355343191 292071305 403710650 231408909 -652426700 258292520 -2028488342 914052882 
845892283 1867533869 690985527 -1113363274 -1760976399 -379246178 -800755572 286125009 -140518293 -1517080923 -573726618 -105796967 -942539709 -1636834581 
1402374763 -1033706254 22831885 -488085766 1052822677 1184308222 -941294307 -1712493475 312264166 -140778803 590131805 -329833575 1875534144 -1841706215 -344228546 1644254313 -1056550805 -507725956 -673162219 132688085 2110976212 435922764 
1685471167 1511977945 719557119 2122414592 -645529751 1845176984 -199565671 -744429205 1214016363 -79715587 189586284 1968051600 -1724144318 1850209986 -1794599098 -1991744482 1546942696 770514135 -1867270337 481790209 -1641119448 1173250941 -1098978478 -1021904690 
-1993258539 110214744 1802008566 -1955954428 -1536942490 1008095012 1424283712 -1954999870 -2106748683 12659270 -1977681765 1836045076 220623335 -84212156 -1958125968 354111666 825211384 -93663757 -1753474287 -1257114491 -735190930 1131527955 -2108888764 1274871723 
-227547452 -1675084706 -487210598 618979152 -975042518 154985376 -2101672318 1698555464 -1919266725 -1877343390 -1634725970 515020993 608969815 -1094802053 -1946340202 -1819678052 298328241 -452694972 1111561009 424555556 1100253185 383525466 164772974 541337485 1944609154 1067323081 1963313056 -1651556352 -668611508 

-870027460 -940391277 1272138926 -577551774 138593610 317789188 -1325904789 298770393 210477675 -1517416291 -2119030800 427942425 -1753445912 -960459094 583610130 1082034581 21893545 499682374 -1624957601 1877227357 -2146138550 884948928 1182840608 1148357754 
-1966368012 1973798121 1169667425 -1844497027 2040386184 -469651295 1158559417 2096334293 -1334919709 1124645628 1961046139 -365060960 447537874 -364596227 1412832322 -369588028 1961896524 196333478 -259957101 -1050882823 -2043910638 
-570896148 -773138527 -699656908 -1215684277 -294511993 1273766809 840947776 1803720006 -1186680551 2006734492 -83103976 -1964247069 -1546291279 -873626492 -841792369 1031302805 671630950 -1749006705 -1902200318 -218014128 -1489943830 -1277142052 749380362 1343564406 841659448 -1642821648 444124742 1256099154 62781673 -56270573 1619196809 -1579191515 1388132651 -648116355 1145699819 -1402779753 353233129 -431147543 1716715521 1899427656 -742601408 -341244905 -261152392 
-1821955669 -2059533203 1335507279 1069813612 1656214635 -1250144284 474113666 1153489900 -1635707838 -158574515 1086063999 1403848081 -371569134 -2147351807 754818075 471431072 -1078245930 289323831 -1595527100 292152283 -650096337 467767022 1115134757 1814830956 1741090821 570596332 -1599792692 -1740013988 
2086881594 928820988 -446464886 -125320135 914413687 271667914 -49175542 1368084633 1620296136 -875231480 555671764 1860093921 -2082955606 916574529 -498664846 11015723 -8563353 249076913 1242651435 -1309780776 -1536335304 -1796062401 -574886638 -891406517 -778014110 
2035480921 77065957 -1449200852 628210461 -495741835 56708377 473750636 -344685713 -1767013429 -1149274563 1748531107 1537743987 1193315073 581476912 497498285 740543328 -51891916 -749766569 -708648082 -1987397488 -498392819 -1428953819 -1534448520 823363458 636837266 -1914198970 1542414296 -1863282669 -773254291 -1473200667 
574484396 -1247153937 -505265041 -1070493957 1042383311 -1665064478 548069207 371320016 508461858 -1023095109 -1063882040 837384225 1651829029 1871281618 -599394087 -1676191338 874788429 395393148 557053813 -1111538955 1373067921 
201606534 -1734511205 -1378301120 1640388023 2058905620 -1939728437 240270733 512922856 1021765146 -810429969 -238873862 -1296930781 1158793677 -1643283818 583602362 -1310762369 428191774 -511490613 -1042574873 -150881179 1103990688 174492222 -1677133740 -1168376117 
86053104 -229696420 -1764036123 1146550778 843654398 958982730 835500906 377472209 -823266137 -1999395080 781292358 1934521336 -1459625728 -1988778360 -1793148802 526781288 -1993674863 -1719444544 1229422080 -1452647312 -1521898351 -1882568662 1945595516 
-1450527871 1708455828 -1630390157 -335953919 1152750816 1436120749 -2032217113 1208113363 -363753659 1741460941 2047256850 798477687 731294383 -1439807407 -1150013760 416007637 -1301064370 -8477453 456674091 -945706231 -1735568225 -295175796 -228738429 
1608039330 -1767244817 -1167992118 1516684253 -1798663535 -153893862 1932658455 -1487947193 -882120559 -1321841490 81493243 -19789857 -897548449 1243541708 1899397728 -1975761251 -1292315944 
-1609006127 -1638069972 -1392601526 1752913557 -386482221 -1379180847 -800506220 -1366841444 1159123348 -942857843 1460648201 196485692 106987513 432736331 -995552036 -393499522 -1779785743 1686982325 -698263760 1685272605 -1529482438 -1781787008 -2065678187 1877888087 2083481678 1051649774 -2004126389 -248619032 297964649 
1130888553 -79576843 105937413 1575812895 1596535726 624557288 -123848056 -167716357 1334093274 -106163248 -1530595220 1758899914 -215854112 -2055083005 522694741 1561482760 -305024015 -841921789 931451310 597312152 -2019725529 -1063355398 1583633470 -770988294 1374410954 
-946608393 -547317040 433589806 2099236662 -717216420 -1751207730 -697364627 -824685205 -247318396 1576037805 -1331820844 1964976709 299313258 1952858750 -2073088117 -372618428 -1464128358 801367404 1384169989 592120279 -1853586808 -895695273 592712249 426038994 
-540734732 1041590545 732649796 1560470147 1855583846 1134493391 -771964759 518656043 -1994261269 -4101993 -1618959101 2039202358 -1093379839 -1737790598 817279571 1661681233 522880064 1468298533 

2057820559 366392624 146390039 1323851077 551946499 -2075510425 1073307066 2076299117 -1516325777 384445358 -1530593394 -2035593686 1178063691 1361023129 309453855 -1168863222 -987079049 1447096918 1749653637 233073366 -229070179 -1135192674 -2035586286 -114452664 
-951961581 -1146124980 188293398 -1454431570 -1989552169 -162539457 -1953800631 1790932973 -733101787 -1465717001 -181117809 877296287 984498292 -1172173843 43514999 192644768 2110752544 -2134205806 -2121114568 8060620 506097139 163667746 -1840361544 601968276 1289213047 
-864074693 1430752430 -1499985546 1697648091 145281682 1988398094 954360050 64520850 -377971182 349580899 1279726450 1360029206 1622305792 363040012 -1969416865 11799382 2124715541 -1548551859 1025894755 275697939 -1592705928 1891684979 2142193981 
757198541 -265207207 432503174 -1754853106 2028834536 1402983580 2078524770 564423243 -725455026 -518256057 -956562239 -1230941441 -802239474 418688686 184489807 490701369 -1988381929 1742193105 -269230622 -105575502 2086950666 -135364643 1198111550 -1885084500 -134597806 

-69472777 1784988260 2062086196 -2115556711 833285671 -1864354647 1201584408 795749610 1244599236 
-491466270 1403030759 680641531 1461253157 1146664348 143838390 1759564775 255728857 1606913431 256766100 14042931 295283126 573850741 -892798871 -876963705 -862802585 -1926938579 58824888 -976531858 207677543 -191457330 -349740177 106214604 -1321552834 1860572959 1564021745 1185481335 -1333257027 -1511080724 -1164914453 -760210714 1408430306 1711972558 -707792920 -1754238037 -234557890 788167984 -479262986 -1465129306 -295262908 -684927487 741586845 1169625206 1073113569 -1563507170 -1440133544 -262894121 -1592394711 
1488078392 -1321349078 869323363 -956708265 648985795 596244047 2562212 -407493639 149580338 1884612217 164786104 -1736869280 -759459767 441714534 341912721 -837032496 -1883058911 -1078499293 -517617480 -165135963 1338469924 -2087997824 901280843 -1509724501 1526383021 1309833417 -324323147 -182828854 -2049655723 255018742 -1223455107 -163090138 -687778446 356879179 1688229678 -399608655 -703813146 -1719743514 -1960958092 475600884 -1041856399 -193584154 -356008507 -2051436760 708206988 -20967787 869421425 -1593128868 957017261 366275485 -259338164 -2002411984 -1694969199 445460807 2001827111 -1845443687 
-847874175 -1363776220 1712321480 -1586016069 -1921928632 -1998314008 1453726338 1230490540 -1107184490 450964384 511633912 -403996213 -269813959 374085212 -62293071 -313146916 1908044924 -835467992 -487743272 -1575055637 -1397150152 -1439163265 2038836226 -1707819184 1882084979 436464751 581917995 577769017 -2121468622 -584322890 856813690 -1738837292 1619340870 1306110389 -1929385640 -1315669258 683721542 1516602449 -830909915 966050660 194331335 1298646449 -1522161917 
