-274888586 -1172951330 -947783061 -1670567564 -737507277 1824881638 -2004713778 1798675178 -2074829423 -2136216219 
1434859785 838804165 2056221908 1899158500 -1043827778 252089503 -469157656 -2054970078 2098479711 442613714 1181729192 
922384629 -905251959 -2128068423 1093614454 263580782 -1609518084 -168857834 -773701044 2127531500 -1860151716 -42826857 238828757 -225332975 -2126382876 -978758540 -800175191 -1160397099 -1503561938 606612066 -442425015 602154448 1476701960 
-843733921 -593782331 -705607809 657179981 1204025906 542190131 -1813599735 61833692 -466286829 660143718 -825117551 -570151575 -474422950 -1460112752 1464718330 -23472759 -1300710923 318461611 -2066571054 -9625130 -657419486 2084837297 154258776 -51002232 



1709419207 -1833481499 -32811672 -1044262036 923888497 819840818 -2016697608 -1208962723 -318757786 1857524239 1059566988 -1515702167 -1336502174 -738374009 -733939959 1103871770 613700135 1722915979 -2031824030 -1528016633 1241755386 1638994080 -352889224 1675502572 
1203766602 -1977946313 1615502127 -1512664199 -2021766352 574667742 -550851980 -206306563 -1922273957 58790758 -2013483360 -2125519265 307731128 1078649602 1639945447 -1061492230 479828717 46544483 305968147 -1570747307 -665894168 -41891253 546035890 -1204913320 1750212460 
1749276754 -1736957702 -974520616 -1298483970 102846950 412082031 557274963 -1823494330 1360448046 1987774773 -1449632943 -317085297 -2053796326 182026835 1601027098 -1298486176 -1424684541 1218600640 -1989190105 1868767359 -925824215 -1056161708 
2117250508 -1515289927 -2060409987 -307795155 595419843 -590113363 1834460578 -1278823621 -477060243 -1041451080 -414655815 1205792822 -1719198976 -1140373667 1443531955 -228509722 -308879382 -1100438285 -1699992108 -620422041 -255974747 -1721084796 -518031469 -524402251 -379578764 

609647349 1926008085 753990284 534053110 600356310 618851254 2099736247 -952629401 128367260 1407744994 -2134273980 -1811807724 1963442990 1260930016 1701879565 730876792 -224896233 1806341200 496350989 -708620847 343139821 2106146122 -1076130049 12055259 -1102300322 -838763334 
-767458930 2121643606 -1018453725 920067114 -2122996894 2038864969 -1985812456 -290279045 -764196441 1125606 -814537338 945774047 1223301517 -1989288960 519015874 1047116347 1489597723 -660888701 2071517118 -739907138 704805046 
849530968 -532061370 -2008683920 -1269048263 -1423603802 106313801 -1250486503 1397705082 -1353601915 -1048161159 -1960263958 -2003133862 1616952430 9874355 -630016597 1823686706 1728905454 -299371575 -1337545549 266604504 -517648345 -405960897 -311212358 -355814344 -705966059 2026228828 -1363361225 577493972 896844875 1954964284 
-789420464 1483282009 117889812 -658636996 1647096145 -1672611546 -758228935 -1575402726 -1127426238 -995672237 138981504 171383088 413216923 2129023640 -1394145419 990655431 -184018714 423334694 -910075894 -608403142 574448736 -758640190 739612895 -1611855345 -897855797 437706247 
787500588 1409265558 2071485534 -521254812 -2063148641 -1848844859 1212160675 880740077 -1263119945 562582558 15174145 -754989079 227142645 80153907 -1425773558 287473217 -220092793 -1252175127 -1176918749 734010773 310922048 1648275611 -2119244871 299749912 1820715174 15760599 1833155061 -771203214 1668977042 767248203 552087062 
-2127715813 -1768787326 -824777445 -490497741 -1713323767 1072462053 -1299233640 -445366883 1049016159 -1202168677 1427667259 -407365649 1352001289 -1813917893 1001582262 -1686443588 537819474 1307752993 -283103537 1857164131 1373829848 2016303847 1518098728 1126313997 393091127 -524073751 -459884918 -440369449 -1785994098 -1139584876 -333463370 1427884544 1689872691 
-562805468 -1045261285 777526566 -167782003 -709678394 -517903849 -1677169631 -945528414 -751607613 214340709 2010819191 702556245 -147910696 1159948271 -1311603955 -1400830976 -1877598365 337195663 -1677848268 -1954305360 780078910 -1464268968 845339748 -943761577 853158927 642710500 -2104082260 1389479299 1717009340 -634752126 -1085263078 1877595539 -1200334272 
-957263860 -2138846137 1460585685 -693271288 -850276124 40703154 1264068247 -1071698517 1474072640 -1681341237 -948730363 -206808893 -1375982531 -145449102 -1810750514 1759219057 1067355055 486963555 -1968548660 841882301 1534609115 -430358078 1235039893 -1080706886 -871361535 -588930919 512435011 
151598339 -146972072 -1518924967 632153480 140524123 -273466294 1244328944 -491703895 1858404605 -1009539390 -433374147 234347161 1232510953 2141225615 997885677 -1312563597 -1282944092 1281895357 -1856788500 177621736 -486891095 -955469067 1040946720 -1903380431 -11569949 -1330156895 1953991415 2110149765 -1432530621 481406084 953093243 -214610030 -322497877 -63514032 -837017556 1995303676 -156885315 -1515997123 -372614594 
38113190 -1320397011 -1566000975 -1727623820 -2144774899 1074394632 -1738652759 -106359913 1916681941 49620691 -1752987108 -796050479 853033414 -2021342153 571518011 533137013 -1914156460 1974000782 -120096490 1247505868 887494542 1978042662 -2022282756 
389333369 213093533 1486768262 -241477676 742877749 -37379427 1141309064 969134814 -210169588 -675370639 902889798 1250672395 1998537723 -413400505 -753877326 1601290940 -1173325049 157470280 -180393302 470132508 -1718864320 -1672277307 35064362 
-1074668015 65920028 -1772356455 1308897706 914822514 -2140128198 -359749056 975651362 412478187 -797112030 417942929 -1617129774 582974202 610207395 1572733682 1581816129 -1607210006 -1578459357 662573585 -2048018070 

223994637 638869870 -884776087 -920934151 -430912286 1890689109 2044638793 2061201235 -1913984218 -1509265895 636235855 -972268557 1239166088 45253149 -524138547 -1602133164 -72569556 630261740 -2060242022 4698002 -87634609 -1202455233 
-1118566654 1600261358 -302894459 -368501226 1225221364 -1243118145 -654452102 -261038230 925751655 -602139053 -1719843424 220559480 -1471111103 436655988 -1969935550 -1173073136 -391758694 1752780005 -148949675 525530667 -978499250 883909464 -769004856 
-1454971151 445333884 -68661548 55593140 61498048 -1692301185 -1143728019 -2050457657 1248695880 -240825131 1874031670 -240740728 1997410909 -1431085497 -725023314 -2048984628 -570550277 563783093 -1283014841 -497647813 -2041267003 1730988607 1777039215 
-1157193629 -1131854090 -770785067 1863763876 -2094572090 295959692 -1250002470 -999519577 1890446981 22945922 1679208417 -1912941051 142985810 1566357333 -1132699880 1718570830 1508736667 -532171034 -1352877283 51119971 379445994 -1690666412 1978593568 -1242752093 756156436 

1495726983 529374826 -1462019940 -2052654859 1216939822 422756634 -451793012 161801739 -764675357 -739726355 -2062478723 1741393039 949018356 -2065684752 -1459352349 -872584013 -2119242210 -2079472730 -590942430 1515630741 614324017 1110782674 -1136380553 145043989 1877746116 1986141737 2016377963 -149839131 -1522471121 -1707316682 -568283954 -1457964688 1428463021 1168547401 740071684 771417951 -1968189399 2045325909 -52117701 
179407682 2103772833 -1936095630 1077345613 1791039859 -1536946800 -1885011988 2092682751 263852705 1735736646 -809672801 -1862761259 -1398004798 710630431 570851166 427292312 -905573662 -743272607 647965026 1555832260 584944999 614216077 -1666352576 
-1246807374 1166558144 -2015990495 926287148 -2089535022 1913847806 1608471495 -1250118192 -2048898798 -2135278982 581676118 255188835 -1596277468 -2074829845 -1199496118 1504446511 1787921473 -807659094 -118196912 1215292288 -785674391 -1506207519 
-954435449 1198347095 -123986165 -1084796776 453147681 -1365650046 549233112 -1062635567 1148272797 1444741831 -1558889134 147735911 1355036674 1310115195 -1627069576 -1320238345 -864530828 -197555804 -1232655515 1436714114 273170275 1822123779 -840687965 521390188 46589866 
1335540707 1500299199 1492916030 821647373 1841781058 -1371667155 -1419501556 2091127410 -240921361 -1843372106 1117475260 1679125899 252575422 -80059786 202602716 1064382883 1449747889 1722922634 -1426076832 1226851136 -1215797695 1035753548 1830192427 340271729 
721811196 -2024603150 -525477143 1263916844 -779433235 1105358496 1953996742 1810971318 1821817407 -1739542620 -308474789 1398548628 1159155267 547480978 1714527084 278045530 -1768241407 482653859 -1021755453 -1095195674 864530614 2144286176 819592583 1824205459 1823351143 930648452 -1180635445 -53922254 101253907 -484091870 -1622861870 -1045762160 -1327763374 
-207178361 -108412684 -1488684857 -1178471465 -383877847 -2037498731 1090205639 1157635740 -1953605554 1886816002 -360549153 364832316 380579796 -1959950235 -1610068863 -889988006 789279100 -1360572448 -1743817261 536682425 1698122358 50683912 1706990197 -729922614 547650601 1752109792 1280050836 -1204855078 507096126 -1919804908 
-441625991 423845120 -1681892717 1482136112 -1508170831 -1206536023 -1330867612 916783211 -1786713795 -164943511 -621377337 -71404056 -1377756348 1518524569 334882736 1532337676 742836879 -1359243611 -1045750808 -378232575 794092777 -211263560 -52191644 336756350 -987958067 -2011296173 543740874 -1892990033 -135915222 881107161 -1590424214 -1711543874 288278427 -741617129 1202417216 
-1028208412 -1581671633 1401691894 108960436 -118325489 2132919671 2065342838 -1593061044 -445429477 -780236085 1743226553 -510650434 1661158304 542350638 1621314286 1392541687 
1326666548 -1818360999 1063369978 -611619866 -1524881877 -24390950 935135940 -2019307259 1415828726 -746107390 -1168196724 -1436401470 -1875801494 -2029836697 277277825 -885874844 -2050057417 -1105551710 2037787980 -898242065 -1522502217 -1444796538 -432437422 456424166 -1331305648 1047823774 1200277270 -814496011 
-170546046 1335472772 -226808530 -1417630044 -981306220 -1432633819 884575135 851353892 -167413503 -810084547 1706048169 445672838 87991192 601079682 -944106649 1039607830 -268649838 655697512 1770123031 -892217550 -1118281811 613790139 76151945 812997989 -459941534 -980571391 

1386618 1525458115 1807978617 879892032 1216220487 113578064 -409232311 -309602042 1739335821 -1020595207 1501032913 -1067659333 621954724 1534567501 1906564462 -903706112 665574315 1920485103 -1706886909 -1541009877 1947443459 -1327722413 -1263800452 -1836581247 
-784335749 -509064309 -408339323 136406592 -654518938 326325020 -1142889408 1276711459 -887667071 2012747620 -69196538 -734146847 -996120919 1831338473 37594539 -28943636 888283535 1207631092 -383068414 537913888 -646290210 296570857 921222495 
1980520712 217941727 543551296 1763943737 -1248776804 1078136266 75847368 427569567 148479711 1177817449 -1469411952 1186753626 -225111040 362606229 965461274 -1281299280 553929168 1816120451 -1013680747 -721434824 322412287 -1694994107 
-1726824570 -1196949822 -1070514869 -963268754 1163564059 -606277435 902147970 1040611302 -521859690 2131484802 -1907447514 -1446636872 282497487 -2088189549 920810996 -615227330 -1816182408 -620531258 2114229556 -885322092 492059174 -1908602555 -622133617 -638864199 152176315 479233245 -1984149961 -119598107 

2091589587 -1621020769 -1747270726 -552705054 1461671360 -1766548832 -1901984040 -1956230536 1821631631 1717908358 -1187872520 -496294745 1103415697 1622490755 -717106535 1194581980 -1335084342 1121588655 -2052872477 1549957901 -1870315809 1973039461 1772224914 622167322 -317031088 1586511296 -2071835831 557290593 
782441931 -246449730 -16961372 -1454387472 -2063388183 1237810270 -12581825 1027999779 1079894912 -300604955 -1115812791 78927352 2118338764 -591829374 1634783036 -812175610 -391838310 1881599659 43930403 951868774 1369423268 -2130139941 672981336 1903205757 -758043856 -523913912 
-821311329 -589174413 484277281 215937039 -1486812293 850793402 -1271436034 -720581108 1463050512 -256840143 -1754029350 147079734 194994969 -1808223636 -509172656 1077736746 -304338171 1531631585 1422490535 -1871164225 -1581072461 843930541 -987585508 -1134083005 1247727510 1448510060 1400016348 -27719906 
-1604929079 54830730 2020471409 1201793349 -25270775 127311788 -1793406045 941639325 1635135622 647874914 154465381 -1355766112 -907917992 -106970209 2132089495 -1023305080 1003644432 1125077990 -202657921 -448067532 1537670474 -110506346 264071057 -1133276218 -279673466 
1522443724 850469406 -1452618174 -56495958 464819868 -1994326905 1949123141 -400813919 -834596470 -708214372 1045131802 -1891966496 1383835951 228541421 -1423763631 1893437837 4221214 2072063193 1678141269 1274833293 133298951 -814479023 1787558715 1272308850 -1394840953 629878351 1878276531 -1539403129 -1447034511 -530699679 -46531319 268314176 -1859919356 -634612410 658393013 -1098072434 
-327283925 1658072518 -724641070 368851507 1883176349 935772998 -196493810 313067533 -727381622 -629606885 194530642 -1223171036 -584797428 -1584193891 711371301 -984639648 1064275423 
-1648187804 -1021551418 508303374 1895177734 -190751358 1315763267 -2045060986 -1151001607 -150647213 -694086370 -234520071 1062749318 -999597973 -969889912 -601083622 -41297597 1465116011 943238554 -1421022467 1801975277 -158358987 -470236837 7946408 627870702 434712275 
-702760335 -2057255618 -1189052458 897926639 -27177791 -1629384559 1334625729 -1156916873 358749366 -1895907885 -665845325 442132696 676550281 426591651 -1428977706 295205532 -967870495 -1931448196 -277689161 500208037 670897211 861370820 1662531273 246989015 -169794186 187449153 -1643105042 1499934092 2129875174 1539741457 938197595 
-1017735371 658718927 836546125 1198700422 -517495183 -1327024432 710111460 -2078001754 -278890911 1330448835 -1369387444 -137010596 121933996 2040089971 29547209 -807241485 721143517 1665573344 1257679539 -1621051305 719174373 1307895117 932312970 -1005807292 -836885800 1803816371 -1702715919 
-1349482937 -881116612 1467801905 -1858558959 2071337511 390004465 -778133690 1977945439 1625116169 2064766156 343188513 1648579183 -1154422939 -1240274590 290950045 -435113556 130227494 -257813627 -361865929 413560646 -1866456127 -880583181 174925684 2086911042 -377529301 
-305861023 1143579690 -1897066800 841478724 -1537985277 -252925876 151322043 -232767210 -508106462 1189846763 237356922 -1055727017 -265710629 1087074314 357049758 -2034279539 884267158 -960824344 -2085715818 -1081600520 -86014888 684742760 -2040902579 1879145394 -289724347 -467023466 289559617 -1712623688 2053490268 -1743234842 1387862168 -2110389804 -50680988 
-1449717164 -940940037 -1488817235 -678308787 2025834790 1127647263 967796097 -1315686591 286418895 280292505 1710699738 1956166147 -1451588234 1317740365 -80803282 963464144 390783859 5467758 -2003607563 1478705423 -148589316 1018742052 159290242 -1406132818 -483091971 -1794994116 -1691480488 -802305209 -1365855660 -440389144 -1970264757 
180883961 -1790100067 -1470253471 -1484416386 338076422 1581617915 -1922366040 666922775 -118615420 78300175 822061077 1124065921 -1443092563 108682684 -1809050716 -300703752 1049971979 -1958860804 1242799843 -552946478 1443691175 1177171710 -212291096 344450919 
642460012 99840074 1496769606 160865074 -1439923353 163154193 -1053014600 936853956 -1646478814 1486499429 -1789992938 -2002368358 -601020656 -533483370 1204317923 1816291448 -1764580412 415170749 590629319 -517223887 
1755494786 1656851205 249822208 1061113589 -2070518522 2111945637 -145371973 -424780618 718226538 157878184 -1717952489 1680120213 -28134361 1487976903 
-1380677766 1718782009 -18138934 1600067610 2074896607 1345122861 2061551959 -1640738095 -1814299770 -568415358 -1203996554 -931711052 -615961716 2070617983 -715855838 118761348 850895277 1930783089 816624756 -260527097 1760077794 1435075821 
-923023449 1583347024 -1066939654 218164130 2077383190 -1939491768 1435656948 1047489625 -606406472 1585871817 75001570 -1958211578 -744652061 1291628720 -703743893 -64689876 1057414722 1717846117 1662725474 -1972879092 -1457874727 -1057051384 1337862073 949007101 
73336095 -476851668 -163102866 325923772 1610447698 1828987617 1647233485 -1964459824 -1450966692 174727510 -706696045 -587115526 -1612285985 -1913961824 -1634841709 1911594040 1612206129 1464372074 -230083331 2060471709 -762103776 -769095956 -459466486 1834934996 
-1415702722 1613675178 788313757 -181016814 1517178379 -712765068 181435097 369363741 -444336545 -1330217797 -1122290891 -931961040 1227742126 1376674446 -1381230634 -1383303121 -130853311 -974980417 268598452 937744147 -495627127 -933938349 -1064043820 536349070 707864507 -1032955050 676924230 921767771 44727950 

-668751157 -1063686961 -635394038 581179785 528399215 1546457475 -424822222 -1770977471 -1571360922 939776628 703236434 1758588105 1894590202 889741518 -864943766 -1417816712 1402068155 -1751576690 368534781 -2140840175 1334330172 1998358055 1926297887 1203021863 
1725530283 1222967948 -1141426673 1821359924 -1627575223 -421011013 464983032 532786965 1180979573 1124423190 1307586628 -732486215 -1336970180 -319365261 -2019342099 2057372553 -1339681025 1505248773 -1206372857 983822878 889954425 
-912117576 -1690898196 197565827 -1427976637 -189592061 -770104863 -1126217038 -1835199421 -1527957533 -644498933 1373099442 -405636319 -612344414 -1076161845 -1825274398 -395194155 1759848900 1062206951 338256416 606045784 1214871327 -819104817 499639701 114703152 -14365517 114386022 -311208577 2093608676 -2094265656 -1326869441 -1569439527 -1481478131 1012711015 1150152732 1852619049 -1363569200 -629248716 1701347817 -18754588 1972605724 2130973938 375866041 1195505189 
-334953350 -240893380 -1788456595 2064110328 -794104863 -929951343 1459886003 320248615 1188248193 -40478771 1504475874 -1737783523 -861096568 -488391443 1662264861 -721042396 -1324464411 -1149368025 -1524773339 850260487 -1783054309 -173099528 -2084926687 -229504631 943479256 -1601677325 -1644342598 -2042939972 
1169638212 -903621623 -23579399 2042101986 1929272818 22055675 881530108 -1171509841 919783448 -584883168 -1590648888 -736855811 231766529 -1251589322 776958222 1521337957 184196621 1252307495 -626848285 -1898917371 58481186 162486468 -1364156498 -914407665 -208238482 
-1892455584 468851321 -859338649 1426678229 -1431774765 -22375629 173613390 1071038595 379866263 1146315562 244493291 70665368 -1916252611 -154854292 2035279159 -615943166 -1855747773 1413586254 1870034492 -1429916320 -947938342 -140473566 -377295518 832568836 335471621 2135617078 676981957 1210384367 -1448763645 -827045262 
1655388475 -540125384 382530225 -103425208 645896615 -968832953 2084895429 1041773437 878371546 -1242698040 -2049673835 -1923738055 -940547915 1166076565 -1592524874 527680698 1577022598 -795964628 861180826 313257644 1539979351 
2001089635 -132744756 1131158711 1526312491 -77658182 697402772 1873273539 -656078340 761936892 -366170103 1076607294 979120373 576155949 -1966740600 -1712534403 1501546691 -863063384 -1802464759 1524453905 -1977405015 1372571167 -396598953 1856621422 1323786954 
2118454393 780372520 -1724647916 100092854 -1456763976 1020412184 -471382493 206160334 -682012639 -391188370 -782601777 701322642 -1358557059 -35252300 895445644 1009196702 633982201 871956553 1071932241 -1057666941 -1459096357 250846884 874366433 
269680371 -1053481546 -1815059692 -996530983 1248486717 -187658230 -1247845488 -849447686 2125965000 -2016825353 -567261743 1748642488 -1820986145 -492992362 355722847 845686702 -1337110023 687825021 299826877 915018538 972532245 1033488913 525474539 
-933604116 -839405186 -22627642 -1180090243 -917482238 -538654487 -2130805964 1524099837 740915958 -994361263 -65660682 698094863 437373545 -1177537488 -1267743173 1545461402 608448965 
821879680 -1434428919 -1048655247 1370261347 -896675784 222255390 1273919971 1318709832 -1816302579 1086200223 -972003765 1445559842 -1908211140 -1115751654 1691964360 -1224822999 654523026 -1542220493 1355321511 -933226488 259386018 -854815556 -524064423 1193573548 589564445 -2034396755 1277172702 -62607326 1626209682 
1946288882 1792494033 782605478 182498665 -397464198 1889614748 939304855 1064794122 825459254 -868832823 -153564085 -1601908825 -215340706 -1119687416 789665071 786180653 -1029398345 873437781 -211161287 2055001676 -1852027316 -204440204 1079830631 -1113394279 958410653 
771182933 636554899 -904657676 476803581 945815246 1988770239 -1150774203 -1688521732 330063951 2013365780 -884192625 869960832 286851639 -1404977508 367224953 -263310416 -1985822738 1684780741 -2130543984 728839440 -1446106079 2120105496 -1058768827 330168578 
1610280988 -978656804 -724538256 1880120943 1831523983 -406679509 -2048447261 1789804742 63404741 -2068224798 -295763690 -149054537 -1149764185 2074792270 -670940587 1786275070 -2034172737 1355096479 

-1709521510 349133698 -986120024 882025633 -783537171 -453024112 634161689 1568573754 -478425016 249810826 1445178673 -1224015293 1325648626 1008492939 552958412 1660658161 -1688949005 1615635782 -1422655757 -1189515283 -1173301340 -300133011 -1447272836 -1083606543 
1591234498 -375790587 1155485455 -134606588 1772945086 1781124194 -1495402024 -1476005307 -666181018 959254250 78082405 -950029620 -1236775948 -1103318638 250855083 -870584108 1586387732 -1384151838 -879702854 -829785834 -1023774511 2071560325 -1517323082 -1443129340 -855831991 
1929741367 1027379287 -120565110 -1139587790 556436871 -122350832 455683355 1766080945 1182269950 1101664119 -126837649 -912520036 2042423885 -1764523163 1245435933 -248430191 1938776739 1574957819 -70453635 1021071929 -1737789052 -1751160124 1512533126 
1990322730 -1082601284 33611695 1583453037 -1875682486 -1853805054 -1133421292 -2081843624 -2079606663 -846153649 2039200079 806804470 -1462189401 -1705120015 -1626770045 1423316307 541765395 338410217 1087058352 1724261741 1784044123 -106530953 -1613048154 83558543 -1398128778 

-1502041355 548771727 1863050241 332194586 323660336 -2025814720 -1839774447 1146790466 -272287166 
-1732307564 -1698605572 257288557 -414489404 389917931 1792908926 952351465 -72377132 -866066832 -1665722791 -736839391 -1922430477 497800624 -193085796 -2107082596 235849165 1616293240 -628397050 1002987160 -1825814924 -252162993 799925572 -2108953917 479959853 1909762563 -558522216 888181919 -1529011734 -1546424367 103719409 1007343178 866456122 406352158 -1642022695 181931179 -1787403286 -1502406608 -1794955918 1159383211 -296170334 -1342840935 -1779456599 -1793754672 -1399111134 -28621017 -438866871 31583554 -227890979 
-2084360657 -12297820 -2141853256 487549071 -1218615122 424630210 1838690759 -836409211 1195711796 2015684323 -1971195550 -1454161330 -1266529251 -117995746 -1775950704 -1355953082 1019083999 -1982398235 -57661607 -951018218 -1907454537 1154671895 694906777 662860597 -847185703 1716372483 -459906121 121678852 -1032487487 -708950465 -306935300 -1652356424 -752064772 260171348 -1829992449 490089288 264955748 -618365535 -1020348593 319274273 -840167811 -590353805 -1519274776 -1342887359 2101797201 264022856 -659652810 -1496081720 -901347340 -71999167 2085038489 -83713166 883750511 -1102255273 304536697 -1830011378 
-952705130 445074798 1267848073 1695937834 196658715 -726973317 998841440 1906276587 60088335 -453246305 504698271 1733693861 1358068938 276224735 -2030119159 1111660565 -1207036728 1537385597 79195648 -2062761782 864850677 -2042378033 28310130 -34350613 1764806387 1486958313 1598722319 -1632017725 -403870907 1630713222 512174129 -1947650595 726433369 -984310614 -1559019815 -1632794068 2093358043 -1104205797 849718543 -1944753482 -400025260 497803660 1141247724 
