408392222 174549563 -1861290318 -1466541823 -1444880373 1205729693 1167062130 559530489 -1875833590 1561584723 
659901718 -1710943853 -1239425914 1904119783 -1131860467 -535563762 1525256778 1466637335 -1949885200 1414144372 1858805657 
1150360862 1840892736 -1378535252 -1597475656 1064691240 1750471206 -392654428 -198739150 2073428916 -170980736 888950253 1045722975 -1909224237 -174139481 221094744 662963611 32940354 1624136261 -1101633809 884676546 981492786 156124319 
137211674 -131371415 -1729800994 401185464 -1029385127 -263268522 1358958523 -496290198 1419175431 2115671393 -1410707933 -450057364 -947272065 38264875 2146248701 -843160725 1207729395 -398105517 1209986867 1356746547 1202575549 -1506782520 2012256536 164804075 



1677425644 1937037947 -950441632 2108570462 -835646529 1319510610 1164093203 122148850 -1432616582 1980225466 -422873388 1913315212 -1648849028 -2141383926 261555284 1064370738 1091585817 203445397 -1361775597 1849153869 866887592 1972014222 -32036452 1618642194 
-394017994 386411503 -938626385 -2013243114 -1200512008 1596249836 1575733754 2072959074 1491909594 299236309 -1748532715 1176397860 -171761981 -1667190052 -2091391747 917955901 1443969943 -1264766777 -997539044 1588709141 -1134569551 -300524748 1319597960 -1049770662 1798488044 
2125653295 -1857054131 224380011 -1162086894 2012771092 -1393308752 1881375482 -1777239796 131154888 -730466963 -1359551742 -1502190545 1791414123 -402695683 1881660250 -835059580 1730432921 767395326 1907320311 1118434465 1147602216 445315889 
-88661198 1104067713 378056543 -2067729837 -228379366 1030474559 -334701203 -1463355874 -886841798 1430231288 2005409237 -944418024 -1873322140 386454139 1557949279 784431282 1633044822 -274605158 -2032403679 1483733882 443583073 1171536947 783301334 -252398109 -954425040 

1637463453 1518412493 -1812643192 971839941 -1852250373 262987936 2102818640 604320871 1091050248 -1113172768 1729212282 -1476517719 838872661 747430762 -712293059 1757227396 -403774266 -1660983182 -255885640 -858112687 -1820366293 -1731331498 757021440 -1070757609 -516131055 -45637033 
-916771912 -534565551 -962663011 53110298 15099402 1104176276 1920071405 -453218579 -1545062616 62470356 -2052365322 1711798390 249980994 -1778882581 -1655354166 -107276252 -1528275252 458601751 1831152821 -288941121 -2140391193 
-637215299 1763791856 -1880386219 -125316704 1418102267 2071848483 169562104 1781455114 398186134 -18480977 -1776194688 -400575056 1810204488 754424808 1591193754 -1599988842 272935517 688567702 232678600 -313460315 -1113263039 -1867066132 -2082892941 -1059408943 -260247992 304381491 -1017182066 121269837 415953775 -2074509746 
1761234781 950393787 -1046388862 -1282242024 -1906516455 -460683166 498528137 -609919497 -1103937266 179742277 243628719 1083351289 -1334930996 1265670337 -1446404202 -1709237225 526243395 101365450 1121154342 -20994008 -739130791 -2035432258 1934293356 -1935892883 1849209970 703117993 
-1089611078 1764498604 -976810269 -2058803269 -2115556656 -2128319086 -1885508415 -98935509 2035187853 797624889 1131087848 -928500918 -1587756559 330042582 -1274052516 -1723622506 1207615815 -1625841542 506870910 856548725 1161192240 -2037932181 1863291658 -1720051693 -1595352771 1194474406 -2083662602 1187120861 -1784041338 1704735221 601621442 
-1786934950 -1397811368 937221892 1930359661 1818472420 -2030722961 -1012422381 -1182160407 -818677983 186083429 210843892 1140798788 1697105714 -304485446 -1188092413 463362976 1112238283 -1963872372 303930314 -1333035592 604398072 2097279603 1827071204 -946401605 -735871317 1690142053 981185691 -81780368 -417815973 2021458820 1436879505 -1962675277 -1939873258 
1021787226 1037286555 -1486642213 -1867967382 -1247953048 -1775139937 -1591443518 197598169 1334874661 1008576870 -1197604335 -306672537 786095581 1266998437 -1842557938 -917611016 -1390409252 1863478322 -1869128708 -839261190 210469925 1716009578 -1851820819 -143324860 1544568349 6225139 1492572586 -1887047112 -2070385893 816357382 -1671126137 1448218702 -1984308758 
-464783412 1483530077 113921852 1551688706 -238104588 1116302591 -1594596559 -1324233638 -1387611748 -1271817772 2037662521 707829302 948858247 -607092207 -1225176226 -1013605116 -1457836558 -442308174 -1185218166 -1445643767 924743504 -511755864 494547719 -304069050 1014686892 -1693810054 1252631026 
-1623128899 1106014521 1259331822 -189521615 -2036249478 1586561907 -774417427 -422827691 -1010784545 -203635698 380916366 168464243 334505128 1233637045 -1210879162 -1679745991 833274124 -1299576229 -1714289272 1078448844 406180954 -234472975 1210129680 1051806699 -1734441341 1297473091 -790489729 574457630 -2061031996 -1686378792 -1475859015 -479153371 1183278339 979106050 -1453378909 371569672 1216920333 -344932821 -18954695 
-1748405128 -1161781296 -2070201716 732637287 1382573956 1673007548 843779097 -476670397 -1493989785 166825941 -689630096 2115393342 1722165987 1681003506 1010650477 -2118596439 1188767763 -763512859 795230256 -177021477 -433415231 -527259564 -514962844 
1188769812 -1416124020 -492711620 -1344617845 -891432176 -2094528671 -758761657 -1213391285 1087884875 615824784 -90672486 -1363239553 -1717030451 -1268848399 1164404079 -1077716988 1414620733 370177640 1180677574 -1509052275 2072598403 -787272040 -813463170 
-1648934103 441377373 1414525423 1140474796 -597361488 1954910587 1768971506 -952165993 -128964938 -2097700887 -1423156742 -867819587 -1382659384 -483215976 -2084567885 -384534277 -512854255 1387922252 437946158 -574489081 

671195787 -716977622 1360218115 1856449908 -1064671277 778553844 -1576064773 -1713596967 1279606899 1938260983 -566081584 895821996 334123583 839925005 1432473828 -1633235501 -1659442895 868321930 1080208599 -1569655677 -2122105937 -39603131 
-1190132145 -2013024784 -715642068 571105577 -1105708568 1720534922 481646447 -1180041339 1826831807 -324074663 -1967666030 1587453858 -2124362114 570809752 2052501165 -711646942 2117821081 -1665789227 997332128 -532140804 1874698448 768462903 683537361 
679183080 -1082135452 1077604160 -972917453 -1496627804 -522410173 2085552557 1707026986 -1404939539 -59162133 -1231200105 -1848118561 -872329217 237166931 -1717368295 2026673522 1115892043 -367712545 -1083999945 -1067522598 1300984114 1069208760 1345401377 
-340960035 -776585519 1045899237 -2021998507 -1779339466 -62444918 -301464751 1542074304 -126035983 -1871999384 1937255891 -1364371538 -360617474 -1175562678 1218614594 -476282254 -404531771 -2086875817 1467360858 979625890 -636671453 277702911 -700722906 622536438 -960805344 

207749778 -1349094217 -1274060618 489772082 985224093 722398106 -567260728 -829133049 -527217963 -442698225 1658040467 1785310374 -424728568 96391575 -2120834892 415688714 -249499320 -356939972 692964141 13846162 1506257985 2093203518 879947419 -1207386396 -1876114416 980291327 294599649 92371816 484998124 1221230178 -435701788 548850217 -1607599219 770651075 -89604005 -1397223945 98400281 -1566125914 -1868721883 
-599483751 -1263923136 -1631477176 744391818 1083974258 1153666091 -1648615646 -673606946 -528251983 -733190477 764783810 -824230996 -147920389 401560548 1643956657 -973335583 -2018224981 -77169195 1621347696 1704537825 832731610 -335937968 719585828 
1589751438 311740984 -1792841834 856384091 1971704832 794588433 -119710599 2064275608 467712766 -774144676 -520636598 -1661570258 1887924648 2000110021 -532001691 -2043113493 744301344 -1865213144 -1592235940 310595993 -659450092 970247234 
1822598251 1847150831 2100044272 -1626819937 2114094796 -172521343 1335293325 -1206661823 1396768770 -1880284346 652401216 -482530569 1113426570 2113725837 -285818336 1224374353 -940011970 -874413581 -647434952 -1240646463 1908593865 -1511322460 -647799033 -223845342 -1024054037 
1626173515 1139361228 -553551100 -1003251472 1180698171 1790694424 -1440686341 359533968 -1302982343 1148951860 -218606350 -1085799845 -1540822243 -778867519 906038446 -859933103 238832341 -532679320 2132545409 -43991738 1539136291 601879873 1618125273 -286070126 
1456891064 -1578733216 -539561115 -1301973334 -993040014 847879271 -1662130279 1322296270 1110888471 31309806 1601680532 -1529189732 -1649264707 2025197756 -2036558340 282541080 -1094512326 -392084869 1014453839 559317410 215540527 -2065103316 -1536171226 2111758257 -323256302 820138861 -2087461309 1705256521 -856652837 592689040 -1338254508 -348224114 125255448 
1283791125 1043362266 -1609095360 -1504309914 1642998974 912867358 -744236745 -1959443645 -726912967 1370357826 -421440558 787163144 1077120678 -1005525137 -1224271054 -559585377 -632536799 -1867666365 2054158741 663476028 2107360797 26348500 -77303140 -913670910 1107448985 -345028042 1025241697 -1264199212 -2094235424 133540416 
-752513278 202934159 1394995237 1623081599 -1984507382 498444549 -709127472 -139404689 560245217 2096106951 -414052254 1293815574 2042540745 -1247202086 -675516357 1469605345 1869858416 769209796 1423842545 -97972440 994239038 208368044 -491570629 186067578 1246834988 966818861 1140919729 -598516565 1304647180 -1877291417 -374935247 -1090909016 -906725032 129413222 463032441 
-1048329539 1553267324 1386974461 -416480807 -2073940628 -1751341410 74906531 -1747798135 1328849132 -191566313 -1090955187 1390948206 -240059635 -2088076798 120842508 1780779796 
-1827737665 -2110514747 -1500973755 -1147885824 -1988164192 -1647260560 -512853274 2002938961 355547807 -601470561 930916136 1811653779 1475314757 -786171022 -589789092 1708716417 -812316599 507346771 410863081 -1301798571 -1359763480 835977374 1074049298 -1297013630 -1438390496 -1086569423 513384768 -76082274 
-1437708487 -1906718195 1273366536 1930673787 -1605467402 -1683423035 -815868813 1918676573 -1402258245 1377995603 -2038356186 986136470 2109237245 652994728 665490653 1106852795 1432033693 1988289611 -1854879680 1598153660 986250531 323066089 -302333402 -480820708 -1920548420 284936554 

1025526070 -211134472 1433739898 -2008219954 758841327 527216320 501962239 154886711 64825649 1702894396 768795846 1867606943 1397949603 -1959155435 -135163082 -1534881445 -1709004981 -1645800488 1455988955 1935679998 -721964524 1319014872 -1087214118 -547340981 
-876578320 -624000719 7024417 318910540 645953414 -142394180 1606025294 30908241 1874830509 1240403394 498799440 -2010559222 1338188960 -198603806 2073861050 1971205598 -685366310 -1898415972 -1414219547 1517393735 1597562584 281381851 1122884156 
-1474779874 -1124276872 -108371518 -1947995550 654175013 -2031287427 -38503450 -647139323 -1330294581 1748544192 777029525 -1192358060 -2005306007 -1141304234 1961721564 -981797687 -2140678141 1651058501 1696456544 935563915 285697097 1200539336 
243618544 69356734 -1559215698 -531703124 870315674 208447281 -148098978 -690811063 895470715 1179894345 -136828592 -1145346358 210004958 -1516196618 1845045690 1024154250 -160961381 -1952917026 1414502317 -1470324647 883613990 -1499675625 -1610282230 1239404503 -1779823505 -958919948 -1202481798 525723794 

37564571 -1293299456 -335850501 -877429112 -269958658 2046421203 -1809255060 1472750665 -1788349296 -469443846 1355573787 341158168 -1450742137 1031874660 -1519099640 -2069014984 497894646 -585415835 -288837185 479036653 585360302 -110644778 452636274 2057553833 -183762241 88947487 573583180 -1321062331 
-369524722 752015430 38968573 -762074521 -2123017570 1294482323 50411937 -348015756 677881620 40934670 2113062557 -1740051462 -636862858 139166198 84929127 -1863828814 657794522 395300138 -448450792 -1771601663 -1562654449 -798448407 179328923 -416671616 -1930723459 -867853410 
-1146454292 1532725541 1864864296 454177208 2071817961 -440261278 1805848854 -1422787080 1586977645 623301235 1061835207 671777386 -670623285 -1199126765 -1915039550 -139133682 1714779399 -64103273 1558376226 839146141 -764362166 -165173672 -1305144990 -1180205091 -147712505 1734760741 -320878261 1476906572 
726319124 -86657415 -1888233365 -1377258278 -1348135218 1317644828 208706834 -1980949075 1899023294 1670907888 -1957790720 1532160228 1815680379 -785620576 857085685 -559963414 1224142183 -1118899285 133846230 736700713 -570432036 333290024 -515215620 521868759 326069901 
413670165 226562667 -766503592 -862163751 1185937668 1484509684 -44817816 -1659648300 1518646260 -583120636 1944297557 -341001081 1926101683 911435084 1652564183 52027366 -829129847 -1356985802 133976980 1570612673 -285475950 1384270336 2087443746 549490751 -1205379782 1903632448 490002868 1498558965 -1255545190 730823939 -1244334677 -1495471414 1534549710 -442858818 -1111267964 -347527318 
896933513 -2074131446 -1846064746 1995568334 1072525992 -596501556 2084016841 1982459272 -1388029391 -1854956534 2009095471 -94534863 975351824 -1480021114 -902839398 1776522216 2068443393 
973249611 -715481553 -177994172 580910628 236282173 -1697171791 -1547189158 1672570901 2125541630 -1459411575 -987449484 -56729532 803492566 -79735373 223018967 968364889 203445233 1750799986 247524878 -1236653119 -684280007 -1159318957 1515539430 -295242087 1574060699 
1940353076 -1522518925 -1706416229 -1703680421 1996219911 994854687 -1773590316 -1706142173 -1095715926 -755300496 9290011 365314294 1530454422 -230615663 -1841163725 2132344421 489980318 1117167214 -895242245 1056770082 -1286093644 -34841099 -1444612619 1211505716 -1390692541 2061190973 -1105530527 -2125625201 -125584061 2019674404 -1880098199 
2083498006 753272698 1072678720 -575622634 -544358551 1582189266 -626679507 -70433326 -354766843 -1459739848 868446055 2018280888 -725477492 50208479 294509749 1027275464 -95123155 -823672414 -1095696246 -1022555566 202949551 -817330151 865684673 -243446862 -1829605176 1635353149 -1599833633 
2045234314 1387019886 -1043802684 -1297711346 1270598732 -1742896781 -1114288968 -1974631611 815573170 1453776289 -624579734 -1749784001 879523364 -514536644 454051001 -987173241 -1275012370 -526245247 488149757 840373074 1575897855 332397726 968706272 1080732016 434224686 
895167064 558343835 -1496737265 1320517275 -1837361501 1993033344 1343425882 -469595455 924214434 -2010859620 -137845712 1269490244 -145968634 -622240293 179849117 -386485787 -1353943667 847489117 1855852388 -6187313 773551812 -1914464366 2043625164 -1948618573 -495262773 -2082892780 -796334200 -1224517335 1452253362 1084836636 -1082336276 707550427 825330782 
500624002 1709889601 152527123 130583600 -1963994196 -331718886 -1924592544 314028817 1934567614 -1444559445 -763101526 1841535600 -303889342 2111188599 -1689526700 652368451 1224669847 1783797082 1995318943 -38181688 697690388 1755052730 2035661856 1979047368 -1157378304 998022640 2044240967 736775243 -685393750 447562240 -813899310 
917288464 -1508481069 1716138578 -1591437014 -1567217227 -977243253 550817769 -454627656 -1682046332 1675261718 -490894007 -36317759 -149431451 1828839015 -211881290 -657485155 998044387 -1579856543 -2080975562 1778142418 -1084286656 -480744040 -121579538 1400770414 
-1653894974 -1159887900 908247536 1155906602 927135713 727994807 -82307675 -1469400185 1524307294 1662382235 301896469 2029542453 1516644954 1468177511 617463487 -1994932447 150157012 -1497020325 349955482 551113903 
1957192923 -151632591 400931787 375241496 -742706964 882722862 2135837604 1942015521 -1336081117 2086757846 -624607053 1412409869 1258144060 -1404925180 
938288063 -81960290 381876854 -780107084 611963482 -1038700003 1663214668 841455145 315792805 1978232978 -864642772 408551499 164323467 552134776 358034338 -636680238 -1983715334 945004088 282558129 -1370273145 732107461 1014795668 
1537249290 -1850163178 1143293249 1218254826 -1398982539 -505514322 1318111592 -430323739 2125538574 364257327 -919030027 -196113491 152314770 1873910479 -1300652923 749534746 -862258176 573656562 -634484674 455895050 515654669 -927287741 -1732702979 1056692723 
-658897521 -2109773162 1024777775 -143140609 -951792260 1447094595 641666753 1616815766 1450133223 -668570864 884643730 -1115603658 -1004678190 1843822730 913631729 -1119859920 2038926823 -109762970 2096600913 109788506 -132486347 1803327683 -1024265151 -119071758 
-2006497813 -2113991791 1711439399 -1653250765 -404958601 1926950484 995152714 -850937295 -178928224 -787689381 -1799468499 -305563970 -1845018984 -1339182915 -2019879277 635766493 -444470138 -61600868 19523299 135129705 359309734 -1989429085 2000096613 -1262598267 -2053515588 1686624818 123413874 -394225853 1756247423 

400968779 222285293 512624811 -317707656 2140466810 -1028645836 1872372981 -1675043230 1831154500 1923478674 -2116310819 -1704417122 484054463 1981804967 1174265250 -1142481900 -1702815569 1436299081 1252070689 -1004156852 -537893187 2010480688 -1212775822 1830243235 
791511852 622492298 -91789181 -751696688 -288084063 -243405343 1826809975 -816435275 -458934991 -427651254 -872665193 1558058792 -662639186 -906699107 -936113709 -6970533 2108319617 1521382661 -593448762 -607192680 -1991083623 
943240948 -1646347404 -677905526 1884114983 -957043029 -640245268 947177715 -1162001081 -758086641 -404553436 708400826 -810904381 -34953402 6980047 -354084039 -1406180908 1779283982 382385014 -905881629 240363153 854595522 -1633736173 556981416 455938454 -1630281883 -1606273527 481777791 -1634502037 -1160944368 773569793 -560133100 1626992486 -221270163 1999362097 -604843445 704723599 451834937 -1988239236 2033140228 1415673800 38311881 722599450 -404616060 
370330308 -1341869497 -1215094958 883772198 242246639 -1292530551 -2028496030 -1094647624 1335996650 -1004943545 1148861099 -85726999 -114196995 1719660466 -1429516450 1085993491 -476847648 593281404 657426209 1522091010 -1614883057 -1432475439 -1048763455 -449845254 -1088773046 506777415 -1069197010 144067490 
-1891971204 1945116673 -1359299621 1805163343 238648707 1851915771 -1798586796 335790808 948019051 -1408795631 1121079100 1602418052 327629714 -1539877752 111663933 -409707009 715535698 -1102731485 -981490150 2086688501 5975236 -1741193135 1910424733 -243916379 780929546 
-629553732 -47930447 455131297 1222112485 -593595394 -996929095 -2075824893 -1003477798 -681024110 430910577 1490289022 730271172 1369543713 -574636912 419091705 1114825466 -89721161 1385079236 -1832184165 -1468670441 -831455525 -1126436276 -1676750899 1651857015 1853175757 1650147527 703859223 -267964817 1212387492 -754055346 
-651411294 1339751106 -646046919 1997574597 1013604140 1709861304 -545652 -1802806237 1779222662 1870878145 1605049758 -1614950153 695536549 -1326761865 101885621 -1086498669 -967323962 -292834791 1316129116 986556994 1097712370 
-192223043 -735478726 -1444556090 866083098 -743638103 -632517104 1783086448 -129391893 1033242885 -772027935 1430638303 1574194416 -1119511880 -1640549515 497891931 1321132918 1596462401 1540098394 -418844400 1372267069 -1365036191 24435780 -749476787 -348102974 
-103867965 1186877008 -1401435523 1823286036 1331493314 1122895504 -849374223 -1991662958 717329079 -280501954 -1053676793 -1804733198 -942582623 -1394517593 415124146 -88775915 1834496595 -1795556311 -59481423 -1230965839 -166176408 1590373434 1858546287 
-199753983 -1925335214 640727317 -710343908 474469038 251508496 783214349 -1403049462 1113090085 604434142 -1519285465 -2025252614 -1703645214 -556588499 1579967824 1405461714 -721307430 19187688 25285442 -716368707 148361469 -970034021 1124791719 
1349119725 1040607776 123880792 -1870600229 -2102386790 -1332144183 1055140125 -1910223201 -26413944 -454001766 2137050676 1569607454 -1345842322 -1760773005 768720188 -1898372436 1236284318 
817333167 -1698418602 533161972 292828771 -1591203100 -2042087685 -1401303287 -1835775716 1488408926 -402579509 10837106 795083153 -1916145308 -869629218 1380737728 -389475335 1652602920 -1023461664 1325807984 -1644624238 -1372486089 -770667492 -1239733617 382816880 259960530 1661056630 -613761264 1988433280 356536173 
-1459543083 880036796 -350483282 581553548 42453704 20104998 652667481 -1352784281 395680065 2030415013 634726122 1942231032 -1038676121 1340270893 264754795 1444598668 379042360 1287550866 1959788061 -1160311381 1394747605 1589424392 1325086443 2078754368 -1049792176 
-1365210049 -248692274 -605156788 746420291 -1808564160 -2117909698 2105514121 -521999368 -815024355 -1533119058 -1069078811 101956516 -1844930721 1090258015 -2028478 -1222221928 -1551068824 -1234640657 2004085639 -1647520769 -2045278353 -1754347011 48534806 -66696205 
33130950 42627165 1881471843 1406709184 -685905236 -1194292205 2044287182 147153093 -1310240676 128042029 362384222 13631453 -2079878611 -835950735 1287144073 185927329 1551851938 1249627507 

65891521 -2074254703 327790296 -1027797670 -1647660229 -1224148449 318922209 -2006358165 1388261483 -278895857 555123830 -1703505738 283037612 1477862895 -50341772 1404958675 719915514 -658743872 1802794126 29547587 -1704790638 1366257459 -846287729 1703954 
-112895018 1615184835 -931047505 1949467581 235046851 374234357 -777117534 375595572 364522196 -1619041052 -1997742128 -1910210461 1033770270 1661044144 -985927314 -494162911 -1559982634 -870746012 -1510751088 -609865918 -88550133 130691231 522666387 260802662 -1057065466 
476401313 -1973037770 -1123167994 -1246415728 -421458859 818670425 -1339206629 -396817035 -1842464204 1736477743 -938333732 -948234518 -550440753 1201629209 -2054149744 1812258413 749439700 -848763659 1650448683 -1419696349 1033600260 -73819160 -830350404 
-1446846574 -1501847867 -1370645944 821035599 -1871483426 -153614234 -133999319 1829897071 1754747899 -790906912 175932627 1570838483 -1301189154 1547719294 -678122611 -1174327905 1092184432 -779252728 1123320671 -1563154151 -602052662 907791145 537749529 -269669824 -1327972756 

85788713 2000580651 -2096016648 1303835777 775681770 78690618 -1302511484 -1487702911 192414484 
1654046906 284425466 62586474 1039931893 1515146536 -686834990 -264856493 -1861610872 -474874579 836897276 54719948 1660279803 315141911 1110125303 -605897539 -1160867863 -1180303194 1414517410 -493006561 905766069 -1456540627 1479873467 -328274064 -1207289221 130172816 680665249 1039770378 540247689 586541403 1123042272 446953000 -526402683 -513770425 159461683 692159192 -766857573 -1378344824 142915905 2074739806 -215006823 1979227335 1752048867 -109495216 1379840000 1834737656 1049825501 -1386053895 2054482711 
1963012859 -1104361650 -247369341 1814249254 -1105092164 -183136800 1957186007 496425205 -395910217 959728694 1968470254 -1831845589 275184597 1328576744 1710245861 -1554670302 329542693 -1625796128 1863884138 1166150187 2120651612 575974526 1174675953 -1135590406 -591021619 -1646488027 1822541932 -541164203 1853907882 -564869185 231835756 1020206842 -471875472 400887108 -558048014 1360063352 -464271963 -212812857 562537487 1254476312 -1262031234 -880491960 -1898068090 -1703948807 -1623919408 -459759767 1484566773 687875884 1846454538 359485781 134960100 391941245 -945229406 971559391 -392795617 -1263899011 
-811883610 1937805105 924987879 -1995356619 -1194284070 -1969079368 623777693 1588087228 -497894312 -607710766 -133614092 -1840447695 1710114432 -253782942 1185643181 1718307566 1370416588 -242387038 -1632576063 -762233368 -143782841 1284143076 491770250 1614525817 524800631 -1595305428 -872912182 400715113 2115852524 -523098062 -1494543191 -1658497083 -1886151844 -1356130898 131214489 777895016 108611329 10860074 -59401506 -554012453 242003877 1559738434 -1421821350 
