108134472 -462335913 -2094610786 -822997242 1355781970 -432749720 -1923987339 -1247720261 -968221163 -10405966 
-1341069507 -160510493 -870051730 6489736 -763961795 -221363089 328635775 1432109454 -1831984156 -1194594275 1812069017 
-1783272508 1001035195 1290088621 2007001630 -1598125732 -1482313285 236899362 -2059588420 1079979852 -8268139 -1062150857 1033495750 -835772376 238746256 1190543931 -731621505 1278407229 -1551346887 1120364969 -1070930941 -585493071 1186933788 
-1857618411 -203326718 -1601783291 623672025 1118392896 1417416840 181546091 1997603661 -1394261586 -416421540 -1120891462 -2001297289 -37253366 -2043005810 1330460543 -1730801369 483405801 -332186996 246293957 -168417096 1104379385 -1924430806 1588324034 1221993451 



-925971113 221509868 -1916148097 361652725 133854566 -2093886700 -687863025 -282852933 824328952 517298343 391044473 353187165 619611642 -481120769 -33366989 -1629701914 206464455 -282826566 681413235 -1825199891 601836321 1319093442 1991047386 1535625264 
1698332358 1806721290 -1238092960 -1188541386 1153691371 1616507497 -1562173462 1768033639 372069406 1846841373 -1585729296 -262989079 -2137474697 -1628942368 -106421103 -316829011 -882560817 -1349824675 -345253779 -128725665 1752341974 956140946 1988608405 1725980326 -1907442432 
493107681 567842256 -1691013471 -1366707235 1283842877 1797978577 -2088013693 949764034 1769486711 -1384497493 -508360080 714995524 -367584534 1749588294 1452637269 348098766 989081961 -1761410639 1953325948 894879871 -455282500 -1486620212 
1308720753 1602793551 -720014602 299059209 -902449497 1216407899 -1002713953 1527486937 423420671 1424667086 1655785818 -1692456095 -555754075 -330620976 -643585494 -1886780477 1257123398 -265728762 1453455468 -996738141 1900086854 467994302 -1840396790 -767918151 -1258408362 

-1913582460 2054357027 -773523719 843467178 1981896875 -1713515821 -1443624253 1567012976 756816932 1441174147 680644155 -498261840 -1057130390 1210210158 121396568 1905220661 556106855 -1825667476 841124658 354919813 -2127498650 560763869 926198070 -851217226 -1483937487 -453872936 
-1199484684 947288865 -1457112874 -432308900 -1871504312 -2121599140 -139645395 -1132638976 -184343857 -2092756038 -1392563932 -869121946 87662294 1190123559 315039702 -810809130 -2103644995 -1459420071 -1685653197 -6956360 45954271 
-302340883 -800898068 125303156 605642017 -2056280428 909371908 2043300471 -1989192839 -1343273821 1617676890 -248119659 -681435667 2044426669 1687833124 -1903518111 914036109 -1189785536 -970896571 904221706 -13774850 -537969945 -906807359 1322577596 183015907 1695863164 -1773414097 -332940955 -2069543638 -923215042 -1248283851 
96795289 421049696 1831967524 -1576335832 -759377944 -1294877350 1010184365 563726224 -1596525933 -443936160 -1217392707 249953055 -1566929821 904274978 1237688667 -188245835 -900961033 874199396 -1930690916 -964780481 -1325560455 414552058 -1826197220 1205767938 -642923743 792319047 
-1125317205 361289640 185214626 -756517723 1567821154 -5466701 -2086530945 1387432681 -1719588709 -938954763 232334565 2059622566 -591471919 -1470666744 1603729073 1209194616 -911693048 253292159 1057595728 -175088624 725771559 539239091 -286069855 -288439441 -1537444278 45890414 -751670042 -1845650097 1245617293 1247964058 -825480560 
513593273 653872613 -1602559544 -523479967 -805103494 -1648198684 -1252185922 576543759 1320800974 -1596322319 -1110508779 -1217379654 975273711 -1883481664 -663561288 296943727 822561735 -584417159 -2086572534 880960121 470522872 1778438639 1370985510 1833634239 2083852880 -348306341 -1369887158 933529216 -1827819954 36816656 1422016175 614512952 -1805006735 
-1527906961 -62956354 -1970672445 -322770511 -2052130891 1317515749 1121899144 2115687542 -1176830151 -365317771 -1459186863 -1997747080 -1896178436 -1671078165 -1842205787 -1962487592 1434410238 488488129 -680295253 2071779828 -1321485671 381495529 -612991786 2105792807 1836570734 -1675737259 -557678898 -64751344 -775406031 432369845 -180912648 1922292103 1685903081 
1326831621 -1764022176 1224248739 -85931706 -1452405915 2051042641 -1083109341 -170215611 162489792 555448665 33915163 -838287201 1199388163 221505435 327459581 1282633174 -894470785 1444229550 735378522 1604559538 356901176 -2082097063 -1678179823 -1080903821 -1126146725 1927482787 -146323006 
281184239 -459684114 846311287 -1705321236 -283174017 -178092790 -2085690118 625583528 -280288756 -304562718 -750268540 -604411162 -537800491 -513574424 1648590350 1564305794 1071852533 -79698816 917099002 -1007047137 1214211415 -746745361 1623416285 354610004 407422026 -69581697 -112052371 642566331 1950033279 658639915 -505482490 -1160195799 1543718916 448064095 -12586191 100487567 115308329 -5262441 824469446 
-1509760307 9819828 -1455894331 1423999111 1703146140 1761934218 -1147642912 -415093732 -93731806 966616846 1707869504 1712461247 -1139364353 -546147756 -650737386 123163277 182823142 277148357 -367229759 800592495 1327735517 516914826 678816142 
-877976760 -47814967 -155617762 1454827968 769414798 -1553289875 -1339819035 -642756430 -916080841 1726617174 344414182 -1547032427 1301670974 1969622075 -1597066833 752963069 -1406913102 1567970934 1913398784 1497061143 389083751 754323952 -939771585 
1133649057 1266824454 -128046098 -1696210699 -764771074 -1706008165 -1937745973 1659441057 -570396791 1173524044 -1728300236 143269748 -1672757056 1661210514 1878323622 -394767314 -1706976146 -1652469147 1611654530 1919867782 

-290117303 -468899483 -865320909 -1142323818 -1570476685 207177828 460481333 510615704 -1140541164 1338718230 -984731590 -709444352 -1798081521 -400133541 -1646171204 1863769320 1417656949 -829754468 -1741305296 -1863971589 -663099551 1957703102 
-482922398 951754037 621657576 1580318609 1426267179 -1973979539 2087528246 2000970713 -1683879527 -644980948 -1422858606 1820283240 -741569701 -421933022 958185674 -1244768593 -1196634730 -1407432114 1381909026 1784670668 514000256 1678802055 659236001 
-843950151 1596615511 785049325 -1860742443 738754256 -1856412255 1332978291 1196460284 2009673038 827759785 643458904 1181163039 -422096775 1170389800 -571085403 23785903 -535522359 1019043821 344222464 178585768 53685049 -15200685 1712856697 
1578910747 822551145 -138683417 -1759036588 -526441104 -975020446 -1418180386 -1384745855 -740744426 -747013638 -1565772863 -1482247054 1989022790 160723349 -1095460422 -770176641 764055032 765897063 286145025 1030567683 -260803681 -560455017 500846178 1460377798 1000568313 

-590733244 1463784765 -1984533765 130805575 -336104250 254616085 -2095402340 -1211255270 2117648798 429157688 -569523631 648125785 -629915342 -1501321346 -1885466948 24041428 504317466 1105445739 1378529482 109336825 -417385806 1916224532 482099234 528995204 1255144801 -1327986869 1762981472 1172727442 -125650470 -1055198215 -6428270 -1028556937 -1635126246 412712669 1220170745 1490324115 916230903 -1238788279 -966790495 
-667497875 1197683396 -1902456584 -1839162690 874848666 857711006 -2099358495 1020208034 -1651449452 -1163884222 -1968557111 -1919087871 343949010 616032425 -1922473159 -734631668 163863544 1183086458 -108512704 582731569 -857495157 -1790244307 -63788865 
264879766 -798744700 -1465947787 -1046420898 348187521 444896956 678359419 475806348 -25685940 943336390 661365308 -1732971704 107858042 -1775216497 -862924658 1563912413 1512969387 2111404865 -280114975 1367771559 418616879 -40932808 
-1098477094 652043471 466843463 -2137395227 -1672120181 -656745110 1581119259 -1192543820 1149527347 -1503782403 848123756 113311882 -346648607 -245191467 -335569082 -1269154004 -357517989 -969448120 -1810931737 -69645488 -2043265343 1583100341 401243297 -579664449 1490060228 
-301610230 184916239 -1434836107 -1065019959 -1795169139 1220397160 -655803966 -1916405414 -794702756 -2011135 419572007 -490698004 1024079470 -753659910 -843700406 1792754951 -2078617832 -141396158 1594235199 1406531497 -1057713231 -1944419449 1974365162 -32258349 
1531083327 -1426592813 -9007730 -1983886850 -290488671 396167068 -39326036 -402803361 2092570546 1762721767 297648169 727445853 837767199 2047802569 -1584353548 -1900164723 -5015490 -315032909 1247325499 919162877 1096727613 578602943 1528402970 -1924160864 1792603829 -235384768 -1045704891 1358477399 809996195 1938718781 1809235282 -214695139 -838054339 
-1875642537 -1374212950 -1673906413 -1232785085 -838403908 100084977 1980213847 1408277995 -372909474 613068773 -1796626380 684849594 1114112683 -654945008 -1413710558 342858456 -1245169336 1495067870 2090030218 197221489 1520897044 -773266241 -1049705088 632132220 69046703 -949564256 -852972661 1677289009 -535092849 -246986112 
-401533283 1696388795 -184582717 547705620 119628914 -427996542 487536578 -1302862751 -580375538 916685221 815686865 -605780900 -291436647 -199557965 -593389560 580548997 -1928241643 -2080009619 -1575227775 -894155036 -184786744 -615677597 1457260240 1909950927 -1030932615 -1694205914 1483366082 589970629 490213557 874971242 1244439856 1974795674 1250451777 619139806 1994037533 
103946371 593123379 1242775524 -1096050387 1441948731 -1361240419 1448917602 -832364135 -1485934818 262817997 1871016266 1389760698 1487864667 -301559853 -1561787173 266979991 
-500438140 -1472836270 -941410911 2091452027 -1873070804 738251076 -1286458093 -2028326747 891923539 1681642107 -1942072322 -582620318 -13157294 1607419231 448554011 -191674433 -717789072 -1639267314 263190669 -1601476591 -1635642596 1847775659 1248327046 1836395312 -991112280 -1019381542 -798586745 -448038023 
-1715898358 -153421640 -1874601807 496670717 -1510271703 627108331 -1296510173 1443468229 -124938497 1482351570 -2134508633 1762012628 1188758406 -328896966 466632895 1835708634 -462803062 283955372 146526084 810512077 -975561192 1408450195 29099016 1556154751 -1330145338 -1280443929 

-2012966147 -350750110 -2134400832 201068786 788495369 777883877 -818604645 465337130 -1033351183 -489428822 -289098537 388252656 -403868270 -2003731071 -468804444 1705111686 670825825 393128772 -268920869 -186851239 -664619416 1770605367 1066438446 2083784753 
-221865611 1050082571 355198170 1040813113 -1330555286 1332478657 496671623 -1285192067 -610804284 -574911222 -544465460 474688519 550461963 -2090348748 758417954 12691849 -1270691115 -1241351681 -15089727 759848579 -249918668 -1449748202 216420116 
-561258226 162460591 -1731876463 612568820 1956305701 -800938975 1256509102 -1699366203 -876764028 208746370 1113440426 292379837 -133001233 237858780 -916244871 820773582 -1470316971 1658762445 138818724 812568804 -2085787395 -471495624 
313480976 721712922 -488377554 869012551 -18622511 607846359 -614903110 417738237 1868246198 1483138730 -2001211701 -1385524114 -1166505101 1807975268 1380092643 -833222705 25095643 1422904059 -790477966 -2013977851 -166880352 1867514020 1484528201 -117219192 -539062569 411554584 -1517466980 -2011177441 

979292615 147709970 287118084 -1691149652 1045233743 1959580364 100246528 -780458390 370176882 -539285884 1814911078 529845953 -1086883745 -1693538158 -672622719 -314757883 -1749411624 -1068664236 -1862550869 1324207986 -578671191 1071735561 -457942910 -970761081 -2121252744 1748519996 -1632155103 978170278 
1495353493 1690772073 1267800444 2120079885 498514572 682799744 -362415717 467492457 -1273532039 1446210518 -1481650837 -256426011 -1316626333 450940100 -359480867 -1600421881 415505872 -177597588 -2042774279 -496378336 1296871253 -1727998988 -229847512 1167592861 1974186148 -132393346 
-1921373801 1733683403 492402019 561998574 -1236132249 1937797699 908317565 1642219645 -480478874 -1098317864 1884532749 -934011280 1484752059 -879785484 -1030954711 503161613 -142321097 -112600893 1580239671 -517442280 1591730720 -1456346109 -570175590 1240842776 -781282237 320508534 1514924566 -1693725345 
-1930124379 871475776 179659184 1946227089 1764216585 -1117631343 40946945 -592075661 252820516 2105225965 1497219767 -900548643 1576535877 95498331 735701931 -828882370 -924405844 265086615 1790790242 -88963323 -1816127260 701550702 -2039099370 642149367 -510711938 
-1832735 -124944250 1275100778 -586963114 1628568080 771169819 1961691353 -658188601 293128675 -406860851 1300608264 -589749879 512432532 662432210 1893988308 -1978901866 -1197796652 -909119654 1379198400 -1187337994 1412979680 433460851 1888931897 -2080900674 -834488219 -1355521489 -801330706 191930120 -1959775042 -2051141073 323552044 47783407 -1658549005 1538684494 -1483926293 -1181694461 
962429214 1652218943 1651876074 -1350865250 -2074186485 1069300042 1144187445 155975103 -1720563472 1254648193 -1932635846 -71083671 -842224789 351164144 -1951753324 1233369077 1845757018 
1426540074 -1172650284 -1740007361 2115657289 -1612481270 -2037615393 -446543917 -2063318676 1224641206 1568302108 122572290 -723617323 -474220785 -1036739929 -1863374097 -2063115076 616250976 -641009675 -1029890532 -346517099 131507324 2018028343 -2074484745 -1978984713 -917123334 
1110812535 -1019409374 1620974968 1258958719 -1539526145 1752476382 1538226511 933828517 2133094651 2063943100 1246434534 -1559514117 1362739984 -1407560290 -1827430619 -62682987 639798392 2037476150 -1324906630 300781662 -1794625009 2004309797 -624396650 1226690590 -513220603 105848999 -1200331562 1323282525 -555781089 1467102457 -1886654856 
-1025537869 1511625252 -165747987 844169995 446425057 2067603827 145462726 1824382656 918388972 913023284 -582861996 -991152473 2066207644 1881554184 2127615691 -1681845554 1161443850 -481728131 -1873723145 -47065810 634856569 527646227 1648038084 1908050209 -1923899927 -1893488764 -1859035805 
-1662524603 -1850286896 1862952315 -1022083828 1667271435 182916485 -235220771 -1580761281 904697544 -2016600954 -1859578607 -1367568341 986448461 710350718 1021414682 912220822 -1417207945 -1982440778 -383840746 -1486176587 1736300121 -1967469635 -780609352 -350056349 -2095185262 
325751961 -216195920 -1036018001 1426727192 -2027747308 808045825 1899506175 98843344 -1934350475 -2013706318 1195967837 287044203 1723714794 -501425430 -1586993367 357525603 -1054694091 1342879850 1303138726 767726363 -2099072323 36875318 -2091043137 1013524020 -809274264 -1166074047 -1250708739 -1187302217 -917352098 1853790140 567955617 -129151075 -701885662 
1489724010 1152868683 1487436080 -1070461676 -1710859041 -175731967 1785170252 168974443 270177185 1897754229 258633216 -1735460857 1825052711 -1994370700 -1488862346 -1859745593 752587723 -1943424694 17298565 -344863280 -1639384060 -1153979158 -1661620179 697503057 114352898 -1642573226 -2015571932 1959585758 2100175749 -1429766649 479418703 
-1588458152 -1908153205 943474436 1325244025 2127557331 614642661 -314042796 -368120476 760810675 -851614548 -316918661 -1174178013 -1217790717 -1232348255 638914058 -695774109 -317585331 568730850 -372771006 -911066426 -654042603 1338887143 2017486395 -789044249 
1238021549 -1183804547 1629485102 -659902559 -423657648 304289713 -1792205612 -1985453093 1828916734 -1657903580 386488644 -6664527 -1145067815 -850876366 1535828511 -1125611832 -1144627959 1974691184 1590155276 -1399072751 
1414267233 -2021632783 328034721 2045854632 544708294 36180021 1291361050 -38180442 -2033054552 1672209843 1450742332 -1024073167 -272909101 606991400 
-1293493697 -1161635346 -636350337 696438099 -1730391927 -1279579132 1617680853 1257700791 -1238029931 1592401883 -989769175 44326854 538557980 -196770255 -507955543 -93130766 2098514437 2128064286 -332774470 -712470608 -452238084 -1653579603 
367839527 632570535 1954912320 -64411326 -543799686 93408245 -2031422763 -578786049 -613604318 367945935 727188349 -477374120 1938397941 1170113925 -87139616 -1694308533 -1728870514 -1582318946 -1712618054 -2031788196 228374995 -1715053031 357948057 210508264 
-182765995 -1975973142 -203210986 1631337421 654041685 -1751874873 1701179004 -1138301464 1018465786 -283858113 -833936748 -1772950862 -740817632 2037489008 403041469 -1249436281 -24797156 -363916302 2045201000 1814455629 1464988567 -1756009205 -960592145 -1370402251 
-832362258 -1846344818 -291012875 -255647100 -1435825223 1814406523 588330647 -804685994 -1261786797 -844404973 -1971772516 455224498 1673791449 1642271432 1793270239 1803193580 -1956064879 -1448318657 854707463 436202997 -1657477106 1040687126 1928679890 1168732112 1781902812 306617258 512453038 803169307 1267199910 

764843318 -574346225 1587854324 1410352910 767900138 -1485991165 1873496353 -69145450 513902008 -966252172 180606481 -2063297934 -595970237 251422837 -374913040 295413334 1262748281 -1068356643 -148462879 530904114 1092203235 111699929 1554193333 1856705530 
-1739080959 -1912818767 982045301 2048999979 -1782094930 666362473 1268914314 -406629316 -1335693521 1508689687 -474352217 -150577853 -59312630 1090885490 1818784494 81289548 -1853639791 -1902390890 -1890816852 684634342 1803709067 
-2031303267 -1079984879 1438369915 -1688602424 -1557837728 1850604779 -89172738 1368914912 1054745259 1200311687 300095357 137466967 1406216037 -803546967 -1135979643 241265222 1968639867 1047138624 -777986867 586106946 -959064674 -1315032275 959532827 -410590131 -1439392264 -501612138 -296026193 2038589399 250331898 210858629 2019649608 -1276142811 614310980 1720506993 2122805296 -1042516387 1452005161 -1584604097 1529061463 291619535 -855858060 1695875010 -243669142 
632433311 -1074575881 -1074070487 368729425 -1696314929 12850949 716507413 105656625 797341363 -1354302604 524379803 1770457184 1082387766 -789113301 -1679417451 946587017 -1581120831 -982501928 883967425 -1802380785 -1822559635 -2119144236 8742574 -1013611005 383378989 1267476034 -1844766074 865910735 
-1827489011 -299783931 -287544258 273354122 1741031490 805915770 -1061372548 -1515421068 1275155498 -1446708107 -1191900424 -1324741341 2085289806 -3413914 -1106784616 422697972 1609500082 1421530984 866886526 399577482 1456965825 1995694092 -1262022843 389798602 1694259350 
-1634843607 1798384239 -759505368 -470180095 1579007044 -779216206 1046393240 -519458024 -539394977 -588273101 1840932188 1403716548 1782123504 373136935 -503851762 -1980931864 142908592 453143782 247589156 -1996921863 -1102158273 -497267350 1840913070 1562200066 -577180313 1370770892 -2132875901 2060073619 2144217720 2110202266 
-1062471867 330186702 652357126 62288816 -1441510178 918407541 -1488771309 1401596996 771802782 1909106252 2044234190 1979749869 1459506027 -1787669588 -662572972 -1292421188 1970851995 -217902773 -997418750 -1332892049 -561484712 
-1784014427 -1766832729 -582861637 -802131172 1595547062 -1735408162 -1385788961 1598060838 -1038759889 -1715665416 -565784072 571037048 -449987068 2064842708 1269606275 1058051846 -70938136 1680082127 792144305 2065132199 1969265511 750106832 -526993456 627680450 
-2122147249 2031542893 1783695588 1471934441 862229504 -255886615 -862869075 -550960409 311648868 -1134203512 1726446329 2035790792 109629185 1488791700 1324847465 2059580178 -1716761669 -1765876316 -313298529 -994053301 2116921324 -21146071 -284265607 
1920628365 -485563601 1915162487 -761429083 1323196252 2076173400 -442221237 893475108 -373968974 2132402709 62422558 -1275935442 -1557717645 1436399299 -330136963 465929386 -642763512 415986442 -1592928239 -1170833496 1523505360 1887891794 -577227414 
-1843567416 -1994536104 905457736 -1863530309 -968664042 1323990107 -1619308279 741192993 -1423186929 -779969079 -1925665653 -536081199 648878688 182609944 -198716574 1462598282 -1849052439 
-2075386789 -607150608 -1005660587 -2146048433 -1478223869 205911944 1221061980 739153111 -1191881440 1812617710 1028468 -513268563 -449107559 1385057704 -1104461294 1774237158 -322995976 1256084067 257196561 361225868 616313002 471918031 -321230526 -1768150790 -1547065522 -2117818553 335929241 609019449 -307516229 
92601387 652959808 -1385916866 -1433328393 -2011791762 -1459380305 -1663557727 -1144361166 1956801970 887657039 -1796049394 774162079 -2056516020 -1087303375 -1282023883 728893955 -1353279267 2035164675 1689191452 -1600857164 -322960134 -1613610680 1988061160 116076838 -2004421681 
-1226990594 1244650934 -966120117 1851357797 114587011 1517109955 1416063490 1070789363 -2143152553 1843700097 1496146920 1019137566 152837294 747436062 1195974947 -767040762 -323066814 1091113349 1649005229 657613340 607272872 55284409 -492622800 -1531449744 
719314573 -213080442 -791372270 444388808 1709888746 575095632 773468758 580313508 -277921501 1793240873 -738019836 788842482 333370567 -451267185 429009905 -1501651345 -1944452136 -34845556 

861404619 -1988619318 -1680658892 -1391447855 -1890508625 -1011039132 -1366430229 1483642422 886625525 -108584263 -546868955 2115620089 -1081978795 -762552511 1711329596 1850118719 -1597455263 1886702689 514169057 1871574747 1665316153 1927064815 308225397 349024278 
431997953 528276219 -565374033 1435312638 -1868459445 -1815619412 1301940410 -467682096 1327524087 1280529208 670254427 269970516 -1136723767 1880820248 -1261394662 1278566970 -2026315205 -1338119444 1800611912 -1121488835 -1334736841 -627957524 -1270034640 1581561335 -1650928447 
-2071304994 426152732 -1553672311 -1793146184 648601324 512678317 -1491520885 -647642741 895692478 -886936669 188684840 -1632726955 -182204554 1675708440 -1688806299 -289885832 306506686 1727029231 1686389411 -1648040712 766669499 -1255222939 -2099757352 
357450326 966148143 1094700244 113513818 1957373438 2035135791 974442087 -2070185039 1578354688 1797544917 -1513599422 -1827514679 1788040120 -1556954903 -949231102 1894699904 1482368216 1669716644 -1873338537 2113573995 1881093403 1621005103 817971078 735011619 -1497412134 

-525953558 -1656616410 -1867089349 -1412114626 564807835 1685693569 632032893 1526992792 1979553289 
1658448780 1090100099 275479633 -1209297639 -6734820 620649781 -814080894 -449842344 1987437780 -1763447403 1377429740 -776324565 -345403410 -1083483776 1001533782 -970845523 1492284621 -118649026 1263583526 -2093112470 -461918301 1163839642 1904811627 -407273669 1740474698 -1646409909 -997559702 1487110813 2141519268 -1890448743 114710076 -120509555 -1194709850 -1793154848 -1642379784 -1222478695 1598279266 271670285 -1354261023 -1222457485 2030374724 1308626268 -1909798104 -1532374404 -814032086 -862918386 -1322040460 405132409 
-31138302 1186700349 4311391 1751219941 -295126929 1520718207 795573673 -1641537171 1039109935 340513504 655698381 -665141324 -641623280 -618022203 2036079601 1377846527 -967885180 1147677496 -59159554 -1827331216 417434482 -272934293 -1308779615 -1459832696 -1563421837 -1288164492 -1096355170 -709313060 -1618161493 255385996 -446259833 -244187304 -715007848 -829441985 1966864805 438814182 1389943651 1027275173 335951643 -980908575 695627754 -389648711 732038154 709505483 -285790696 365091524 -774805790 1634590981 836232981 763088066 -641420914 -533421006 -1982016898 1385695614 -689113786 -1354086840 
852480684 47897755 1732380256 1561113813 -1275054877 1812325326 1184785974 1310480231 -1820722057 -1574006980 -797033996 449655863 1705434895 -1158969857 -2138208083 -673325218 844890333 2061058222 944093242 -548682964 2088636879 -1907395419 127999086 829624725 -1566770308 -2097053691 -1679382217 1092747706 -1971886252 -85343535 1761598609 -1121573742 -394935597 -242905495 -219388730 559690389 472091724 -950674333 352375713 -558789324 -994778027 -49802111 -1092179847 
