-23279597 1264393623 227534861 73421910 -1618156816 1409560911 -423138455 -2135621585 -144299689 1997134838 
2051307973 -1454927200 1267286596 1252616577 481860806 -706230119 -400840908 935876734 340329552 838477349 1616106551 
1024708292 1871623007 -2138577374 1727905734 1273026542 -1334846643 1701705716 -46775268 167945201 -1202391218 141680582 -2132146737 -1986823217 1339726686 -310835870 1436629719 -1210334909 -1252956897 1855292366 -606686397 -1588259925 140650687 
-1923486663 -2067879179 -662883754 2001202634 -2128402746 -1791099277 436646934 1618680614 -200375632 -1709131919 -516689175 1538167096 -1067970692 1554199519 -720679444 1406170219 -265641293 -128481633 -2133282609 -1565707653 45870657 1704721935 -2107849036 -485580510 



253809973 -1384637777 2085991688 -251504966 1340184043 268888242 -1895652006 647551596 1043272246 -1528970071 -1609124730 925326415 2029800228 -1873132455 1116478046 1495456850 -681441395 1890594289 -484059483 -2008136818 -824393457 1966370189 -227539456 879270980 
-1587578450 -252129568 -285816742 1695704826 -182014909 -1567089780 1819533471 1199498352 -1393828599 1297123378 -584921779 -554265405 986806388 1048481347 -75688512 -1552571975 -1487208602 -1921992760 580307111 -1022706591 273046156 363413129 -1267929082 1481051637 761220906 
-1674558545 1308008768 -1420646950 732769386 853390269 183183478 -1051948290 -437704316 -1481079950 1966508548 1875377931 -1405469579 -1108017065 138346776 -1917541116 -1324875328 -1594228629 -324192290 -250479352 361730608 -1150740163 -526737602 
-961387304 50309749 330082530 673204915 -1605642698 1283657157 -263592102 226075152 -765341443 -1744572928 -1352371953 1955464224 2020937596 -690268452 29633271 -2047504054 -1751491013 155956037 -1585114458 -1883994830 1466215502 2144750112 -492532346 674326221 1948873494 

1886313119 1327394967 10125111 -983959474 730483550 -998258601 -381735298 -1406153922 843028520 352044224 2056911177 1132762918 326402542 225140839 -350172788 1452981042 1049763600 1936692927 -2102399148 723355295 -557423298 1181722132 717658861 -1879841844 -1901831263 1923535719 
85069095 -1306217 155455330 -1843545603 304968848 -369015494 1880611949 462174741 -2024959578 -632314987 -742001722 -34371745 -587320813 -1544585576 917461303 -1735979234 695234431 908654362 -1984990727 -327736485 1750146690 
872452723 1128458068 -258074990 -1224816712 87859049 1055682782 -382430717 -1200198849 284745983 -358895881 1456080402 -1632145033 1558775103 1246243506 1929824506 971423460 1992573854 -1423304372 -1233109352 -966209089 2018084963 -1473318855 -1403596724 -2067993448 386779123 1288165824 2109770921 -698868259 287377133 573379493 
1815789129 878409851 1136886748 -101184178 -1540375139 -973253369 1126526989 -1883457741 -560057697 924821757 650174810 509043200 -1777802373 706081917 1183273930 -986387907 -1126222578 -733745477 119083475 -634484084 -118507658 38793640 1338894080 -840188001 730338952 -2007758177 
1908141082 660097968 938291516 -1961926015 -865931791 -555935248 1964108589 -1026233929 1483670635 1609444537 1663159296 -435108767 73910396 124342540 752381516 -2113813276 -548059542 -1284725205 922069178 1122605339 -475138776 100401711 -1062629703 -1010769989 -1635873936 994170908 231891292 -1901456258 1290562903 -827414500 580599090 
-986575761 -1841696946 -872930076 380566944 -1742693672 -477307833 1110952888 1096557 343446578 -769399497 1416531314 1777927506 75671092 -1448482083 1270445989 -300298202 -1969053097 1814769790 -1731086549 2107930655 1719362448 689497648 474003327 244691254 1573946579 1845881849 1531347746 141330042 1206102023 530083874 -2096610075 -188480979 -1644365712 
1020305966 -1871115249 -1685146571 -56365995 -813750656 1909450303 -80914231 -1727416042 -674088064 310461474 428575818 -1551700292 662878966 -1797568364 -804407710 -722401751 -2002925629 1624256091 -1212844905 -807195149 -311214753 -2039888860 -1196770237 -1992361724 -804472087 1612103345 1738060718 -172971169 -117247810 -1917260657 -281028397 -1019967156 348902075 
-1185348516 1552301700 -687779838 1425416371 165982023 -1972752380 -1439312717 -1250715846 1805593386 -523566899 -517346695 -833379348 -1590289097 -1874977765 -1402593649 -1519926931 1610017883 -715222029 -1656113508 309401883 229863249 846257227 -1248621690 -1460214750 1404470584 101847606 378428781 
-34315382 -402449677 -1270883316 -187423407 -1703677791 959725639 -209039302 1588777921 673470017 569633805 637522491 527853745 -549147348 1130622541 -745632302 662333845 119717023 -96728556 -176309119 -1842878864 1495133285 755763664 1333127296 -1104503244 1122618152 323063419 1302038833 728932183 -1394045183 -259683383 -138529866 -1807392141 -299443283 -16950569 1657981672 1022670658 -1375183046 288838283 2064957283 
-419019469 1699491846 38529772 361174218 2062762378 436182828 -868227248 1851563786 90407047 -2055956543 171734286 -967706516 1680533250 -1784104599 33486461 -629446368 714500672 -974019163 -835623305 -743213575 905948968 176179025 1852926644 
-738782874 -513025250 -2136998392 -505140702 -70301818 594469348 398015201 -762250777 397289323 1793021203 1582984695 178096627 -937235830 795096214 1209393770 86651224 120930187 -1329416817 1848010041 -2093647058 1012727808 -1118546528 582913300 
2111457886 1721957302 -478896418 -420220256 -89402514 1019244245 -1522570771 -91168579 -785949839 -321573726 -1622748 -183827948 23855375 -2084738635 1518141030 -1801348317 -1058784991 242758777 561619434 1031772779 

1234047805 -1985304784 2129868484 1542081879 -128793160 1801179842 -1318721830 -213389457 -1767471849 1959239882 245105787 -581071636 1203111588 -320963919 1002793692 1926057444 2046242694 49515528 695839386 -1260673463 927364027 -210149507 
-261207356 1511176354 1277323 1640054598 1683810022 -389984456 364536451 -390631337 -1674921970 -53832227 1162439883 349410848 1931372830 -284501763 986990845 706826259 890070059 -453669427 2120336637 1571514207 -248610954 1011201521 313082111 
-1998076862 -354146821 -907725690 1669939919 324080939 127625614 1237976095 -1433303152 -1990782740 185293619 146511179 326439181 2072266781 -1309528685 1979120725 -453703342 610107226 -316407298 851584050 1964238182 -2107940076 1838817284 -26537201 
761675683 212732621 -1938955485 -1221450914 -698447005 -1602455198 831444617 -1720528731 -2101575952 1615499038 1741211222 122175968 119114865 -614829560 -1499941329 -517482396 -249490612 1048451313 -1063384006 -725780655 1989764582 -1910506502 -1167590056 -671474857 574620140 

-242037834 1463075948 872364803 -337880279 355590791 -768422629 1268623590 2114897434 986434114 1362261678 2093041281 1200306620 158588325 330880873 -1063868997 1926982736 -697396841 222976784 -1128120814 1605555548 1941466796 1976487554 -572696916 -543846743 2095365733 1163743359 1910369267 1833500648 1141328110 -1949090439 89457538 1199793593 2101401118 109846821 164027906 -1278324755 1671632951 1236197691 -485572221 
1792337540 -1934631469 -1258386236 1459681422 60761371 -335993153 1346561529 1116899688 466027126 -1918793334 -2023700096 -1007163560 2009438036 1743048267 -1402596067 1722348442 -1404503929 -525224194 -1537626553 -1907742762 1482587609 -2014250368 1423201175 
1969150533 475365491 1218181953 1383810466 -1113319369 1524861403 1568751947 498149657 1195228984 1165120085 -1983587009 2037385981 -624691641 -1846766902 67941587 1249906091 233957657 -1677225558 -1256123914 157732456 -1535044613 1043967137 
-1697338945 1639189644 -740718511 -1014937159 2105944664 -1140925349 569426988 1528329107 -1799256444 1731815689 -885676701 510464663 229483326 137826057 2046956144 813078521 -1353790391 765098089 -1057533302 -1207590232 -1804270967 287385871 -366255200 1832056940 1420921995 
-6160582 -865870786 1625200278 606389388 -849605420 251841877 1283495645 -928885776 2124241870 -2113385323 -1667097390 -1865956593 -1550445233 1927026207 292261897 1114963533 866141165 -2051534016 185788628 -1327622487 1050303321 -3796095 -1277932660 40390456 
-60046314 1418702010 1254362976 -1024199034 1772786516 -2088688724 -227493981 -2091421508 786106868 -2060103638 -264712517 -1041754032 1546067799 -313984386 497500066 624378116 133683696 -1982684317 274650981 552246016 -104340622 1317795537 -682328454 269044811 -1105706819 880796531 160708658 -1082222925 854065088 -253140518 -1278332086 -1708216585 1470638175 
-602140054 -1431593041 -452413453 -559592808 85040487 548744041 809819034 981480993 80423079 -1818210869 -1162566889 517431653 -2023698276 912792107 -1745475342 1106014597 -594253367 -1343445114 163264682 -1675734824 -128988270 556389877 1785197157 197423454 -1311015403 -155945085 -78422084 -1366522413 1880318203 -1622391727 
-835657187 389474984 -961717187 825563742 920109573 -710097072 1711648770 -1443707917 -872355021 1110117294 -1994656589 1680759013 32230267 -1192802851 1035104935 -1103288203 342156236 744045554 1176620513 -1657504895 -173498217 1200012417 1285598429 1693336972 -1336918849 159221649 -506975192 1361001418 1931317748 1977643786 -1791781677 -2032209900 -514439655 1984264302 -58096219 
755378460 1085089857 -2090811275 -465760627 -724506055 1774027813 -170140033 858400304 930977098 -1592721569 -1417812677 1478176214 158462199 -1881763582 -667718077 -746508381 
1678051942 -1005699571 -1579953984 -1719985084 346192165 1933644282 1802749401 1978404710 1188728810 -1473944148 1072319640 924546590 1330727348 -1240977223 -2060886432 1751512057 1805852068 1673939483 1499954765 -1490568152 -1350686826 247538535 -1575256248 -1115815291 -308559098 1406370298 -1045334608 1778859202 
-1808436837 336954534 367616143 514157346 1413797387 -595726187 742377486 -1413919014 697777970 1969434211 97592847 915409509 1673045868 1086575310 -1222621810 -1978095457 -1791308829 -547597965 876758521 -1516150368 -2078213712 -1810101507 -1653634031 -677349843 327275007 -19849144 

-182615010 -140528957 -1610870016 -250037032 -976689276 -880009254 -290703601 1863134807 -54224439 -14179483 -584842563 -284547171 -1628558059 -1855129157 -1061210262 -462235494 509300165 1352269339 1623849550 -940771618 53123991 328135869 -1047428689 -1891726789 
2010903485 1400758024 1658303230 -1087586189 -1456347063 -1396273947 -91325210 -2053413891 -52295008 -2037307624 828955187 554031950 -8512979 -1484633384 436353393 -9158037 -884227366 536956574 1766764502 -1584421862 762176858 -1858501248 1208033654 
1370111018 924151643 679897618 -1798348861 -105268872 1537568653 1922174461 -818153324 -509944005 84966857 -1923435922 -1777078532 1606823459 1400110956 -304625133 -1538026850 -1121934539 -564661624 1783105601 -1091190535 -536205890 -79695668 
513759674 -696441676 511097801 -1599824355 -96067364 1008633095 -1442863614 876297366 -693257253 -1131822482 -425000146 -773691234 845336979 -2052343325 485628596 602056224 2105527617 1101221684 75993125 665445859 133081261 -607585366 -1093694617 34178301 1762310945 223325922 -786549157 -981553566 

-936899800 1911663582 1323873321 443811727 -7346058 1653470407 -1503679855 -1896472800 -1260497521 -808642913 -710283625 -817764208 1402875905 2048780847 1466480816 -1389964406 1321689241 450259794 -375981249 262941112 882520285 -867891372 -1116790390 822372375 1401014164 1883446931 1628674405 -455694949 
-546813427 916603732 1064842963 -1903670831 2054985651 853065773 1338157272 1824056563 -1810777744 719538922 373513630 -2033561613 1765816435 883273288 2105973180 -648080398 1451155481 460084307 286429058 -110440463 751912374 -255001982 2087466878 -788154360 161559308 725958182 
-885378771 -1014270 -1020832573 -1646709365 571110829 -640553557 -442096941 -1092752235 -1784453784 -1476687552 -453848357 -1119453628 1881220211 1378356355 51221178 -344240509 -760652151 -1687132923 1294644401 -248028134 -411019331 -723307224 1438483474 -346042736 637356764 133964366 823938578 1300578155 
-679312518 -823197005 -59968733 -1392469146 -1518755729 563391643 2029519416 228518524 2074323335 2047233572 973105250 1272586240 722418230 -1378495005 -1911294658 -1796765912 -1610671868 1721225797 -944678373 -1045066729 53894686 543079885 1096730115 -477689922 348008351 
1024727662 1880833813 1735467618 1988994366 -225424845 1639794097 903824933 1874968557 1696961880 210213100 -325174829 412126508 189761979 390851793 1494665885 2064670688 -812314142 252961823 1166380761 1485826958 1034755949 -37829848 1533794008 903058768 903706495 -1115026454 -1352324212 -1923723569 529844524 1163518375 -1556012481 2095951505 -1062264185 570874301 1392065307 -1759393653 
-1142531251 -683951284 605513220 1198687466 753320481 2143775054 1034011598 1054745009 -308676932 -1762373963 1558449187 -494077354 884471907 -877140515 1639431840 -1396153029 -2083384307 
1621234077 125346517 -1080334072 957286409 1100850460 249750952 -1410970460 -1459797951 1343213322 -454284493 915193996 -445975542 -1342783170 -612180217 -218381431 1768491071 848042401 -549960771 365463264 -827193869 2112399995 1216177919 1458042713 -1612129903 -1032464176 
-864249714 -131365869 -607968094 -1076343799 -2130492473 -1651233430 24251762 1891003703 2090499688 551785309 -1664766603 -393916455 2015284261 -1545687336 2060440214 228889025 1578775134 204728745 -1803973479 -977083756 1310520821 -1406449965 -1781481915 -1744201551 -208881503 -76784092 -586519988 -2128096662 1478739146 -159144875 630150118 
-700279298 -2032449054 -2120393457 -2144927232 1313839990 1552402501 913413422 196667403 582492683 70719949 2110971901 1348415079 1233594879 -1766677235 368900056 -2097971485 36085761 -1432673312 -18873720 269118647 -889270438 -575911113 -1200116191 -54170571 -1351596661 1276247255 1141218011 
943273259 467359969 -660990874 453056164 1268816295 -973880409 741448026 1828542948 -1066234215 197192389 -2067533555 1139514673 -2081209575 -1734244197 662667884 1932791708 -566204643 1588629837 1895012161 1835919789 -1184875150 -1857504861 -1297176844 -1254335842 -775135918 
1817414735 -96606794 -1152773546 2139142929 685176067 1827232383 -1262173725 2064598895 -1827809970 -2037773679 -1772856490 -539879670 -1501291330 1956240599 -1499866781 -1588268139 1383194719 828860263 2080634540 1219516809 -651914484 1784809892 461367295 -1927873979 -101723156 -1610326813 -344490677 -746502908 1796992413 305536894 1475135843 -764434500 -640036015 
-1185380110 479680221 577765791 1185507726 -825582663 -403879064 -257456268 -837300060 -808198082 1497352457 6111172 -1115059812 -943126016 -1682006283 -1180700312 -886788444 1646576042 597495276 -538705697 -869976974 1736195138 1625757460 1243321852 -819043074 -119065178 -803027591 1352068370 -573994908 15120594 1524075612 -1171794531 
980676365 -816888810 -590751063 -2083115600 -324916655 -613047448 895461013 -1826045818 456795667 -450861861 444455239 81902784 -1250989491 -1782507737 -360784250 -2025222004 1794251034 -796670619 -1327238022 -636959508 -63764060 -854792258 475809764 -598499725 
-1821720915 646959645 535173492 1595452496 -1941085970 997949021 -1284551410 2049834194 -735599762 -1718423571 -1515456563 1265481890 -1278960112 186953202 -1474089346 -1819827528 1228374674 -59590631 -622118399 -2142807302 
1991267206 -259883717 -1098958066 1835944301 1713608154 850597821 -356877746 1849799052 -1660703987 -1159324688 -2120349249 -523014060 -1328382612 -1258974316 
-2041635577 454501839 170884840 1843860144 -67292932 -817728497 1769502682 -1174106448 -1739492918 319487277 -2091457740 -1560401700 -2131741543 -364331460 -1779505788 1153090115 -961488596 -610268247 638600071 -423715221 1522527275 -615321277 
-1743974769 1331324928 86061313 -813914390 1458336213 23023048 1480651510 268459557 266093170 220540559 -710119272 -1516369829 -599902749 -1635383759 65723511 758058100 1270959735 -1018754938 1476528025 1212002521 786173870 -1803099011 -977667384 1900180813 
-235591836 174505466 -210909134 168420131 -942243638 529111513 1348891835 476494420 -538509285 1651279977 983649628 -1164704688 1465683539 -1052312977 -2118547046 1272083427 1969345364 -497882484 -1548213271 -1793699070 1581792766 441483698 1292655658 -1823936981 
-1567702101 1980856153 -769463467 -2030866377 -1727140062 -32257738 1580782906 106900136 422532576 -1930073894 2069980478 -711909697 134722918 923553829 -494412352 1363497832 -223828128 1392062612 1656136598 -1116677955 643234017 -321573418 1281768261 -149501650 -172359082 -1880316823 -2092870122 1051197658 232168440 

1644992765 -169203323 -906840661 1744374946 260094407 1126251845 -317108730 -606652589 -868470274 1031000985 928977000 7114767 92813158 1972706803 1158809231 -1482703259 1547071569 385003041 297318897 568432501 973020284 87681391 -1221795717 -1058237648 
698150329 328823305 363940326 -53297470 -391403963 1523997193 1486635223 -1176063419 -1736436814 -1861529699 -1994505388 -1711419562 678030209 -128209418 -415364276 -179477943 -62151249 407582522 -157658968 402659107 1584717574 
1258728568 -1692720603 248244625 -1351589046 -201799273 935023832 -1751901605 -1170339191 1791650550 288650526 2025193520 -1820415497 -1398566888 -1243692827 1800072978 -156841825 1483656338 1975479735 396639779 -241010269 1765744225 131009560 551182976 -1515449843 1326225856 -164354050 2041237539 -4990275 687995800 -658314818 -480570097 467127261 -388892056 1842292655 -2077960006 -498251679 1798940238 1400498107 -2029054230 -1459037870 708325654 828935655 407752892 
-526768297 551349306 578218905 1217175826 744778077 34955264 -641538485 1008937184 -1563485629 -1293450534 1956360818 -362434077 964833712 1882470937 -306998964 -901209759 -1065416762 2143831211 1537656050 1705435839 -182070575 1331379629 1472641347 -1998029602 -1740823782 1902907309 1213573361 -758650385 
-2011736597 -1293025948 -1522483583 -859159683 1715485440 883932214 1580096773 -1981345997 -2031326536 -476960938 647973381 2065294956 -738782769 709022420 -684690333 -1167446811 -170565621 1233277461 737941462 1368971308 -960407539 1615134987 -1242458112 -480311487 -1614912961 
-25648169 -1041046493 -634124206 138322190 -1020770229 -1830406905 -1489724729 1347959110 1415262206 -2048042592 1412926114 2128952761 1000487615 1742245090 1856526028 551170450 1494497952 1660317686 714804794 299054987 -1632250538 -623855521 805297701 1871625876 1128298496 1249313386 1142966524 -16019939 740308765 -1343278754 
2028660630 1249728297 -1097020595 1182703960 -1757536168 1603356639 -692967308 -1208257847 -1968846888 230915287 1113450924 -1787213334 -250502218 -787312757 -1184847868 -945170073 -248003864 -1234262366 -153355535 -646637988 -875583903 
-1055517797 -350897760 31031619 2145805596 -219592570 859564518 -950450063 1718653553 -1579389873 1519170405 88935344 104340093 1246566031 1191209374 749808587 210807462 1701264646 2059590313 1553976158 1646299316 -869538320 380441591 -1796466880 -1564583184 
-145165876 1338445904 -445014608 -852508518 -1700647616 233113930 1362449614 414253769 312354071 -621658360 -1035792021 1675554344 1220820209 212830567 675648027 1478636349 -1139599248 -53318077 -807620889 -279685345 2008585462 1087138017 2110775027 
-1539117915 -543714758 -1571615029 -2028339577 -348608026 1427198128 1329739490 1399579434 587683293 155352355 2045484528 -1476140683 -1703429433 -1657358687 -846191489 522210285 1992479489 -123244470 2095019660 186850969 -1090105475 -1930126632 -852620438 
367928971 -473006690 -664732414 1339565226 2069194706 839336608 -1115866126 658764683 855649048 2066964522 944773366 -580597748 -1997593262 720008514 1047701716 1237551064 -161506616 
680785961 -2059115062 -1809297457 -584331733 2103328604 1640608268 -2108864973 -1873783469 1322062892 -1661077249 1639971242 -1288783635 1999557705 -1785224705 646691493 -256454644 -737575580 1237042354 -626155948 -1038716473 1349307860 1478298169 -2064756638 -64374523 457313869 -456701431 -20070963 300204040 1366609386 
-895493873 1005450134 -91184230 1852025512 464598268 -1322967606 -348307240 -340601742 -1478087260 1900389867 762500406 -912913126 -667982871 1225712914 1346132380 54162531 1801745638 1707651137 1582774600 -849592582 -1764796500 -1709861877 854128838 -1869693760 1181778046 
230758488 534268351 -628485798 216956924 1862323025 -335358215 -1825363068 420204422 -1459670252 1850548294 4686858 -626343088 -1142817692 1261378540 115357677 68588961 -788160746 1462395244 1906072089 700259366 -1171678610 -138026113 779397126 1392390790 
385526461 1350334972 -1388413280 -2039487379 -1190154197 -1077801028 285152310 1798867124 373950817 -199376425 1604061816 -198983938 -1411871730 -527063336 1987552811 673079698 -736126255 -460728243 

1281124992 991178165 1723912638 1273305086 184949701 -1980309560 1596377576 -1150239012 970001069 -1320266110 177876816 1751816616 -1863541498 -414835633 -432593871 74151363 -300884394 1292624841 1449300090 -712736319 846322540 -542065337 -405205300 1886662436 
-893920504 -1562122568 1969279865 1177540662 375704172 671522225 -1345569817 -1593563352 2038773892 -1903971264 1737458737 -1636714271 1393781593 -414800397 318375411 603504346 1766942229 -1461580535 1365305701 477175689 1020194729 -995270862 1031615464 2074250988 -1877553944 
1528698676 -685386839 2093170019 -698926330 -148830220 1906986191 1486862725 67550555 1367116001 664866940 -1213423814 -624433710 -1634965215 -901721350 2103707894 -2098954581 1312095672 -2137929203 727229888 1910507026 1878711606 1831940871 496001618 
-333383602 -536808611 -952191508 -985041041 549442022 1166487305 530566225 -310648229 124817731 1285516905 1179384281 58908418 -227188016 1936720137 -686811056 -2137997518 -1361763771 331223869 -1050272118 1949394898 619886073 -605893357 -1226710729 123618049 -1739151736 

-889525323 -695502284 -1328538927 -532225979 -1689251823 -460742303 -125643246 -1998335723 -1209033597 
335469359 -1341188662 -1623906243 -816131315 -1070634695 -1311815961 -1357559383 2037983786 1093434320 -1342438150 -108881032 1790228549 1520243549 -1455051793 1103956446 1169008464 403453254 -399505817 1905626850 1081719020 1957070692 1473646886 1139538846 -1104045257 332022370 -1442610413 -1069537365 1910268797 -277498702 -1577428319 2073568028 551565906 146876242 -1828011580 -623879186 825591776 1482973252 613680587 1087169610 -1493769758 -250754081 -61004833 -1732295660 1573439096 642642926 1991057769 -1003515282 959911560 
-1203170272 -546780490 1872323247 -741326922 1367518490 587166534 -731734868 1001421625 -667954997 -11207323 888855049 1822515062 717683874 -698192191 -179266704 405070479 1195622407 1144308201 934831570 -1828940736 -1190613782 42148286 -768995221 1513641865 -1850783706 -611540442 1250934896 -2479858 1890826088 -24648682 -1341177057 -1528883016 -201985985 -538156789 -1946562681 -1404674327 -892281591 -2122252249 -1935645058 -2068040884 -163857181 -6321561 -805872232 1159598695 492326104 751407072 15604606 660694396 1445814585 -659117049 -1846295945 1975467108 425847394 -1095147555 -695960098 1269008294 
80960720 -2031432581 1041669113 788371180 2132636563 1883950509 2039087658 1400185033 -1663473054 773707755 1923008799 -1477502214 -356754614 -225056579 405608856 1006155098 -48916499 578369664 -1826562898 912338633 414692811 2068017604 1289351351 1690123954 -1571346708 -1385335037 -1463639520 1158204548 -1558476058 1364781767 -1510832603 2069287200 -221693597 1427354754 332297975 -1648355791 79862495 1442896564 990050238 -1799002679 -328095418 -105609440 70720322 
