1937033756 1316814538 908918745 1033038585 2002254280 -442146712 -420930147 851052745 -1302935437 -1753006010 
884312362 1020922282 1751192754 -1866863902 2001067765 -1155550410 -1606143510 -1567407442 -647356098 1208450720 802777513 
-1096456521 218696878 2081731527 1161183123 -1435170022 1426707746 490706065 1201179909 -1009101825 1440723319 -616258948 -1262197436 927005766 -624514476 -300964285 68896679 1513539514 -1445594443 -1154681736 756636633 55976353 1393739106 
-1748784947 -597725137 1153123394 -1981208516 2018814311 -1506012431 873909316 1814158474 -191331370 822680206 -1017576410 818649571 647601032 -907591300 -1289965490 468330783 785164743 -1800752760 2091468005 2084862477 1169507786 1500062836 -1730687450 -1767003782 



1557241378 944428795 -1415614602 416643506 643502156 2084931343 97033936 1414943494 -1809859166 -1467923155 1334347983 -1534065803 1133671504 1335121781 2076771556 -30459753 242139621 2026191100 -722880391 1900318069 -433176799 1398151636 -988486429 96751935 
-212537347 -741929977 772771957 -1451916805 -2105293135 3751116 -1157307466 888348548 -695315253 686751933 -1704936894 -558349914 1656982345 -443997318 -894608207 -1099551938 24075656 1482406799 1808110416 1936561334 1519740552 742526231 -372047504 896891072 742599050 
-805727466 -239679759 -453239974 1926900365 1099089858 -890753776 1508205463 1654202893 93166283 1371869870 -1225339481 -1229639093 -1210628493 -2096921455 -692146977 1807922346 -1697791499 2108440219 -1562852041 -1925247691 605349908 -2130487102 
-430368436 922983981 1105219022 -1488805985 -1153352713 1434707224 -675039747 -1454461991 1349729347 2033649679 702328356 -1965535532 1691968792 1286586846 -531814790 -1511626841 1555067833 -538238970 1411881943 -1462302692 1649252832 545907605 -1620306325 -21456646 597192873 

-63634945 -1262187584 263541657 -1274737873 -224270278 -1500092462 1516753770 526443111 1304393131 1760978539 -1483837768 -1216305660 -86996673 1012602612 1543020058 -49511799 -1529468484 -1597405268 150050152 -980679865 1777197197 401530512 -300500708 1973978830 1752141153 291587260 
-927317801 -1985322562 -1478547096 1818291451 1894051191 1723005651 729216137 -417172553 -888960965 1885928083 -1973541066 1378998610 730354064 2012499622 1658436499 940933696 -1618456249 -712927927 -1407445842 -79211047 -1763561469 
1549069036 -65494665 -400964192 570611590 234258173 -1641928871 -495617606 -1825993729 578455498 174054664 -909909656 -1721956012 93507092 1200725628 1427718518 1582761666 422924963 -1100509821 -2013125092 1489266593 -361229708 1780834876 1249676941 764711769 -2096564275 1671376173 -1914744641 1978802719 1285817254 -334016987 
2046745755 -1608280954 -1285986183 728037919 -1291875110 -2143594711 714594398 977973324 104616345 -563447324 923228382 625772289 -324017745 1144600721 -1618235370 -807479215 -525533036 471672715 1501885929 -508211548 -1532766997 -1877123793 1255642416 -1299515997 1047947928 1622189950 
-1364355715 -499884540 -1615234866 -1660797090 326909467 2103788641 342454407 -309482456 1223324537 697438507 -1872780544 969628834 -1644821214 1710777946 -1788439433 1437760857 -361892720 -211889432 -1988708151 342238573 -1513936020 -2117613900 463625869 1589072551 -812665336 -648017836 -2016982963 -2038563806 1867013530 1957015337 -1165730359 
258397780 -1483495251 1935135490 828884853 452289307 -1308844199 -1703080159 -199607478 -463723960 -261758681 -873907597 -1146390680 -1716111881 -1375246007 -1318009597 -1302776889 -10898053 823465158 -610594961 -1586169707 -945117838 -1682278596 57819754 -1314402630 1246328695 2115372184 -1724183064 1963327021 821155836 1183910665 280109190 -9828994 -216421283 
1234820251 354682197 -1582957115 1134628818 1889518810 -963905434 210347680 1508343049 -1048502547 -2094518431 1656413483 -1180425237 -1902290016 1624234515 422906796 -2027318763 -474643425 220344464 -1892924548 -795928528 -2014314220 764114659 1817061484 -2083713542 16035435 -965812220 422369042 376600424 1768426552 -1917545401 -565980909 2037777002 -1655335681 
517023396 1271013230 -1559952569 1687323806 -1219002893 -1135647118 1431758189 2098390877 -1048384252 -525967671 1823771583 147699974 -265649429 -296694520 -1001462489 862189828 -478915030 39668517 158297862 1586071789 833196822 -1765627029 -1018989183 -1200685705 -1577345242 798382211 -1824952223 
1885165405 1780138007 427895233 -1427834828 1654477573 964127742 -1103749893 -1730296821 -656546739 -669054950 -1822646860 -1840101052 517831158 -1985613294 1839269935 -78660948 526201318 1353718551 1370676133 541824541 -358928360 -1817034007 287434154 1485636910 150859265 -1716648308 -964112651 1726464663 1635296943 1547347054 -595280053 756180578 -2033932803 1700674028 -891408794 838723844 -1475183059 -506399012 1178733814 
624304237 -1802428904 -444697483 -1103776142 1152678637 475569211 -1497880639 -1009606760 804852745 807998009 1590474486 931896218 1592321712 -79316802 -1562389668 -569975392 -987709412 -1967181636 -1608038224 -1993054298 -2023692265 -1694507161 1365295684 
1014732957 2024598706 -1163956031 -1029303647 1314769185 66613352 -273977540 -218387155 1350966733 1710856717 2112592743 575635282 -1775475923 -1656946811 -797217114 224180190 959527122 891350700 311522897 290125363 95365596 1193890611 -641189320 
-1524259662 1395010749 2104306782 -1025199100 1639123930 1998821336 217285185 -667466516 -1358943351 -1466283634 267298734 -1987648138 -2073489651 843307180 706639899 1614637653 -1170510834 513576407 1166419958 445058046 

-1517541763 -694563835 -1891499678 -1803123788 -441100379 -832847114 -1007246773 -1293745340 -512348008 1980725909 -1388661271 621488674 -971818852 1916853462 1305483796 1255464290 1734352716 725146679 1169422532 1071638750 42630792 804627085 
423966328 714459668 554667679 -1408304198 742271921 -2079928785 331084053 1370725980 -633460851 1820408899 1093700049 -149404945 1466084729 97384494 -1100739078 -1301047136 607825919 -1430174150 -331584804 1043752532 1567100572 461707640 -1713301510 
-1176959833 148186473 -235970000 168845461 -1617621138 2092464881 -124556110 819111744 -973993249 -537378718 357745791 815111661 309502087 -1675890305 339261524 273869307 -903365611 -149250066 -1398392835 -2112031881 717064677 1127789003 -125610268 
1754083488 -1141457616 2098228941 1452300105 1280325634 -71338011 1745593184 1564767259 -1213038521 525063646 1615275795 1446457398 786105438 1867599271 306902293 1645065449 1452213259 -1516400324 -42237790 1167719991 -1825770079 -598664297 1105494484 1367435744 -1539189173 

1545430130 1832714824 1637495682 1224200021 -2074824271 973782090 -1753248582 -52843744 1452909480 -154118568 -404812304 759882953 -439211439 1317084847 2063175886 -1663583509 501973711 -1354582417 435968644 -596760617 2100891202 -1793386827 -1149811707 299589461 1779026521 -1816091064 -1131973060 -1864445812 -1531610367 1772015231 1771435858 -554165260 -652535847 2122410465 1409529280 2081396585 -1080551369 -2038560074 822936238 
-1988579858 1713472304 769249361 -187629288 399390970 -1013196873 -1860745836 -771693099 1494213998 1528396158 893897213 914765231 695283811 2139366661 1550868273 -1230047459 -1262823432 1537597143 411652372 -1100949694 1915635637 -1278360127 -778171654 
1773956790 735384590 -291276067 17844234 -541766193 1379728352 795572965 1632160329 816948997 -383664783 -1640099985 1986354263 76054384 -156836823 -1479967071 503461114 896311453 -2083852547 1600135083 1112274074 -339923777 65448939 
-258953816 593233530 2022976073 -526780535 1922598211 834230144 1300197516 297391202 -1931173601 -1175209693 1045813730 468313093 1506757354 -1276071022 567796466 -1228610056 1360390062 -1125918488 -973554903 1125571543 -815559239 1901492105 -1735367814 1424877281 -251520437 
558713094 -468771446 -93599991 -460530747 -741591524 -858457208 1368271520 -459468024 619382865 -2041529231 181446831 -1910892124 581459307 1647995028 -421673797 22791928 -1797151016 1063798260 951824036 -270055730 1150957189 -2079028203 1178217118 -2072271407 
-767768356 -1203955129 -1272548267 -1465595197 1913492776 860255785 1428891984 257980255 -1244843210 1266972973 -410372685 952785923 585051607 1777767103 -381252364 1149383050 962082883 530765780 1780762237 1624146668 1249127906 1607498409 156628700 1218811643 -666122491 -903313564 1610966915 -67222003 -2054761698 616463828 1684013802 1767405987 -295169347 
-411892561 -1599260410 1854755181 893009704 -616233820 -512286627 -1897062747 -149826739 406648765 -1825249861 918173257 -1555636391 384439652 -445667669 -311616078 1950228130 -2044246896 -850820761 -1843444335 861045654 1179787465 -1377834824 -1656796402 1881825465 1736741067 679076528 1904949495 1438987196 -1677906523 -351558070 
1635346870 22206014 -101575444 798515309 653990016 1756164777 -1681053766 -1801658301 -417823272 -195538226 310813530 2083742523 1385111703 -209526668 1321254820 -817062527 899237734 -1010240620 -1314708020 -630819062 -1802152186 -1293730161 562794126 -1680023591 -559218282 1375474206 -5421913 -813302473 1946367816 -1182110197 -1644805867 -234457603 -1208563197 1836382919 -1220575586 
1852273333 -1174878346 -2077667162 -2110743597 -600039179 -1892358688 75309653 1217896181 977807511 1009187136 1038247221 880745758 593860199 1443524068 283693995 -246541458 
932486469 -1322030100 -1685974679 888051339 468943655 -1201033854 -1321750875 -1700769269 806504915 -1284294251 -1547431710 -101208344 804253323 -311536300 -1736227156 -1881681379 -1641126800 -2020117265 1933037680 -1740903812 -739554555 -672118034 -85066769 93839091 -1452109147 -1775985088 -1969881740 -1329142846 
-1360399284 960930659 1619236873 -98817868 476238311 -942687826 2123949984 1685903338 -541957235 -839585392 1421750304 766677567 1111840939 505054757 -257272871 1990289445 1948239567 -1455621566 -1121901220 -772200117 697791056 -221713366 -1879566059 1537230384 1499029841 164541514 

-1113862275 363554258 -567223360 1107951055 -2101231110 -1400830013 1175595712 789606353 1973867795 -502796085 -866685116 1148062938 -951973 1521587413 1647414175 1807318135 -1924331006 -166087299 -1538944382 1728334345 290573292 185587432 -1182284977 -809950018 
2106770153 191690783 -1008372581 1631158721 1861400558 844988711 -646971187 1218694813 -1142109512 -688123345 1656890451 -1051583471 613378756 -393764581 1401022713 86013669 1958337815 -2007211733 2054292479 -912671833 973584162 -345257802 1102362754 
1024497671 1290785486 -529116672 -1409589961 -509482940 -398612285 -184200976 1385557362 1030516437 -1217446703 408045014 821390376 808068125 -68469892 1546405661 1450541164 -1139989753 -961639245 -1748770365 1030251318 730538058 -398449249 
-229635345 -1062603472 81777546 128965898 -352391662 363705865 264225759 -1285853549 869806629 307054189 -2026201188 -546150037 2103319262 -2116889027 845464264 1458674378 739549688 -1374272102 -1488070417 408042981 1592220113 910222585 508183361 1739739972 -521680017 657380172 2095849282 -922240042 

-1051287581 1068143602 963658666 -700542354 -1248539895 -1221975192 1445067722 -2093371185 -390501941 2122506375 2038997376 1690469973 -145017296 696004820 1767405967 -1009585209 48597909 -998365328 1415077262 -58468968 -1312122017 890572148 536593632 -208777520 -1202443381 887078801 -1433271964 1727503626 
-67626874 -285112379 -941624764 -496342136 1345062447 513178085 -452738572 238090307 721397186 -1154247503 1188995185 -1929901950 -259769992 -1519816578 -583893162 1354425715 -1183128263 -489413859 -1587142551 649321599 -617992152 901203573 1941714079 -1523645600 1054367146 -1044340588 
-1040858061 -656490900 -2039217614 -326485875 -400821435 1109114693 -2068059650 1326828599 -188763403 1636167177 417979121 -738013974 514390333 1057685540 -1546422484 -1628804668 -135539170 -1028827196 500182526 307923928 48952650 733769533 348717123 -577017266 1446268658 2110638347 1071418570 -268297842 
496889894 -354128370 -851630187 793480103 -19473335 1813617995 1990175035 -409268125 1191139941 906125580 -739075312 -797408453 -1290519267 540591647 1517148406 -925821827 389961454 -1876956645 848719485 -825750235 -289931547 -495995290 1104177362 1431493018 1479104449 
-1786049868 -825417559 -1284637436 1717728074 -1000227620 1657402291 -1519489289 1148409976 -2032286008 2138075746 -2100398601 328160124 -35539933 1903645622 269571994 -768996221 -1511769718 -1507438361 -2026030816 194132110 -1065169788 483894791 1211091803 -1623763449 2067034899 -1329864128 1996285428 201575243 -203742291 1506065924 -539731592 1476951358 1669905272 686715083 -1478535947 -1135016589 
-659894270 -1553542870 1733943973 -1716244178 -735097903 1686899424 757734482 564059827 1700307401 934065417 -309173592 1647989830 -1642005226 2065028409 -291503740 -1500235065 1249317829 
-577582788 -1143186995 448173145 395373679 -514956513 30575236 1738301324 -230464847 -230471734 -949456449 681625308 2080860267 -295838761 -786646616 658712800 2052102461 1364755667 1999769163 -1133224283 56219552 -1720335253 -437685477 1833851792 -1697594502 734846155 
208415183 1163472902 672223457 -232872008 2116531469 -678127496 -1423049860 140566537 828701379 -1968720441 1444089842 815377337 1863178058 -1860895967 2011554237 -142436755 -249435944 -312332282 -1030023826 -1090521077 965674301 956883869 1775816346 2080325495 -1607048053 -1124220680 2128388053 1191818183 -1625055452 1089088616 -1820381194 
-922064254 227989960 -602655909 -287769911 -1549338224 2009575290 -307786326 -1799935791 -1117555294 -1469396404 718895922 -1371528857 -1865105971 72390786 -1249808186 -367269389 1923335422 639562134 1315857400 -1788102667 391586037 2054991044 -1454828909 689530779 1325420109 -1707461624 1969912275 
13072075 -45862139 308132140 -184821262 -567423448 1191669915 -541650148 -1422428484 -1254570117 -142094374 1862403181 1224017695 1057715164 1680204395 -1444681892 622312335 -1135145540 -204756870 -696520737 707771813 -1500742669 -1275311967 -1861542273 -1259178440 1535591723 
-1787994939 1336660478 -1118606090 -592796953 2077218123 -177815669 926847058 -649286855 -345259933 1718433745 -1652268511 -2131937271 -358655980 -1591745077 1655150730 476076995 2021042931 151613429 -1254956677 -1979774773 -1951948578 -1470290555 -649764931 1348603041 -511059128 -1408110900 -597542927 -1319213186 1784687257 614554955 -1132387035 -1540106475 -88190197 
-1543224821 891443390 -833018179 809174427 251468875 1308773764 -430759062 1966808366 1851363135 -600435125 -1748568627 -2085543213 -1428907371 1497102699 1002479015 611316901 1977826301 -1994466003 3365970 -1754918003 -1455661999 980830575 1850277765 -1409030989 -1198000841 638159761 1684677584 661378279 1798177127 1500299241 1463903237 
1797359005 -1758368903 1029000326 278372811 435282340 -1894230992 -690235926 -1140314175 -1525997795 20864258 1471052986 879695224 -1746325138 1149966955 -40344074 -1981990417 975216810 579434263 184048385 990449423 -1184464334 -1224587408 -1056332076 -1092401532 
-1077838944 -1325894319 -2021731196 -1620304473 -791800794 1058069846 874587189 1985740852 1756628036 -62630387 -433433715 -1024376984 -149845778 -277919282 1831440440 2121376998 -84087587 -349344480 1471185442 -17395233 
-1165274886 -2119330619 -1140376807 -1776345618 55607639 604809821 -1711616028 663885319 -1186973051 -1668517397 1908637651 -234243184 -1853378757 -1192950863 
-969058692 -113882139 2123514305 -331415163 -1182937177 -279065329 214084031 -782912187 -1619491797 2004564474 867039717 -1961440770 740028789 -335548535 421778323 -149903889 106857727 394080133 -1858282793 -950238524 -648834051 329645884 
474738883 -608817057 483870600 -1400656873 136737672 1767337817 2045189475 -1851207780 -1459449169 -1455922342 -258161564 1910676084 1181363122 985987824 1613745650 -6241251 -38531997 807915975 967415959 960971832 341580687 -1220312326 -2058390470 421522190 
-860918448 -1853088974 -697041361 -1193060825 97424798 2071001305 -1029505332 -1256534574 -1202837882 1412032802 892258168 824725212 -1577951398 1052803862 -531582294 -976070726 1215270966 794327728 -963961335 637840605 1945636525 -498552119 -1559511437 -1471084211 
-1577954537 935903100 -340505698 -1277875893 -306452645 1695287479 1818666049 1556942258 -199927235 -2065693964 -1904220339 477907143 621189382 1551779714 1380947637 1501644918 1659561556 -678927919 -1207165048 -2058240423 992808365 -431486668 -879771668 -1982871686 826756358 1167606056 122073937 -2099523723 -1374123585 

-427066312 812108258 -1279346360 265650534 1865680843 -568979972 -75164103 -385735628 -869609317 1470377548 -299681090 -1036280529 1305129032 2032039554 515905550 711632970 47458097 -1983766353 168455870 -1099381391 1049674148 -346167096 -1437929280 1008313657 
-1328340908 -587163766 -768340058 99055127 -2070287423 605567488 2072325469 -1993553427 1558969556 -831143837 -877659710 982333586 552921460 -1160958898 1997104054 -712856532 -1631568887 -1786458614 -1292830843 -559791315 -1989499642 
976438531 620592773 956947107 176209441 1078721893 1223034901 -1082459672 2026040659 141604862 -53853406 146747166 518903966 551994283 602773564 -935520403 -844053619 -670259475 1059958355 107244797 451431456 1956447134 548596072 -603271626 801660958 -1034762445 1775816621 -2026224489 1175747785 2002343888 -1085728270 -494026908 -64981805 -920439676 -1005845222 1095157674 1716690660 1191244003 823464411 -452229144 -847166474 -2090290985 1071854939 368221305 
-770891410 327611898 475559083 -177319909 -834456674 615466081 -263980376 -2146996660 -845159500 433353001 577745654 -1679077712 -465640668 -443232512 -1616893802 1113106002 -1470517228 -790584690 102052677 -1288668186 -1318002141 269384342 -1476529438 -1818141756 1541055432 -2121165302 -415539137 -297467585 
1446182047 -1749282599 150506703 1264643722 1188091290 994097304 1783631794 -1098603370 -601039262 868465313 -592801435 -2101323838 -95048071 -1208182310 -923103850 -211716018 861842186 1693454946 -1196113864 -1278578179 -143789129 1289859288 -1163445684 953502326 -1259936397 
-1341473575 1020425632 -1602149889 -1469174786 1948574815 -613287867 -1934830523 828753832 -1716731829 212758109 848885843 -666526382 -676795895 -1203676386 -568948498 -1423937985 -1644165638 -1226204571 333843092 1743904385 70881448 -282749670 1310707193 -28996548 1948925896 -1752827874 -154971240 144515225 382046425 -481576766 
-217504528 -470453723 1784464585 -1742257372 1694433852 1328079647 -969770263 1545124304 -1818426643 -286261044 -1933407283 -857988179 1930799519 -1943592990 631463322 121435028 -1963859961 1527365963 -1765378609 1348541849 -456783458 
1904484092 1548548456 1037238355 -398301571 -892671026 1667999636 1863289622 659019936 -1251797920 1496409826 -1663324733 -372959036 1490668315 -1364015076 602606794 78602786 -1880168411 979149904 -106385933 615404092 -1257059176 2135232449 662590863 457688570 
673304739 -1199770330 -83307998 130395878 1601168194 2095028721 1417330406 -219276822 -1044024960 1760565779 675748538 -382130174 1965158479 -851861447 -229931917 28808361 -986878667 295720718 -1890676061 2073597138 -293783408 -832672676 -1978720044 
275520873 -2022790897 -1689644016 998617906 1495420354 -1633961086 716549434 1185469643 916459187 269822720 1745200932 -1758295492 1338774645 -1076432174 1345614554 -2065954686 360091782 -140881541 -181548709 2038045432 1001497364 1518033827 1232096805 
614732988 257353743 -534917480 -1191335429 323786278 -1999433113 1565999084 1418621592 1631168812 -98670737 -131918627 494938427 634446474 -397607341 -771281306 1497999389 1903741200 
815347531 1834314467 1403688860 -316592661 1618248948 824326969 -1937222343 -157794004 -146001378 -1282111399 2059168820 -227919664 -1568595590 2091356014 624724084 1264961099 -539401662 181122349 1094635269 -2000670683 2075028222 1901028824 59317786 444044965 898172627 -1135254566 -1237522783 272251292 1258248720 
-777910105 -1872480872 1040620080 -2067668836 518898379 2056248713 992428204 -1609723869 -2013910259 -382548264 -798854600 -25542662 -1904913316 -480774339 2037234567 -1970364717 515406366 -1609162694 -2144247388 -806660234 721844114 -402842818 1583908008 -1384609663 -660640055 
-152703247 -1343325249 -2045628470 1629439114 -414138462 1305656396 -604968017 -2069103311 -2146427341 -1537735293 1002881320 -220053673 1756018354 -57349277 -512809486 68831506 2111421400 163540551 -1602993421 2024752889 -14945317 1518663230 431797011 1520691358 
767142231 1684929962 -591653998 362238113 1578118256 1248535733 -1463969409 196431090 1791474463 -1802577508 -108168846 1785511245 2147012403 635336516 1965688764 2037985205 -1216730578 1917966888 

-1250143640 -1468936340 2027648229 1791606944 -2069617132 -186951328 -869563626 -1422410326 -1553958783 48780080 803050253 413935180 -86779502 803542798 1025675112 1975180410 76020957 -1526497191 -1004040387 870722435 -932053267 -837488620 -1474904133 1690689442 
268834445 -1073857405 -759643009 -1650038690 174953667 -527138333 510327377 -1599445561 1072246336 995642963 738686528 -280564443 882170288 913124553 781758666 260681654 -866031031 259781810 -913994754 1345168208 1718361523 -1960905378 75823159 -2090754125 -1272825264 
1498282890 -60497084 1300384864 -1273217236 -935682015 -1782944060 -667976727 -1870102701 -1016425761 -533407111 -1823817695 -1063040560 -1058961713 -1279199401 148573246 -78660958 -133137962 355677510 113309778 -1045387037 139246676 739127409 -1512350638 
2061509050 1828511216 -1486217249 703843525 -388548132 -960620616 -767028642 -993521189 -1048638494 12171348 -789184652 -519791487 956245971 -1166240967 1859364472 1950904983 -1964198314 -1893659426 -150209458 -1449884358 37849606 -457288119 283788319 -65891709 -1959233597 

-652872124 -627296303 355610410 -1718076597 -1130221999 816794931 -1259558184 -1328146855 -642304881 
1990801382 -539303122 1695204390 614121990 1660926172 283272728 1933416905 -376728192 1873717463 1273021176 4435764 -923973501 502696795 -2145370474 111161927 -563401037 1219591534 -2067281197 280461301 2474603 845087743 992410728 343653381 -1389936459 -875360255 -1427366826 1539794879 -1063075357 730826465 -1622592522 135737763 -265121361 897725820 -771532533 -729162087 -1063596518 -1134124507 -1230704869 355596914 483141746 -1163736244 -1395981028 -1574762929 1614634930 -1117474880 -1190453279 -563093549 510590230 
-213427097 -663373516 -1831414252 -1882110159 85659946 -813201511 139190024 -2037921132 -1932161593 -1163262075 188687786 2113072295 -1855141515 679110530 345759901 2092166340 1739601329 -1390178735 1146054852 2085861430 223896834 1987463965 -1712370254 571091556 -306157708 -1035341267 -1777299950 865959145 -1136210687 1213468694 1230118185 674293700 7876004 -967934890 -1606542875 -245699166 957885229 1160688534 1010770336 -213785358 1445488121 1084396935 1563406579 -1794624390 1147757111 993612297 -1278543940 -1145074237 2143534061 567923237 -1900539774 1672262339 315315065 480345417 -917407123 -870574786 
426343330 2051598155 2145641781 -744452822 686232769 2045705681 -1875857958 597009521 -648995648 234037878 -909999161 878666785 -657991451 -980132644 -816197185 2120788699 1240556377 -627442751 -1532848731 -259309180 -523905512 -1331625219 -926697922 26947294 -42137584 -1392595040 1382815455 176194503 -2117421923 1019711607 2080868648 -1897773653 -233946382 -1297514577 1510129726 1578994131 -1611990890 -1272296955 1890772556 325345949 -1357130398 -1916276180 -1629882064 
