-1480708662 -1500268363 -609632487 844726674 328769326 -1154206123 378738862 1127139048 -1020225381 117003192 
1363224310 -120143876 1143894666 40339134 1371281649 1406224967 1383018568 228980025 349350625 1817140657 -1386859884 
1836761030 997051909 -1733862002 -1060311064 105628099 -1858280351 -895939818 1627679999 2111242945 -856662531 -799395260 1701638073 -29534224 1939503760 287898360 1770885790 -1255748610 -47752315 164068601 -626060975 2021177250 845558426 
-166949254 -1930828800 -1685576420 -316707515 -672766654 -1168542316 -600973673 1264866757 737915685 -1053085778 -1831114432 1609441510 -1093684616 2061067464 -1408107698 -46400261 86446373 982479562 -660603694 1735357890 1168781235 -1690968332 1293022126 887788034 



-1700573488 1058647139 336642736 380185185 259887485 -1534261743 -1556757252 -2105897670 -1198250829 -1671789001 309539128 -1713374176 -617722239 -919131890 331811826 732452115 -243719042 -1393295221 -540419284 1269209462 1361283991 317259563 -1945313375 -564202841 
1698548896 1545665973 1046315161 1030903146 324666295 577702784 70129862 406226715 -84981211 2030771546 -1681000263 830336853 -1696255369 2094845431 -1777498541 324952572 104455612 -109499349 110966757 856013830 203502910 1128829861 -1473233937 -325230606 -1810919769 
-2138070304 1399214577 -786021442 1360473786 -76589133 -587081598 -1051627858 -468001103 -1684167024 -1791835154 2145901125 2010532794 -1059508187 1862744333 -1214672478 -421624919 -1406141917 1218415814 -901719784 -2000464116 -816201340 1657962860 
1041452187 -224054263 1675949175 365191229 -820446912 -954165826 -653955571 2143953287 1406520392 1134727807 196731770 -653311023 -90756034 -1806645945 49688332 1360335136 1419068515 1172838514 -1915910251 -1215980477 205808692 -57277587 -1250319565 -2009214884 -1743274500 

437200415 1573931716 1595788338 1103973779 1246747271 -1518174857 -77675619 795208103 1069208196 -375565661 941800111 -311650599 -621187148 -1636369903 552171772 761378297 -749502724 817188443 953381806 -699906248 -680894250 -1665713013 1532692114 866944580 1453163232 2123756437 
1085319059 -2142524878 1595703740 -1166792141 -1620093285 1879551860 -1911685367 153603144 1563059983 -532125928 746033767 1236431637 -5904491 -778555218 -1761704961 1639718400 497028403 275233381 -1234828003 932330600 1881737654 
12113702 -48029919 1012224993 686026692 1345815848 1504974569 2117496111 -1502951993 -1891404047 1071855288 238268374 -1699396682 -86310624 586911934 -68859754 1342724002 -360924121 -361202530 1776288580 1273118374 623595689 1746805662 2134663319 -54072082 -754237233 469055312 -869312408 201576438 1154497717 2123370092 
965842479 -4486259 -2103136540 513015032 -1023918450 389024 -1734622616 -2114606845 299604593 1005579092 844792663 2012439815 -210457014 -856838099 162725944 1289050132 -2084829717 1226198968 1739651984 -1373716135 -1953860533 -225477874 -464700525 2069897923 -813434750 -1658949007 
1240029953 -679024020 376670281 -1104721399 370421609 -1902990963 1095702633 1874711007 1143629367 -296989013 -2105469392 -1996160711 -1754338502 204532165 1049420154 -583232851 1685086748 -914589904 1660049162 -1950431123 1145168668 -966890290 -1701583728 1712966834 980367878 -1859813174 505040861 1788582242 -1343411437 1272253618 1813515547 
1230543917 1959794357 2086729138 -984782285 -1004032053 1871984618 -537110370 1050573845 1602789932 510976353 -1430793777 -917385990 1998917473 -319305738 1080262207 71847873 215701566 682356839 -192744033 -1689564268 155866235 325923967 -346052887 -1651565605 -1730651194 -495125274 -1607982513 -1889622357 -1803468198 263989592 -1848565639 634155882 -1165820014 
410653551 72845379 58989791 -459822881 -353540255 -598675166 1957092043 1879235153 -608257646 1101663399 -498786922 -74181274 -11271929 -1303843671 1841170684 1226925622 1510360228 1749254479 375236037 119583270 643561482 -1078431826 -919571704 607034968 -1006347042 -1873105615 1769758993 -306285928 82261105 212319677 -120313296 -48315716 -93760366 
-1496825410 -1785002851 -21891952 188958487 395035627 -1354950484 -688700017 -1656999879 -251657000 94934843 -69438177 -1795007851 169649280 1458198873 -138391803 611619903 -1777009788 -545219793 -1460458287 339791257 1314941837 2033534313 -1478353438 -604092831 -861161376 1986546699 1204184866 
1528901276 -1251345 -1378138190 1697815887 -124719674 -1476677580 848025799 -309668149 -443954998 1939960789 759006520 55752534 2114276194 -532515566 1328978816 1767293487 2087485756 1448866772 -2001759139 -2108142429 1527931082 1565152626 -1900089089 -2008698711 -1423735865 -1318469574 1567581317 2104716008 -241415426 -1142513366 677439455 -537685996 1185741673 2042077851 270584214 -212034883 1040135054 -2121817333 -1048525510 
-331188410 -1244695134 755111868 -1075441077 -761395114 -218122290 860341817 957379037 966522803 -1066333892 1720196068 -1452273388 604636483 726358296 269783692 1762698552 -1994318598 1806408358 1124268178 597645998 -437241060 -994917730 -1076538545 
-949447305 1484374625 -815304033 -505155453 949025450 -1427861854 344437711 -474937986 -57794224 -80300501 -511243566 1343949141 -1624223016 -685230229 1741214554 366341899 465052861 2146902326 -370310494 -1360513530 -2102893456 -402087007 -1392154708 
-1855653188 630518024 -272310338 -1310067563 2004412342 374228976 -2000343145 -1188909293 1835161883 -473986866 307758909 -1999542055 1381273415 1843340296 1489868205 -747819877 265147862 -127095949 -969590156 -422445100 

400113620 1932221421 795607950 -1734360626 1078238500 856326687 668449987 -834112954 894120925 461966828 1496051846 -808807772 198111261 -674459008 928597614 186829869 -533143602 816297033 -1013981734 2135140515 2109406335 -1923226899 
1749718663 387549221 943005816 429885598 1273521060 1795915861 195511289 288585962 -1951562742 -1194719197 -1255484993 307616821 1851684006 693061798 1964970669 -1472636546 -800890434 1794855015 113902332 680569305 1652694236 619918145 -1050019637 
2127791919 698443527 949481823 -674071005 659809091 1257304901 961425418 -126811982 -798133052 1253903854 19304990 -1103342016 1382132256 2112179552 226613891 769375694 -1139674834 -2065518789 147550918 -8291113 1962415686 348153266 -115870751 
2009483596 549792955 1212682119 1310492887 -1232508806 1344669005 -522069825 114280166 1957931524 -1181024162 -1213396330 1599252150 1459214836 -430855257 -1671549061 -1648009346 379389312 -154931637 -1128517268 1335961926 2146275474 2060061489 -1385826386 1952226821 -2092917017 

-1106655491 1327344321 -54595912 -1907085357 1568530002 460374446 -1281758743 -65877059 1383550643 745405789 199851386 1702629839 -1003362837 1702656612 -1663899000 -361635719 539215855 327865495 -454197016 1921609370 63990926 -1057737373 -1763640121 1593838421 240966062 -1310181907 2029904026 98253602 1974218910 -384846964 1128221943 -1924885875 1202257811 -706788509 -765223161 -1147057769 902863661 247371691 515842085 
251057979 475787712 623482193 1095794579 -752579332 -1330046555 -1452293919 1018930341 76844278 -1044927648 -1963323183 2036252513 42208960 -1475737321 -515327606 -554203618 2066084367 886281100 -848932839 445076914 -1964468678 -282796564 194858342 
126788945 -648976547 1975780045 1041360936 -275179808 259042381 -1582212787 985319269 -1515902573 2015375810 -1531172657 1179493346 -1552232795 -145278209 -9000797 844627417 -1463880916 -166221697 1210322975 -1558388211 -842932905 -233378673 
1780294736 708611461 434649144 1166486945 668815704 -2116861706 -26744022 -1970553533 984855632 -1460600320 1427807651 -248650287 -1221620248 1379655922 -542542499 -1806341449 1175626365 1753895472 -1601738782 -1801818056 -65550605 259858771 -1672042118 -1526953609 -260727838 
-1478368362 -1431161078 266702807 1072927725 -181782445 2015486611 -1197754631 -1578712656 -2100472253 -343601535 -1867861947 -1698493541 305456351 -290180258 -1743802295 1180013471 -333008893 2143837533 610283503 -1753572876 -273599107 -1114427742 -1796199747 1165141640 
-1397209996 -643251404 712027449 -987793986 -1919068038 -199145283 -1244484503 128648920 1516037344 -1942690036 -1497858922 94905391 1277144369 -2075957673 2073715774 -1361271878 -1830296320 -1963160139 659047359 -790912523 -202615676 -713779969 -19500434 580805085 -425349416 1916550599 -1433445960 1856539493 -188375734 -1957480364 1114692358 -248180449 -964192708 
-818014617 -1253072515 1638839351 491246096 133223603 1060093100 -812640552 2051848967 -337987216 -1845690501 -671810878 -2089572695 829307837 1506500771 -1276703628 -1690700953 1396970036 -2056635886 -49955978 296224028 -1448126071 -1415918824 -1613554389 -801981838 562290153 -1629108062 1978339481 805219507 -164685865 -1005004885 
805127468 -1874502159 844608799 -1406678836 616945898 1312581006 222188997 1338228695 -256109071 -2130977487 1867884000 -1011633930 -1896297113 -1496886440 1563941337 1595506557 1211812603 -1643880442 -796805963 -896559621 -433988408 1867881223 -1452086268 -558732762 -2147235332 -1207809253 499117726 1416819330 -1050922852 -800737618 134120177 800903999 419956842 10129790 583781661 
1070544219 159653518 1741883632 -495988663 -1235576626 511595546 1242368219 -761286628 2035508984 2021091585 -761744271 458035356 -1583097229 -1657577980 1491922440 -898231031 
1691213905 1351374675 -1357636858 1625258741 659551865 -1104832886 650788171 -1076991391 -2087885580 -1632091211 -702951591 1165355632 -347669596 1149629045 1021205610 -1474284175 312706357 1864462333 242099118 -329096022 1369316230 1484276173 1577958748 -735753758 -2052392532 -652989480 1442084558 -96717083 
130033357 -1725122852 -1882166139 -874072155 -185369677 -1399372996 -148521527 -30321712 667210708 1781312837 835970344 1945408587 -801840841 -652741346 96585536 -1183836266 -147270056 1358232700 1013433908 -411800256 1764495810 1508417337 -1981001163 -2131499285 1758982723 20408054 

-301479324 2112810109 868453947 -1836341392 -1792538425 1967063306 922499404 1734176751 680836259 -1492670019 -341227659 -1979402916 -1193155133 1925880309 -1564246649 -1708765176 2131634933 -1584877265 695487919 1638549450 -629259351 1832397943 -1574091372 494584490 
2095047056 -1771325564 1404821945 -1187949786 756706392 1586317368 -1917604333 1238322129 1288400 1271614971 1120026986 1861072084 762561851 319073480 740328011 -55530395 -1745179471 1994776565 1603582858 1350592677 -660118864 -516065576 1369513641 
-262996696 -1172338090 -1348704274 -2117887450 -579959714 -88366422 -841752181 626693193 960397252 1200873460 722926398 1360235111 844762635 1579519430 -1330874407 -2029992653 1920180652 1290420734 -1367781337 2060089579 -1864915376 -641953679 
-1317285244 -63846785 295709506 527443299 -1647262963 -1669716885 -1122364837 -1227998710 -665455192 60290223 910165510 -92801984 -1499042463 1617565017 -1745985997 -1388049663 2119001353 -1441497972 130219338 130466697 1222571610 -368878139 -255715582 -1072880546 560866103 -998994831 1611799922 1316423277 

1808937199 1524610294 -2001861331 -1740749805 2124197258 1047729264 286149059 1541538811 1086633083 -346143411 -1530978763 -1717980369 -618389982 -2046231234 -1931347545 -1704801029 -282276935 -874519947 1526188156 -814652111 385696392 944638218 440435312 839108727 -361894736 -972216733 -87848633 -48966062 
2014847357 -613660311 116167897 -9835386 1542666740 1606908580 -1898531092 -1858248739 506636584 -1620572989 2082463811 -1517407266 -1076590574 329814789 2075447595 -131443991 -1241121618 -708954243 -1313965706 -15135179 -1385254847 221286506 -1420352814 -866167892 1372881517 236701166 
1040129541 1013980440 -929437593 -1190757889 -1951571707 -1305046765 1151544200 -1934679633 707978442 -875994397 57143599 1676390222 1660089492 1052326042 2091314204 483815542 1125543651 -1059743118 -1416362076 356855980 571628822 644871502 548499893 422339563 -659146845 -774686217 974029504 -866340810 
-359593615 354244300 598128571 -533364341 -1078968842 672977271 2119091449 1236961833 -222467320 -74153963 407170562 -751820806 -258144991 847542506 -1974200192 -1740890210 1343836584 1428020817 -825634128 1791542435 -1825967259 1611543563 -1216254020 -1681464583 1966778414 
-501509181 759067014 -474655370 -1681991033 702240564 935058274 96201260 -576949403 -1713337691 1114877995 -2089253848 1674114705 458830332 -378020756 831272294 1998209452 569061360 -889586447 2077235303 -838529700 -1744525193 -1868714526 -1777279846 -703614507 -319413577 1050501800 26186357 -1721556546 -162211200 695194979 -1433859757 643201287 1083284212 70309529 1105825284 2120047072 
664720258 -975340586 1482633703 412922910 -1003092354 -1733166858 2137614741 -1814299311 -1929092941 1223318133 1427624238 -1060284560 -385666283 1309667627 -970987330 1107364333 -910164471 
1595326261 168563527 2005225376 1839048709 -987829260 1422136733 -1166725826 1532993240 1173423071 30517292 1439593203 2111546127 1837259622 248160081 -2029024391 -2134848625 1346071109 762476292 -811901965 1916037574 630739036 162942923 1089700624 -2132826133 -1756417810 
-1244294207 1186785641 -14440069 -1951441404 -1910355513 -344111438 -1295319645 -173558330 2013013356 759996961 -1192045155 -1324269020 -1287018869 -1080571671 -1068536166 968848952 -1124895890 1942291454 748326071 -1498623430 302836940 1834383307 2100020138 2074666041 949936442 -1941801547 1924025601 -899146022 -357003991 -85232300 1423980068 
-1559438393 -591710354 1101405174 226739904 -748312376 2131611411 1901458423 -1049974149 1987645482 -1749190264 -23749335 403223890 1522973279 1347436473 2019651086 1971471988 2640947 -1452297563 -443519643 1190688368 95678659 1733932630 -590341625 -450639021 -1347533288 -781401654 1217802399 
40098646 -2068379177 -889782364 -1127540430 -1618914026 1664199871 1037961543 -1542005471 -373486439 1404001639 -821108276 -1074690683 2108072056 1847439012 -887311609 1042768953 1759064167 -2064969955 -178910444 1369504098 23408532 -965385489 -686267946 -264977972 -1600470243 
-382772658 -1366217027 1297203032 1616412594 -1120720241 -1515879333 1856978516 -902483719 -1783014644 1772606497 -299924731 -1625933547 157126731 353709061 -1754801334 1748844795 545374611 67761005 467294170 -790952458 2025613875 750294538 -325417182 217517346 -364025956 -584462791 1631057939 138814411 1280793289 -516812374 1742598150 966009706 1968485738 
-2062785304 -268338736 -973675509 573074666 1152756502 1031046268 -564913877 378256354 1009953512 425015534 -1172551958 1353466859 1000026538 -38353841 1337491949 1188382108 1096631481 -1990661370 2118801041 -1002798692 -1209797745 -1080896750 423598413 2024433785 938244375 1727303660 -2061089760 -1051755157 1888878876 -1537619971 -229208716 
-1644068233 -941667134 829470619 -574904964 1781663451 68093367 307578580 1047928682 2038254850 -156070837 -686659800 -1869826673 -1986060366 1991278506 2027943472 -308604219 1831803455 -1633488591 151907038 1286584415 -278574073 159899791 1308200534 1183652148 
-1200210839 -669805330 1114327844 -745830071 -1625707826 1993610529 982628851 547696513 -37398093 521845775 1354087144 302306145 743519569 -1131786311 402858438 1460045873 2019136646 2105000262 1854974747 506385683 
-486067445 -1086527481 1987620737 -881093120 -2127847412 124982278 697039773 1624303052 -971221219 973442609 -516479992 594050030 -509190763 -2006262673 
1574013247 173219087 18265183 -1571500864 -83539129 -2054786865 -101996312 1376678748 -1954144916 -1830542685 630087290 -523658097 -634650434 56135339 -273507470 -1081465311 -1426626110 1844052816 1877954758 41033989 -1060569964 93115228 
-234360575 606441425 1844566432 1225777448 1518035194 1343765758 1802335144 112953071 494652049 -1961454646 -1915282134 662894773 -122296586 -1954853735 -1253856402 607530253 -1283071392 -460645216 1599098188 1781579625 -257742366 1822030699 1043607171 -1864831162 
657125143 -97856828 1706392724 1578604762 1787163233 -613590762 348505043 -1039141136 -131317634 -879479341 159668296 972909021 -83591433 -860399048 582068473 1132635117 1967980830 -1047176768 -427796006 -1927524107 1591697176 449275046 1080422044 2048345330 
1165322334 2099522995 1599465767 10042500 -626759618 760594787 1626353553 1128290876 113206633 -447323997 1171999906 -170594233 872893029 -975606537 1024117285 1237733792 1773512743 2111617652 1883794511 -68506346 -2050374950 -805793150 1095123815 494873713 -296752618 -37608748 83908297 1324170003 -1570904990 

-1476950976 1216932675 -1750726263 -814378563 -1804465754 533051321 -1816798944 1420569056 -481930831 -648089731 -641389983 -1190038078 1229375341 880076385 -883592921 -1851308040 1234228042 836015993 1097047092 -1677707184 1747109538 1016920463 159075040 -1734893921 
1458675623 1792348441 -18278833 1382280607 -69835666 1318227657 -782051084 323550170 1378531336 1632069948 -1704328352 -836393517 -313255953 -1244304454 488262436 -2105302239 -1140441242 -530338510 -1790075533 984672240 2096448617 
98822075 -80449060 -1501860429 -1623210050 -1107655552 -2080393716 -768542637 1901186088 -371908481 1597477681 505323854 312102275 917060305 1864444770 635157356 -2056531736 -1537920609 962286385 728686132 285395951 -583798462 132643562 1074977316 1446144574 1289481879 711446322 1716339295 -1511838437 -578817861 1067549939 1449526210 1302111202 -667324114 818373300 711264951 1309016985 686345821 512280825 -1195388926 -807455303 -472773541 2082352071 -1206018332 
1471063607 1592343334 1248004228 1246212638 1031710176 203618668 754438879 1404985689 -20575407 -363667884 -1986789183 398620279 859843952 1349196804 643762595 690924303 -62917001 -661801915 -1281581930 -1904500911 -818218124 -1500488757 1064284676 1576745035 1108936001 1704623965 -332052048 1845608871 
-1467205420 1805441592 322330172 -2037674365 -1483681391 349234844 -1166609956 -834696724 -1787864292 -831703903 1701743094 -1498335599 1535212210 1939102508 -1983680945 2059110202 1371358141 -1419114704 -1829612735 16434685 217485700 1350114131 1717587980 1929959371 -1777084765 
-1855524497 -856894573 997498178 -597308096 1184067084 1408627615 -1749901598 908599007 -788467388 -299769594 -876504664 1378558373 -102020211 1885602430 1781296499 1795491011 -1995064161 -1847808772 800428776 -919944713 1196327586 832491470 1301362180 -2076665283 -1674661783 -1269341360 853247870 -155573723 -151337534 1904602778 
-449096101 -651029239 1543054871 -1934739628 1687264509 2066944420 920278285 -1494762031 92223063 -95298145 -2128240025 -2136012789 -307937859 -1328413073 1045231280 -1625155282 705882135 -814818340 -1219948623 186147191 664310713 
1086464211 45557707 1209269775 -1930657205 -2016284603 -1650958863 756646273 -1292094555 1618537156 -783188922 -1638898219 -945735333 -34999588 -1634045964 -1943711293 1300648650 -71090800 -135091452 -1614425363 1620008656 2000314951 1781033335 -1385524203 1406269755 
2049311110 1674421169 927717220 -1000524300 2001122528 777528858 -662504376 -1376789932 1081379679 1113450709 1908942331 -208239677 -1300502065 -450282405 187402229 -516732307 -1984016514 1039956635 -237080741 -1686956199 207303362 772792089 269986087 
618964521 -1258928334 -455681377 -2091133867 1745862992 -228155487 867618315 993118895 -1564235520 -1359619089 641891384 -472871201 497335640 1402118124 261269666 -2049268081 2139350008 -1296198145 -1750703286 1376361019 1837243296 -365032994 -165635308 
-973493866 -492014773 873779620 1601526861 979146663 -1965169480 -1930237959 938089567 -2098154785 -125435401 1793836487 972163643 1643604287 985408181 -1066319984 -861379377 2076480310 
-738176962 -1608487381 146272228 1202088980 2038203970 -741926582 -1356802678 1242344276 700040058 243882966 -1019092070 214044953 -673823451 1702282333 -912986626 -1384393887 412256103 -446159040 1810489585 490151824 1615665492 1324181587 -1814073455 -200014017 -1753893794 -1146811234 -501595036 -103106725 761862343 
-1714629913 -845620747 -1554565188 -1421725799 -1921602416 128692931 -58956475 -667220980 1355358190 -270708390 -16294561 989680116 810995829 -1263955309 -1452771987 -1913140015 -1273145281 193830784 1246189852 867800118 57087595 1643534284 642521941 -357258503 -1747405998 
-903506137 -1473310557 -1327850264 -2069429087 1217023985 -1163006062 -1366410500 2022044188 813827298 1361347284 144806927 1570621111 -263784218 -764669048 29629893 552594071 -1808820379 1787555572 -265613310 1817798424 -828867459 -688725497 1133743544 -1845226246 
-316851688 782305864 1699274574 1206230049 -1570822959 1478318599 1322971785 1008071998 1321990568 982220529 -1344184732 -1046726691 -1344547041 1777446989 -1227872976 2131035875 -581590403 -922751278 

-1749076908 -286199100 -594006210 -794035709 -1118627048 -720946395 65368758 1476445618 -554024181 1503343575 -259693075 -1865881103 -1415035810 35257005 192642984 -1198564272 744807509 238996943 -288672831 -1123913039 -979186197 542884522 1914016005 -815741685 
-727299321 1677120832 -1912513219 -395256768 1183463439 1741702135 -1952989666 1575439879 1542313216 -2124171481 1422722884 2000770726 -1236999383 508629967 118326845 54732238 493278131 -702609327 -987958767 615853000 1821422296 850205798 -333511181 1156325126 1087978182 
-105453328 1300083767 2035988574 1196778067 -1539818249 -2049775098 -685339147 169836135 -1550666033 1832921118 -1733135168 1884883429 -28447264 2029533355 -1919613365 -1721990763 -1184659980 -1788043421 -1045295466 -1914593056 -578290232 -170866477 1417241790 
1713070665 -1006480298 -709121187 433564173 -519205890 -1431550831 -1915248865 1400290955 448977679 1960664494 1376786627 -557888651 -1544776452 1972551575 -1212404604 -488219447 -117007580 1213683301 -768970104 -429137612 1889790453 545653488 1961705635 1293025270 -1690273247 

-1145429264 2056345713 1790369862 -1708712890 -622806675 -582156720 1826941166 -1176809039 -6353369 
-488120701 2023205762 642740030 1072252046 -1897386624 468067074 -1757815635 -1980853989 1261191037 3477303 -2007206189 1294862391 550171064 160294384 -675075479 1826215374 -1499911260 1861405340 1378305371 -907767921 -1051923236 105360296 -687921645 -496016163 -1876751341 -252877617 -778933110 -1492343157 426658106 78909066 -34825584 246281949 30123324 -208295668 -150935827 1448788509 1746968388 335202534 972781334 -1808380349 -716812830 1197380465 -253908426 338324858 -1986751973 1581299472 2002010766 973007551 
-1448729325 1252986385 -1619111182 -1493477057 1206352754 -963509021 -329768503 -1968488779 -955207258 -594949456 1676293343 624644024 -473328404 433335035 394399911 141054273 -22084200 1906145127 -749697676 -396473331 1022883714 -426728418 -1944837544 1248939196 1381418390 -1968283666 -2009637215 -226007658 1671687074 -139821915 221955324 463277200 1688596412 -141765479 -1582467354 -1304156137 -1524547424 508653055 42947899 2073548075 1334492805 -972477754 -2146925329 1042074898 1467362761 1875099449 69538307 917122864 -2072920586 2023231186 -168116016 -671462940 -1062839087 1538332929 394897173 -1573945510 
-963354077 613975089 1946750115 -962204754 2010342031 139516176 979579698 -300010516 622990780 1684966744 -1414805050 1508027130 -2020826980 830270425 43430235 1715692772 406643806 -1646045314 -962274437 1004764975 1776819813 1617172810 1864358223 -267119492 -1996133917 -109199294 -1772875669 153099659 -1338054490 -1314571201 -2147167321 204867350 -1708234579 -1950025706 236235426 -2050329119 -911802228 -2014998580 -821044072 -1524491467 2077412539 -1650531595 -219312685 
