815953918 -1679938847 -1267833588 1291803752 1045634187 139836240 -1672406902 1189732404 2071786424 1750881161 
-810927862 1902208250 168232899 -447520498 -1777720803 -1498222715 -263235475 -815321304 1772749379 465993300 -1588467486 
42736438 2091215372 948073098 -1221799711 1278998441 -896522625 293524051 -719346992 -1354275847 -610510176 552993824 1995725306 411346912 1168755607 -1086483627 -1232496311 -1988627099 600819316 519145650 1882217764 1468995756 -343822477 
1252046370 -889324475 -1385855548 -2003930209 -378453516 -698866117 1913255640 -1540303320 -1038025398 1897258221 1856306346 -1469107572 -265012452 64829435 2003347489 -43510511 710673553 790900375 1604419357 1259855406 -78488483 -2001848726 475115662 753632278 



1407866018 -70814586 322406450 -968110355 -703656111 -1642466285 -1212695725 1702519628 -650939872 -1878507396 841302430 -841232727 -1451541137 1044121975 1921044082 -1587712737 1609712014 2043590670 877704474 -1957615029 -340234911 -128097285 -1210271600 1930765471 
1046155004 -189235814 1277625445 -613538841 -789673944 -1628271399 -693274808 1105395141 -266995228 -2036741474 -661246167 2027786926 -79210515 388093938 -1365083130 -1792659664 1535082068 -63738051 6495572 -1398004162 -1082113428 -453297292 904549670 -1228447704 -1008685624 
-1444482529 -270625305 -698055778 -1276774987 -1966320201 -1633995827 36469932 1771167911 -1015772732 -1875223217 -1092009489 1741308285 1966711662 -449478102 -1435601270 1161380200 889906219 1979799353 845522230 298317710 -116902707 -1679706557 
-1614019638 -6859538 -1489739305 846454655 -823130440 -1151021196 -624914289 -666122434 -2121122960 1133759871 1047199141 701159094 1320646796 -253406223 -208265896 1144934673 922062447 -864271875 912055374 -1901902635 -707346242 1147351597 -902072818 1935624110 -560655542 

514267341 -1339306812 689206709 -182028556 58252292 1636796122 -894436717 1101160340 -1393799419 -365850032 506636892 615024656 1460945576 306944545 2024996930 -588824700 1235643914 -1626135764 50369381 1902604060 -1522362189 1964851 928607820 -551280075 640522778 2032944979 
605087118 -69083640 1963396934 -1646681723 -753293470 830524530 1342096223 1587453349 291165207 -1386304515 1150196441 -1079612457 -1127086419 -1140270266 -1895788670 -645076583 738408022 1002536397 -1168956553 -312826682 1045995730 
-1653640788 -996624577 122532837 706469638 750435714 1509903309 40401056 1138427461 -91067484 1870868811 1218327956 1117504980 174933004 1847952116 -1408660652 242173079 1601724056 -996295948 1679839838 -99505050 1692598299 672939331 26331405 -1904700420 1757584535 -518458068 -340938483 1456695153 -1930752260 261154784 
1175754159 -1765686072 -1848780410 -155058964 2085158347 -1716813411 775610818 -1146850297 -574269936 -1821457551 -1862609386 -145357013 -541563055 1984417343 267212012 2007130533 -1531035592 -232237486 -1596364843 806468456 772999132 753535829 1270368197 -442153214 538356001 -215830986 
1915745921 2062487695 -859128824 -719479238 1031022085 -373683097 1970478294 753020949 1209611598 658696422 -1879237855 -1619829152 1171159564 676634430 -1334221934 -1495305991 -323869279 2142030557 1377117342 -762945975 1010952698 724002432 -1596814748 292341199 -1038987616 -544552718 218595955 -842334555 363674389 -810561877 -2036051724 
1266639707 814256437 -1637652751 -541835824 1793763029 -702269697 -83226979 -693329962 423523947 408294082 -1275629767 1899385309 -1397880586 1574122576 -1361189072 -1704406744 -1468466457 -1168017994 -605149960 -752015633 -927458349 34639064 -2089400134 1408426309 1113983209 -1063494252 743259165 1531432479 1066617811 754249222 995519889 -662820004 1414528589 
-1407876491 -2043739839 -341975078 -455894421 1863661600 -1663206448 1201546149 -888302990 -202315494 73966706 -929124261 1867459667 -2009615566 -20196624 549511658 -1754632083 -1916784207 -1877852080 1788974945 1739534166 -316786561 -54863581 2072475620 333537685 1828035399 253988421 -1335843986 299617457 968902797 -1730529558 -1830423135 -297149127 -999610835 
899018193 1994969992 1006901519 -796010245 -1467750578 641041795 710625304 2050486272 -574683736 -490188422 -1270538074 -1600792654 -914779616 -1365106213 -869790239 1263416578 -254457514 -1786377231 -2077161205 -1381388479 1172106520 178134143 -1141795295 -1852112277 1422956968 -1582569886 -138865713 
2128117539 1026870420 205877709 2130213162 2091065019 152615490 1324201535 -482603173 148584562 554815291 1255879296 1932133367 -774553594 -1749796203 -1489554748 -1833214819 55342254 337887651 -1295364758 1439507842 -150110716 1156124548 1420471616 1249418711 -658177229 47337463 -1831571421 -7271448 520246709 -209617565 -1881520165 1199422939 -1959223152 1554663615 1347996041 1788842131 -325683594 -2010708963 -1127840461 
-1127106211 -148167290 775081053 2145147215 1234483860 -951532583 -1299889539 -596946085 1616642490 -644251629 -84245255 -633456606 -1333907553 1748798787 1730615162 669379860 -1195895874 -575661929 535873714 1782692795 -1824264881 -594276490 20938026 
24997946 -2089017001 -1062732871 -1235524472 1498954448 656209030 1461157488 -137302689 -417805673 968092676 1264967649 -402952129 -170597529 -2031016929 -1335742936 1306813056 954901790 -292406521 2058624086 1697870008 -403431021 1422575762 1645219980 
1774373417 1985924296 -2103757724 -1338881774 910180634 241240018 1958336637 514170406 -882752623 177349376 1808313894 794028086 1893154082 639779769 1741324766 -450108158 779712352 -522224507 560704509 2064143401 

1941663723 890858992 1072790720 -1799681668 15403767 -1052052840 -1865674731 1642483449 706463984 -1451403815 -1609577077 -1855115499 -1166322123 -472466045 -574033145 -1477146600 -2134076100 1140517315 -1116713261 24328442 -1895713897 1091170384 
419135822 1181335630 -1481802299 761632093 -497000052 -2042191416 680028110 -449512398 -2095149887 721293102 -238075731 203500589 -2084130663 456182795 -1827928499 -214160882 1807511195 967265916 657079754 -2001711982 -1780936338 -274515303 1204652078 
317955278 -1218060841 349918047 -487088766 1947198538 1851011962 -1457915418 1382544398 -1101699147 -1611477722 -642705629 704664519 -1379206531 752273578 1971459284 -568575789 1075652746 1334860743 -1904538952 -1133334655 -84921255 1413639941 -1134650660 
369447400 1032982984 -1919084954 2075485344 -955191308 978504650 -96228778 170266441 656806312 1418315766 -761943313 140564303 2144025003 -977142209 -1268500010 110213735 1602447251 -1376909913 -1097567719 -64660873 -367622203 1528801791 877141528 -472263522 -641970734 

1682920281 472215919 987104992 2006071809 -1686032887 1459147918 -1172861300 -523091397 1162765433 1332787497 640673406 2043649748 163827172 1163905774 -1354262278 1007902860 -1008338915 1342025099 -739332434 1649108431 1967063597 642951858 -1582880499 -547835683 -387956286 294680238 797988329 -1645397591 -394339174 -858596264 1197793937 269133526 -1375713238 -1897628243 -262001577 1906160984 -2026928176 -1084047125 1541438027 
-342005723 2007683067 2135226220 95505813 -1648000113 1101358981 -275591788 2146590337 1618456289 1343721088 507932258 -1137170930 -1228405670 -408255800 2066185870 -403317478 376757919 508925719 1394771827 1763941894 281691393 -277083657 -629430492 
-812674328 2021002101 1387016250 -210207447 -666286745 -715542810 958483133 -234897361 -261480878 213031965 1763898237 -747356681 342428884 1505978816 830928723 -1762061899 -429720181 -1917132807 842668302 -744621105 1637095185 355401780 
-66606197 971126760 -2132660932 -1033957441 152982144 584338025 1796410097 -1513237204 -1270025916 -1827711798 2119533314 -420731171 -35599122 2033380473 -1218068563 749856530 1840342795 1618474990 336262134 -1770986915 -2122419425 652732660 1849015111 -400714298 1351550199 
2110281109 -236808821 -2030260316 1354751120 1882832296 1565976269 1549685683 421749540 -501478209 647185555 403356592 842780871 -700486483 -215053227 -1954236559 1190361329 1493484274 1719380267 -1500822639 -1694029684 -1710381116 -1776519046 -1265956837 2128166895 
515778265 -1137090443 -700668232 1960503237 -27639686 1505695518 -759318072 -47883099 -508479271 -1753188833 -2075746903 263937730 -1982304197 -1809017259 -1636435764 2021542885 229236384 -2081608809 -481711043 -1066769402 -758168522 1048312551 544877178 -2123909376 -1352720888 -1899343091 1431604960 -869406241 715970560 1563893157 26534562 1033574545 -1322142814 
-2012898174 -193888754 162902729 -694653405 -426785280 -1607125678 1503453541 -1404978571 -674472719 1589502348 237614281 1615089975 -1116556731 -1641418448 775337108 188621710 -1752513411 1195236722 -726978203 -259836453 1641116161 147460214 1656877352 -963673223 -96002705 -2132946285 -1915545623 -1822344775 -407002424 1981558289 
-932453475 -1816085349 -711748354 -1252766977 -1409913187 -1144754830 -1607489872 1909379674 -975320170 -62462750 1234196111 -1110076745 1346132012 1523904052 -1617792933 1561605871 1844618725 1913326558 465024367 -1614048860 -204571411 1706060718 -143717812 1957868360 1197781182 576153501 1433332367 -2080124586 -2018632028 -1305885536 164683567 148676870 -560119978 -100012671 479539025 
-1694154408 1291349369 -1449711557 -700607851 312533273 1980725015 137284437 -1987398082 -981438839 1453546911 1861300394 -2124772032 990301680 -1932932029 778327892 1936357773 
67854081 -50504817 -1144774969 -1583811587 405204471 2116465617 -659937219 -932177919 630973421 -1971716887 -441069095 209976576 -590145558 818375817 1216256235 230953298 -395197739 278202802 883064602 -108421994 -140557832 -1505597453 -647309029 254290641 -983367930 -1562964104 -275678842 1348026284 
643677564 1076861901 -2023660545 -1673627814 -373557164 759428461 1292188887 -500077989 1398800851 -1166223206 -376469148 1852062530 2015771832 -1161883710 -1050197992 515300477 705643719 775128636 -964377792 -144980389 88507247 1194175920 -57469465 -1909540907 -1330819970 -350592876 

1624338516 -432157416 1761973414 677533231 1170311469 -63537795 1565594740 -1713554641 -1652601911 -1519533730 1773439922 -1340391526 -883511606 -950872512 208661927 -475771657 805650676 -242597941 2055195596 -392348187 -363581252 988803054 -142211701 -817546333 
161027074 -292320767 -1025413119 884310629 1735562460 850202952 1253038285 527983520 1677736110 -842866785 -385464700 724338302 304252569 -2029142777 1078388242 1086031089 -498941066 734750932 -1521063955 1022578494 1341735686 -320238707 -1177356573 
-1060352503 1809925941 -864001560 -107721916 -1802126488 -1656143094 37105239 635643766 -588971333 -1720665250 1041802554 37996944 616289892 636053858 1006887043 580870043 1864671111 -1010964164 998967952 -1119163170 180579546 929883637 
1254619391 -1255848436 1724704823 148511069 1522350241 -855697457 1102906838 1951246946 1397627480 503451963 37776976 -457993883 -1333902886 856702341 559243771 1573611856 199963209 1264286562 887749042 1293660538 -1719142451 990118035 1266012050 8453841 1724609488 -1449546875 -25662373 -1688443509 

-989827702 1345526600 2057646979 1307744414 -210375406 -1683731816 -65551798 -272674960 -231350549 1199210016 443833708 -208240998 -1965090035 872721489 663906185 631793739 -1869691282 -1189950420 -1300342565 1310327181 715466742 -528553301 -1954285007 -517569124 -1779935443 1665128976 -204961813 1843762917 
491723613 -1712047840 -1358404304 -1189435042 1826438182 852115845 -1484089121 2160598 -1364612370 -761261826 -1634734101 56226072 -777078250 2054471806 -710272119 1438262520 -1264898873 -855462258 -1027335276 1382687892 -775282024 383779038 947017661 -1338982396 638111047 1040864141 
698719675 1186747477 -417045613 -1198630312 2052269097 1915246911 -760786161 491650007 -2125577992 -276369552 1441147292 1375304527 -911163353 -805132574 265360184 1315620394 -956227876 -1717477416 -2011021948 -1276362546 101590734 587529872 -675610392 1591117393 -1737373704 -1794952930 546306650 -1231900604 
689726826 264886655 1772314626 -340160978 678297816 734591400 -494624339 -370029008 -1787255760 1191270267 -221010118 1671522173 324212138 -1075812082 1520712076 -1397116805 -1541197699 -977158327 697270019 -1071743377 -1292330998 -960600699 1761960818 -1264339319 553203241 
552291806 206273125 -2086719641 486254233 616577192 1791046461 -2016521278 1706761720 -1788884897 683991443 -1072070466 -1449968382 1008400574 -970367575 583641691 1785331767 1292990030 -405496737 727081638 -1135015948 -579231350 169786383 189108252 1896222118 -2027307349 1545062873 1307533567 -1951432430 716018716 -1505607690 1536425345 -369686868 399191873 -87589323 -1437459945 -827306989 
1712456918 2130312751 -412007291 -844465186 36667844 2002369789 1364861268 -1932796193 -1685756038 1166320874 1992613826 -282050698 -970681033 -1278872490 -1168868183 -981112023 169485874 
-1986704260 927697639 -1159744846 1479114119 1485211412 -595744601 1240765590 937499761 -281966408 -228704115 1800421309 -1582387957 816969692 2018332747 -319390926 -1552981269 -791941788 1212583480 -30535827 -717600256 -674956907 924868576 574178034 419560046 -623611241 
785603383 431371833 -663526658 -1611111979 -938171770 1066070406 -882856248 -616962529 891278866 -1562168026 -2074791422 -650392411 1764197652 -686408264 1927469037 345303376 -1698821522 -74154232 -2113032770 -902829174 1542015750 209135580 -550011053 -503850106 481824017 -1086673100 424141243 -1111866895 -1655169818 1506905627 -1697438790 
1570542051 1998098678 1540536465 1524990937 -2129933257 -659330542 -179086410 2032472155 166383846 -34707727 339337761 -1318544729 -1892336050 -178576134 -355687560 720776403 831572701 1559958896 -802924376 110101132 -257780327 -804577643 138896097 1049849834 -794292579 -2122298667 -1656701160 
1541954777 -2045260450 -1475977826 -272012917 1134945141 1579196727 -304275981 -330126085 -363626716 269027637 -1996300441 -72767322 618287853 -1175667220 988608405 1682812673 -1698120234 -999809873 -2098675719 639871640 733626083 -643399795 1465598126 -1665442008 -254842751 
-1371468276 -793363853 -804085473 -1923576605 -1968569900 693943030 804657543 1299590216 1673549671 672862822 368990769 -793515420 -975303401 -1820278026 1560460480 -943152160 -662951135 1268545062 1575227587 -638541388 -1633380353 -2121464272 -535639639 -1241123348 857423712 -1588295410 -345708415 -406076548 -877788481 -1902843204 -1074137080 1763271208 -1766676177 
10407060 -1824232131 1525304165 631806975 163544720 -1910501665 -1978124987 -1049281969 558055475 442537068 -1327133756 1023806275 -1687371646 -38165787 -3844690 999175153 385043142 1737358311 -1221114566 1431412580 -1867654674 -967701872 1079908576 -1841230009 204005313 1929488244 -1670960985 -1445960144 -549415418 2096084270 2050064383 
-995572120 -4501671 -919441310 807161932 -597288964 1216441359 1851607013 197379572 -1733261887 -1598360620 -1973623502 1425257304 -721958345 -1643806726 -1939731914 1518379077 136270252 -2073692626 185729439 1631493122 617051659 248415813 787656693 893282125 
1456569521 -632822953 -1652765269 -301305767 914445542 -1874134062 -1046162780 -1777136844 -1401369063 1926682884 -1773747018 1578391817 821420440 -359385810 1961887365 -985762564 1031707878 1696541876 1397155189 948568308 
2008687437 -1415801587 -1308320820 -1792363757 669040411 -531594246 -446434769 1304053158 573048883 1228915687 1598310318 -1379569554 707010384 -1103234221 
39128584 2115456220 -1770430098 107426042 -89863763 -1548529085 1136017611 1008929642 237597644 -433307090 -1275662510 -1011593504 780658581 -434089521 525903489 -683677036 1606606292 610839855 -1669994851 -1067254424 -858662112 1680767120 
-512835279 -1424058316 1588254954 1742924138 983410866 1951805841 189334420 692405478 -1790308032 -678207282 -1141978156 -109776837 397410874 411080099 1938281108 365135276 -36912565 1690963317 -756354029 -86763279 -254974880 656071490 940308661 1205196893 
-16889348 -739095285 841992175 696683207 -1058041357 425387299 -2027135587 -1099708794 795525804 190668567 1743448530 -1915195919 -1575686298 -325310643 67075386 1053109944 1634210221 -1793166261 1887314371 540175356 -44731882 -2060671301 -998426802 -1972202454 
496630419 931163340 -1859271937 -1720448972 -19089165 -651173806 325379306 -2086546959 424661972 -958246059 -65975371 -718064909 671196616 -364263145 -1145928830 -241084782 -1399506446 -1328717650 1437570288 1728302897 653701656 -117199610 -760437776 931396661 756050879 676690908 401658592 1177043514 -791886157 

152912613 -858449623 1949271304 -603476424 202855376 -649020429 -1118940558 935452016 -1036247079 692489124 832533092 -953677294 -1771753657 -1300637140 507038005 1561741156 -190157269 642304893 -10565248 -1796757402 -1468738776 1471506883 326706299 -354270092 
-1910987171 -1054470801 309973978 -1231225941 161537763 -19372874 -862275388 -1213866729 -1768776449 -1165312820 1265310895 -475684516 1141800232 -711405571 -1419674862 -1836261803 -501547230 2012904470 -792436624 305556783 -531963918 
-1619752784 -1963060021 -56521052 2141110540 1646501577 -1013534838 1538177390 -1582207951 227824794 878294748 6762661 -1842170055 -820278518 1893353579 1535717962 229435504 -2041317195 349941294 1318546805 768409432 -1630657756 -916844153 -1589394936 -131727386 1566254482 -683011768 603671774 82628570 1864994341 -673014065 -1093083595 129012945 -261150894 279476983 1100699784 820120111 -1261356126 1673027122 1453593728 608849114 -1201058507 -852102692 1841262113 
581385878 341941791 -342470205 1288447301 -1950612536 553288521 1810666398 -1988557012 -696314522 260992916 -1414067763 -376693034 -688875028 -450420622 -517680677 1135735667 -1194817520 2024153371 1873444434 1257634928 -1814927073 -1046209642 725492451 -671518616 1186650719 641992536 -2030422853 -32998486 
931278283 -1988064473 2121229722 344534965 1509646635 272302094 1373519220 -130920062 351837260 214210998 1864411133 406654083 977256800 1443075955 -2122024210 1939647207 -1268416044 -873437790 745577572 -696843249 74323362 -1372188815 1437387530 1641472754 1608355377 
646231582 -1362639695 1948863144 -1293091183 1708925217 -677686065 1102959621 -97961280 -1912629744 -1734690570 -25100497 387324407 1705185797 1352908482 649593878 1019678369 1240892233 1774099524 -789924616 1610368536 -1439132765 13555177 -1465803058 1249015004 -2059882747 -1880068070 1030483237 1593304486 1012697385 1750908957 
1157716120 465708658 -1356673052 -781014555 -1349886059 -1767147587 -59649393 1294326010 1935737347 -1414574987 -1215365489 -1998467257 -1891909205 1165104343 -2070441878 52163320 1340272139 -233321054 1326072023 732098316 -1634204673 
141163110 -74097386 1701724269 1215243779 -1433557788 540671467 -1634897124 1783070639 1754090051 -232495725 1544673954 -1441683167 -1643816489 -358942367 -290265700 -1444429348 -1618307071 1264532152 -1078933602 1164184450 -1506442644 -2113627169 509972663 450936495 
642760067 -1067277288 -331256841 -1575195479 -373734211 -107375586 -656301452 1969478408 729327862 -966212576 1489571824 1662750936 -532164570 -1408200993 154730090 -1735402135 -468421479 2112467987 420092526 -1919635714 -2037158025 1719574367 -2090530601 
-269315715 -982383092 -662015167 1143071832 1596459403 -912212811 -1240628697 681585041 1642296251 451365935 1390736205 -648675253 1074487483 -1716916515 1011342442 845710877 -881854884 381960201 1987225364 -493540319 664356748 1155420378 -119228090 
-1714525893 735346630 1910778361 -685497337 1114365253 2061622624 -1299087273 -1422023029 -487559618 649831175 -376532751 1735364412 -781189325 102180405 -676645531 -925369030 -288959276 
1908264480 1872414701 -857761095 761595693 854481769 1164590067 162281402 -677321363 383435492 -1392049352 -697448641 -493183537 122727990 63761738 907356048 1190484983 854075690 -1955198827 1429258377 1715979773 -923451497 19918278 -1248797257 627634406 -64114759 -700162453 1596618768 -1360742689 1539217742 
1089907408 1488806056 2879840 1789523463 -1473781422 1933455713 365241796 -1846186515 -1689339981 -63215081 17936719 -793135447 1183543736 211408898 -1821035595 -1363521454 1348459442 -312438459 -519862667 270206499 1075348609 -216260322 1452999443 1279879331 -377761639 
1826856720 -827248273 -595122344 539019843 -41860807 727618210 -1326924397 -484536908 1189900361 -576646704 -1436780990 -858116553 157331633 664430589 1587293500 1657921002 993137431 872522838 2098389063 -1298247973 -1538939296 -1772705238 1392041675 -867825715 
-619703241 -673266263 -965445478 849389996 1080835323 726735529 -38688914 1630635943 -1765929672 -1365484642 -321625392 1741459000 -689058762 496173060 1840704839 935954951 -300744632 -69672798 

-608291345 951905286 -2006606562 -430422268 -1778131332 -1142545285 478045425 1863906295 936860391 -637495099 609792643 130591005 -730665854 -1625112885 589354322 -1713435055 1810718344 1478260863 2129296359 1833300758 372480890 -1802615204 -953219147 2047887950 
-899045579 2096986999 598208343 -1387243439 247177647 1958485357 -167239596 -1630982357 1806061829 1758274174 1131662494 -1287414162 -145928425 1866997911 61488816 1342412396 1188884705 -2108051039 -1294094066 493789530 913131532 -1088433138 1668169578 196120392 1084864700 
-142305730 1835911333 -364389026 534888297 -282960013 -835320781 -1658359505 -1889742753 -496446681 1504673161 -440414710 -1223395058 485099849 1148591185 235728318 -493593661 1277932968 -117137316 -1510690927 -17636518 -808426935 -37403849 -1307374831 
819483809 -1297537159 1166810274 -859304629 -341519568 -360732259 584837958 -1724546696 -348977500 1785623802 1067746174 -1306955297 2075453074 -173858425 573391714 -967639555 -1677732082 850726312 -1814676273 -1868073501 -679211808 -2104967774 -1971037719 -1572458039 -1553322150 

-1789974547 1361970661 -841414125 -1759339215 -1396344326 -1706107597 1172344508 -648613508 951631100 
-548242213 -84796904 2011723351 -768662395 494910359 1600676099 1504836494 515785631 1121873057 -1133258610 -597255066 1891426397 -952908331 -1434669852 -1520811642 -429142941 1170858940 -626245533 1787563965 -1172236797 -276721074 729825701 -1893337949 -1942629506 1223432743 1555419731 -48761540 -718409138 -2128609359 -1578174914 565781482 -812738116 1524644438 -1251336935 -424466874 -178804619 -305419767 -281165826 -936854915 1499007958 -1344878164 -1207398826 910882585 1759837260 865539288 -2111251769 -2002543181 -85191021 
-1122097140 1083448068 1166492603 2124511040 1485678194 814843135 228335993 -510141550 174833494 975789773 1534462104 -1407028486 1163226433 1280094367 -1892936400 1725897595 1110429118 -204536875 -1765409030 -1376707715 -1833435748 696660641 1806480490 970359805 696142531 -2105319447 -1540712578 1932246752 -1321364195 -1080512839 1673343984 -94622787 -279531250 1166529976 -20734326 -2039491061 -851205055 -2021823267 -80635760 51976870 -1303115634 -2144505247 -1717459731 1310691185 -180775795 1026946431 1973662214 192864596 856718165 1654905847 -624811487 -296488734 1391267900 -1278167506 1117819692 2134061317 
1757749294 -913535727 -1055080007 -821130067 -1139781795 2112600996 1923886774 -459566627 351339478 1918171201 -392429881 -914646745 2036584883 -959007461 -74086909 1887125028 -2112837223 1620663413 -535103916 -950543748 -416373234 1521903662 668261889 -254486996 1353755050 -1223590320 -289222194 801840589 2095947659 -2041827483 -1980862440 -1920839523 -1788548460 1422573199 -144617622 -716586148 -580585343 692219427 840137605 2033519254 -1855015382 498086642 -1584239705 
