-1717831098 -40457385 -79041743 -1439659315 -579530785 -1455378639 1868485341 674746806 -787871450 -6679422 
1986352458 -1167615715 -266626811 1852457816 1330688331 -1229180839 -1931598681 -1682735161 -1913835722 -818060437 970653431 
1053270890 -849635434 -1479343359 -1441522426 -907644089 -1825186669 -2028801434 -179377631 -635812712 1796027675 -2060346364 -788733862 871711745 -1852000559 2101025223 -1584774920 1076853877 -15043133 -263385653 339117100 1178141629 -490599258 
-1779617342 1127430593 -1009016233 894111157 689166900 -857127557 591529519 -1766392053 474767256 405136701 325699350 1140964019 -776918790 -1847869420 -43416574 1157669355 582802482 -1571912548 -2109068455 -1738328672 -382531962 -2026874770 -725642212 -711792502 



-1560154023 313407307 -821432357 -1738727173 -1741815339 1826439927 989766702 -752554216 1356725233 -1984208569 937230225 -2146402632 -206021902 -1036911009 -1972446685 -494870104 -282152412 1452312321 -280667387 -832591591 1280712999 217826048 -270307550 212972524 
1019221796 1520089998 -375330104 -1432112537 -139393699 -753199309 -1019522131 -1540363002 995045428 -71654671 -1951923348 734646795 -986382404 496772535 -317687386 -1351588951 -1468547635 -1693897106 -114884802 1868274596 1995236940 1822716299 -2088884863 -310995131 -41582070 
1521639987 -1568899084 -46945300 -1455969458 -607670678 1529439436 -1152642207 811896747 429430836 916879707 182518671 -1926134397 -694864502 83196376 1535128898 -1121372278 -273596655 1323851041 -805648332 -1159085835 628157101 -1811030311 
1662031733 887813727 575531709 5467386 1122423618 700495018 1258903036 -1825566992 1499320720 -1410659691 2076425554 -21193701 1137999603 243669622 586946240 -1017165959 -351438990 -431882559 774004306 602456278 1911435646 -130838716 1920749934 -1720966513 1778082092 

260884749 -319992774 -50733432 -1526483593 89895835 -1542746775 -218512533 -1231213392 525669861 -1240908938 2003232251 1278114979 1974019210 932691191 652943180 427333957 -919794624 -699431374 -435636455 -1070388538 738616660 -2003791829 1751232822 93328971 -54923070 309950075 
1577430137 -291419402 -280408566 1808113789 1857592921 921057989 -2027486779 -2125074101 -626657007 -1594652554 1484504684 -819999520 2015682864 578522456 1555716196 -1870983987 -1369769469 154318959 1729860670 -175679175 132513022 
929498997 1854302754 -521829906 -2038224759 735923320 -1528042605 562677308 875558091 49081409 -1250828692 624473199 -1363868225 890583953 -1674452405 -2121279336 -214338972 -474696147 1225737621 -275768693 1335532157 -984165544 611741283 -122186509 -1709728924 -1702841749 -302002764 1763011223 480793131 -935741409 -1289256347 
-274569061 -1420717618 -1324792688 -2066115544 1103902847 1127736221 1979624340 1857214989 -1328851801 643171180 1641909573 667738136 -1018818276 1959957142 -1226063102 1005825371 -197841347 -1002672219 1718340036 -1837019636 -718243920 -1783357650 1035560217 1594741542 646234119 -243528498 
-762099339 -1528479157 -286335096 -271552978 1418821111 -1844410462 -1479039495 -545066110 -278808689 1860835641 1706227963 -907662372 -2040290987 -1527134076 -1226188207 -1135175381 -656528044 946215570 1120202410 -379053130 76521737 -738857644 -44217168 -106405067 2097396866 1704405054 -772973534 -716751582 -416784330 32746300 -1171042354 
-1878525703 2085463159 -302018914 1681125988 -1494763929 743557803 -286771739 1472998134 1444767790 1450634506 1486291286 1466160396 -708129788 -1451568592 1381758763 -755164942 -686482785 1078961128 -712351085 1325908443 -1313386259 -143238411 2082149805 -1190169460 -1901620019 -104213033 453201122 -1345256575 778780061 -1061910891 -1104989257 -1430578691 342290499 
-39871799 531765519 -627459966 991928158 -1088516199 1814581598 1114496454 -1958971104 1848999532 -1424712591 1484099278 527037498 626481187 -1370808135 -193877505 -1656771229 899253676 -122522522 629307276 1044634739 627211420 -1109740382 -3906022 1733379250 -389903358 1489655995 -1939116488 792972838 -990658863 1681605022 -827187534 -81519070 544266065 
-836150153 -1865459837 1431340379 904484647 -1119047941 914676988 -1986147257 609369758 640056243 -1157773336 -111585475 2008194492 1340720235 -572831359 -625407873 -146023953 -318979909 867960939 1994213377 480594395 -2007281136 -1317510758 1934886408 235636357 -302158446 -2096871628 927668822 
-1400670256 -2116532731 -1214363683 -1399558761 994213964 -1537968392 -252691508 277068971 1135853045 -714269321 -1035599102 197869620 -1490283810 509192516 2084754911 436865095 -1125223040 -706430512 2026288576 1560462522 -96370488 1520942038 -1774127944 866726586 -379511422 965518461 -239256929 1839177082 1027438619 326360310 1473053355 1201388446 428503595 -1276234116 -1639478202 -943688093 1389457913 1105161063 -1342817935 
-914519554 2136025486 1792513163 -1746628244 2051345911 1504584027 1614700860 544069263 311604911 -1072226791 -2092066776 2055968658 -861466902 -1212031270 -1752462642 -124470853 53288818 1674250130 1010916752 -724814022 -1190201855 164518863 -1853530367 
-1542258747 -1069890692 -1405424311 774022789 -536220702 709790544 -1262996110 -1641209810 -1909766906 2068263211 -970390560 1336547473 -1557898571 1185635210 1613861950 950161232 1329376155 -226929810 870661125 1366591080 -635521976 -2086480500 883096135 
-1131140506 1445222299 -1118279405 -949151932 -1152821145 -40363699 -636340100 1349724328 1254360865 57744187 -1973309356 -2141952156 -148453865 -1926793938 896318411 -1961831931 1884373097 949723907 683206286 670597172 

527228354 1340846370 602459917 1180681975 566909810 -1313602874 -1736609849 -1799369832 -155051163 -1763453693 -523259731 -1049913654 3901152 473423775 1670290861 325596560 -376737127 -1394651473 223926190 427957683 -1414126244 -1040040421 
801670195 -1817844133 1511079986 -2011556950 -809845177 -384356303 470439387 -880287231 -754729258 -611009164 -1045695458 -2116719851 -1688467892 1041510794 -1783837909 -1865331236 811721175 868107525 1653716512 1350546228 -1739719916 1937045744 -704433842 
753187440 -844038195 -1279903257 1595912527 -1052929390 2071675380 1414821200 2140171624 -1953308280 1592759221 -1785744635 213416992 -1243225527 -1540099700 -792025405 -1547984931 1977013574 2101073498 -1129531413 1100065699 -1128079818 2130835238 2000586941 
-2060762877 -1254319443 1572283110 -357934728 772480637 799682132 -2131834885 -687001272 1391377488 1124054087 -1540823961 -211034250 191437720 675174823 -1985653341 -341267833 -1443898866 -1680645004 1550439524 -1618634032 -1962128083 -1083510511 504989969 -1315946789 526863678 

-1115191952 -1126023820 -762621009 2055233706 -26353381 -1197493464 281314103 -196301161 133888586 -1817902861 -117288639 -2114140536 -1610611816 1587392520 1519967394 1459448607 923707031 653367710 -1208308573 1009767980 1080982631 -952110160 -1291560439 1167317986 -276182503 -517569604 1452325037 661661297 -474529325 -1579398542 -539709410 950559586 -450674912 1466887208 1608082161 430737046 -923082122 -169040859 576985627 
997671269 1948261220 431281655 -1980057780 -239751633 1523913935 701189312 -223008219 -73106190 -1522874035 1101159411 91431043 968561679 -1402055080 -124036487 -1391047369 -1474816640 -154930264 -440697128 -170814794 1343558438 1532555622 -2096705447 
-2052171682 732741031 -231756680 1826283253 -77620411 1958117956 -561328205 -1313063809 1603622000 1839899205 -1988069621 1033590089 1669362193 -891327449 1124474928 1406573341 2002395049 -951527774 1950526912 1819825529 -876172441 -135586934 
386126931 -1097275038 723015330 -894536876 1208582793 -626069650 -1040051333 -1990998987 -860874288 925322445 -1937820228 -852564198 -727671333 -1356204543 835225375 -1253768314 768406387 438843571 -747870747 1673117280 1617117937 839040355 1044052330 1515725710 -1848959122 
-2005431437 972828984 632899716 -1116999519 -631202807 2097778629 1548965042 1747737248 1532310779 1160868385 -1747360413 -728905005 -842955147 1710722408 -1660529991 1363203859 1169796987 -6895113 359688453 793393380 653593114 811766156 -643915132 1871796753 
1404733709 897292600 -326843651 1043633387 441754168 1183712692 -1509122444 -729228852 1814603423 1420728902 -1515679803 -1787448823 1946309008 -323688972 -1722539745 -349247295 332525632 735568781 -1641708341 492960302 -63410877 -1205560631 2128780274 -1945812123 1964089294 1741976279 -1338797242 1095952765 83098453 -119394326 172237667 -178625738 -1718134617 
1471514422 -1573695144 2067209958 -1014741513 1184604964 466756227 1000553207 -678356514 843396131 2066154667 915026814 533235548 -135743236 506797003 -441586053 -1365232692 -768416175 -1478241849 -374933381 1378301332 1763404430 1708389631 1354731208 -1270582013 -1605824763 297107494 1889882261 8881762 -1641838782 -997567479 
686757740 -1163463669 760131791 -462534423 691432079 -1982327794 -112823622 -1254057969 -1169216818 267315677 -814322650 -954401270 187758909 -689168010 1991119882 -1673603773 532242185 -1886772579 1904012661 -1209820804 -37784464 1455022248 453998278 -1705690442 1548475597 1108557358 -1546053588 -1868025745 -178102071 -1018998023 166511948 1513363064 1022153531 1941956404 -358618517 
2006576864 -80160420 -340516356 104028246 277639743 2003079950 2088812432 889018445 600090082 440459253 125709337 -164055276 -1596656378 -589255767 -264431083 1701152731 
-349401944 1401016704 92210110 1649902207 2043350544 -1645062201 -1865107127 -740368385 86793949 642992492 -512220771 -877662369 1175214278 -1906724477 651225544 -1106767813 1225767155 -298749626 1231285580 650882316 -27210887 254828793 1492116129 -1430533321 -165421264 1406264401 -1015973084 -1138141069 
1150303141 -968561405 -1242315419 -512524426 -1078422269 1399478232 347177970 787475311 786262220 -1850134611 1734304306 936121428 1825288031 -430210688 -541226277 1884090173 -713016898 926294376 1862991143 -1580319940 -665280313 850528317 1373917908 -197194543 79248763 642157793 

-457541971 601629755 75919531 1060073346 1017443227 -1831887102 1868073655 1168804829 1679809179 -10053505 1076755112 -1899174474 679660351 519850022 -1630401611 733385429 -1091345607 902576693 326276800 -1293240083 -981722285 -489450089 -1489447756 1376728564 
302723998 -956067333 -983114704 -677559577 -1666333530 -561666894 1455160630 -850132573 -1885525487 1676893015 -772272491 -1983246373 233661839 -563346853 830392408 -779378595 -1407947188 -1499859923 -1801883364 2064076416 1935980026 977906575 199634595 
-731720378 -568028381 1147562033 -1049998700 -747701889 -1133026648 1447397619 2125813194 1854959260 -838533599 426077454 63955048 -1244105555 -260175717 -865999698 -1047277592 904972086 -1560442244 1562588368 1052641691 -148261816 -786465195 
2071065434 -1311313123 -1440104808 430941760 -865756819 2015880110 -1380777041 1129547320 -1764722635 -324491843 -169208266 818187505 354380510 1850931309 700875925 1029170578 945322042 -320535118 -1223305001 -2064917015 1547646517 856073001 486390168 -1222479533 -463295267 239734380 946983779 -397165123 

1195109613 -305021294 836728721 -2112224346 -439766570 819076405 -2019565858 1560603296 -1920933071 333486540 433543011 -65008323 1714851378 2018757350 -1702976510 1556907848 -1206151541 -115503424 598857133 1228208506 -1388852348 1304509414 1195251402 1151174910 1615631756 -1684711992 -1056044706 507623551 
-18529643 1486925826 716909055 -862675649 -270631272 -279303624 -42484712 785359268 689072276 -1600625730 -1191926693 -1324949480 -1604044716 -1101057469 -837073497 -21401570 -330231361 1747430693 -1683309828 340229288 952166605 1694874708 1296414420 807343090 340190117 -1696106116 
863773685 -1408494290 -761579390 1364681332 1763903139 1696992810 1092047416 -622051286 -2012095010 -2137280171 -1013024047 807817363 1231827812 1951460852 434386929 1378027918 875308652 -550413241 -1599392655 546151543 -1275618845 -42504051 -559501427 1841548539 -492654182 607920617 861480924 462167567 
73216801 1688832953 367202113 -1825360398 -1045842437 761759783 611129354 -88882603 -551477814 -679013681 1626926948 -1360145738 -370286045 -1768595992 270808356 774303400 -1525299157 1222016254 1477571153 928405727 391770687 1613974317 -1284080159 1063130069 -806818175 
1029972940 -1393473391 -561951980 966183791 1083629449 -474775405 -1284495463 -854873825 -596334470 -1171957054 -1218965841 1385745207 -1387765269 203046197 -1126786243 -1603698749 -179050052 308178598 61675289 -775135964 -1670874292 -11635373 1911062669 -1801537153 -1832201839 -1712613907 974896995 447956152 429456322 80603771 -360364682 -2103339333 1149640505 849369750 332198103 772103818 
219394401 751238987 -1129708649 -955338820 2109191796 145026671 -1686395936 2091262455 -19326211 519224500 -856987068 -812900420 1199382413 485667414 1213350892 -1006548274 857790154 
-883636344 1292734384 1190425246 215246892 -1065367120 679190373 1939908113 947245833 -1644003127 271843488 1262200280 1965711252 1364893875 8452608 -2079540939 -483885546 424943659 291820364 -1002435309 432722390 -1321688277 231719888 -682962878 -1124037691 69267124 
643241370 -419838152 1639883152 -1690765098 -872399744 864673300 593019313 -1410775012 1573402164 750369013 -153111759 886978177 -1246263525 -1462746360 -1458672735 353397890 1976672593 -1972702108 372137715 -192918279 2067745982 -1162005657 -722556770 1434926334 737702699 -2146967415 1957770126 1035558683 -1842594964 -139556623 9151098 
-1064612210 -437145887 -1397364848 -1855327542 -493953166 1387158703 -1092739972 -291283444 -61154749 1465160200 -264731270 338236565 240734844 274996167 -683157895 -1417501118 -1795106429 1437972253 -961599564 1212813978 -39002727 -1110748047 560673210 1829601276 563746970 31695384 2010030452 
-643632222 1287898200 -1297547797 507084115 1935119694 -1682544918 -901727429 -418855470 -1188034914 -1808905662 520267344 1036198528 1576430258 448194400 -1888315683 1314134004 1984354078 -2117558488 -1920789343 -394885180 91717266 -1085521198 1642208680 -242900155 1750722157 
-1707523671 -1721492448 -33482954 -1415331241 1031162131 -473565479 -462494692 -1130945018 1434087743 -1523061153 354831430 1081851180 497483325 1488001102 1378969531 -638900471 1462747133 -248795775 538780170 -1928039776 2146139438 -790635837 1350234519 -1791803156 432690725 -392355000 960952372 1354839121 -432262217 -1413671901 765170491 1588111192 -2118262095 
-534890162 1146172125 -1070453903 1297539934 -497434762 1420268868 -389168537 1950873201 -968936259 -1072417826 1634972877 -1513886622 668002351 1461162896 -932633717 -1148455053 2059046187 -1648278486 -218714872 -1863759616 -221117819 1738078073 878093719 939895025 -1730396715 842106031 -418565185 541941409 -255120774 -1778392752 1530500795 
-1651218151 -2093093726 1583877294 8714566 929741313 946747005 1754126936 -1134965583 -1063213670 1748164864 -593956241 -934721935 448279411 -829837336 50194430 -1875552433 -971106738 -948105285 927439399 -415830355 -1463436514 -1250922874 -402056780 -1802426856 
1600961842 -1155189102 1347276109 -359912450 -1265529213 -865511887 -2041231943 2131920105 -1722153552 -426712493 -2049051957 -1667352721 -92911805 971073367 771699978 -257220241 -1413167937 2016363870 1943194021 -423727487 
861207148 -128309967 -1070357056 56780201 -1515867531 458713331 131953904 611966964 -606287047 1666071427 1720173796 1933896076 -948014079 288496355 
526718710 -342100683 1611774762 1317451925 -469492204 -226127569 -596567263 -389514545 774468991 -1885372346 2104852737 1201288775 -1642902321 1880666590 -394099531 2006094036 2096787578 309813728 -663512012 512782821 1338435080 -145458180 
281593829 -987851852 1746333158 -942095328 -202169114 -1209761273 1982105291 1449137174 -1199000446 -1783888321 -1526456034 -1418621172 -198175095 2002712500 -395528634 -394560178 1820568518 550743968 -987392 1303665352 -667011932 1216498817 -1148315215 -1200993574 
1542974223 1251422378 821378126 1176801192 534213951 1719933591 -2076802496 -1366604801 -854221001 1718746829 1640054286 1296804969 626522141 -1962137959 1194604399 -1520000519 820659318 625285345 -1131593552 2076391900 -838218667 406049014 -333905765 247285392 
956625659 -801577139 -446899344 -1359225816 -1792956183 662711269 -766382647 1247981848 -1756038060 1542301691 -1897470954 -1079214520 1611665942 617601824 1025780103 -278145442 -553324010 815113250 1957995298 152260605 -49852240 -1049118173 -1488783575 259825857 1398061191 -1127050541 -464894615 -1150124694 -1495709996 

-1727553539 -1292972294 -348223432 1337172510 175128206 -1486239597 -1754085252 1804531517 -697221510 1473325242 -1505122428 1520272755 -1789502659 -1849443893 -78248505 -581222309 -2054431985 604383619 1208659302 -486802080 -1773392946 749104630 -1641869963 130787718 
36562054 -502914221 -1099952206 504280486 -865676057 -75602342 -264901401 1029181949 592890887 -1184790036 -1503177426 2048643495 -1858249010 -1673909230 -606225093 -206265273 1445174021 -327109535 1433783240 -1603588071 -1388574785 
-1763532918 -1947062647 -1886990176 -645427869 -1445351367 -17446225 256778430 -223293542 133875590 -242546889 -1302316833 -1325212923 55472251 -691881867 -348814666 527117452 1903726440 -45912840 1478548471 -1311619761 44339436 -1034026065 -1004999628 -435585846 -429358231 -474819859 -752679013 1129340081 -28738598 -2133402166 -1297105086 1229802526 1972295663 1342580682 -2133671890 142849446 -975915709 821996237 1597985345 -1525598033 798423532 451026266 -493690129 
-1374493169 -101069095 -994796434 973051753 -642111852 1705312624 -151384846 -1592691735 -2061948108 -404954900 1062313153 1800916866 272460401 -983996311 -2012999614 -496106697 1754613105 -1946492900 -1803592222 -931752869 1981216116 -946194272 -2081074775 1171470989 -1469290743 -182989037 -1677450877 1728440532 
566748517 2142463359 -777010171 -916057307 1513876065 468013098 -699564634 1090388777 163137168 949989558 327944346 -642984828 2104696092 1750293589 -1396481370 -1210535843 -1734634601 1988976354 -1352067814 -875612714 -714146876 -1984139999 1882119324 -1398332191 -207762202 
-487637040 824927669 240287674 965941002 -77565059 -1766026120 1355579798 2014684602 1638742917 -673824576 1848835246 1620561953 -1965061069 -1570303288 -916522636 1332947828 239463940 950593604 -394457692 -645279049 2057732784 -1479458328 1030830081 966386294 670233993 652815207 -1563971361 -97318122 1719658547 -1529095105 
-305745466 -688338516 69381201 2051414042 -818743823 132679473 -457511095 -1249918344 -2102117076 -855902166 -153555465 -520320342 1925925782 -990496763 -90563040 -1128843439 -751864436 414293821 -1060592385 -1507372127 1064654980 
-635202715 -553861692 1182757885 105804329 -994317494 2067315806 937780493 -188585513 1225376056 846430762 1061017154 381319311 15395409 705033219 1145014237 89206520 825674013 -936106717 -1676608721 1842777856 1259801549 341029222 1995977343 -1868857900 
-1219057939 1469843582 920223176 -2103621793 -233351229 -994168553 1034887703 458499875 -891497723 -231337130 -268258774 645318764 -1125330977 438263229 2063759017 -759837918 -605534936 -428633826 -1621679525 1888060484 -377663553 574159203 -1130899502 
-1855595526 1348162979 -880029075 2087250774 105336054 125270466 -1881802003 1530373719 1322030599 -1402842755 -818702383 1851362382 -700894697 1832531962 2117373865 -412912133 470084026 -270374578 35552246 571095012 944503203 634988676 -607428454 
1746065063 1405484581 -1618310953 1283240038 -587254227 -853622639 1083769279 1186740185 1014992368 753395181 1300289218 -404318985 -1031816532 1679210409 1534884847 1569005673 -450111166 
1902527904 988181487 -1201126012 -1480786778 -1506214566 465381586 -2034034178 -1819505376 -1241359395 -659847778 -1566599534 -1559652107 1108164643 139025187 -82349171 587244317 283555039 -2089985070 152947386 963397678 -620029021 -475964301 1820496000 151073073 -135386790 -749113647 -276851146 1830226842 223574435 
867036822 -20607416 -575496783 -1586441648 1045298958 -571683855 -158507149 1824068770 527059125 1688002469 1497487639 -55033595 -1749840275 -2081244205 -1585253309 -2074525799 729496724 -572113945 95929879 427648458 784883830 1172966939 498967115 -2109255963 -1475503667 
-2096918716 1881911753 -1609439243 -380077350 1415245781 -1820071027 1762431810 -745135391 -1039363433 1468028486 -837332718 -1105477874 -1458484811 -228449202 1459549987 -817063074 849492208 840180167 1172673599 1597268715 1238576857 1079036265 -1313876253 -2089014200 
-311139059 1729084113 -519896444 -1165487965 2095765454 646287238 -906630251 2063805617 1691161007 -1019472414 -1605351881 854377539 804742205 -1736910355 -615284806 -1902366780 1404219903 76165734 

-959886229 442781020 -1380642959 -1192573213 532345927 -238396039 -1183630841 -759744069 637427679 48245549 -475017368 267397327 250899862 -729596020 -5599503 515233673 -1515823841 -263735711 -451813182 -1135403464 -953840815 1441757820 1494589986 -1379432695 
434945247 1404715302 201361506 -1982866052 171831742 -170032933 533026200 -2005923248 -1906507686 -45606402 389585362 -1124556468 843728434 197051324 2038523837 548159925 1166922500 -560243786 -438480816 -188056220 -51392971 189464492 -781227979 1175908490 -806508944 
-1907662808 -5558953 -1187217869 345150337 -2011027203 -967947654 1776652008 -967652980 -120295861 -335493574 760499618 -873973725 -83343090 81320733 1206288208 -416194610 -1855095631 1987039794 -494331355 -1762064037 1150560876 639741305 -991197655 
-1885839078 -1573469172 1674065251 -92297413 1792153387 -898918587 301578250 -1236675343 -883366967 276435000 -959521858 -1687634973 1399411147 -714686156 -1783329858 1364836959 -2114443011 116911666 403905440 982326900 1031199021 -2009775429 -673524112 891336257 -1739596120 

2105181556 1888738477 1741653802 675562440 1599997584 295608228 1536065879 956138807 -2111211084 
-886656877 -1808791597 -1313552058 -1397436410 2132948504 -1023883463 -670844990 2119667333 -53249106 -996545504 889716610 -375455067 -941332437 1270743795 -264327584 1841616367 680885818 1099339683 -2095523008 214019786 954446332 423280572 -342967182 613359656 -818608696 457117324 -1860447445 1223867177 172639940 -1065750723 551147862 1296760780 1076547740 -909745892 1495065574 -1131939967 -1833596575 -1303650754 1430736260 -1107404256 482331014 1186397849 -1916757434 -1587757705 -1167427127 -1716755792 -1202305304 536377122 
-757433435 -1097036791 -1324770951 2133418852 956888528 -626838439 -458047932 -1413536685 1898770143 1586822330 -1809546608 -1157237618 680539861 -116936800 166278391 -410186185 -88846807 -767424449 1149023325 -1607339689 1086753007 1909646558 89952034 -333839091 1807535812 -1118444445 -258261420 -1485065847 -1638543539 2095652997 -618720154 -1331194016 -153383870 -616289655 1569906533 1407244758 1362040436 1082489651 -1315873397 1150031299 -1668249425 1994549686 469369292 1950502841 235371910 984668562 753434556 -1447702786 612543230 -1694452200 -910826560 -79345741 1191176345 141512319 -906100791 954249134 
-1417163586 -1270512331 1410838708 -407113832 -1614157153 1032631026 -1576317438 360197189 1844103726 1540767095 1544469013 -382789015 702260903 -1288458303 -751656404 1012882526 832701185 -1449754504 -1804543997 -2057077760 361021199 -1900556109 -1544045638 639217034 -1201192096 -1140292530 815502138 -2064388263 -1930000697 1161710910 1510593755 -905083741 -303804017 454538664 1072677569 1448827675 1049691705 204325636 -1493083411 232493966 442841001 978897529 552196058 
