-1615662394 1621549933 -1602705035 287053858 -584142353 -1530768170 129941782 -980942931 -795414577 -713729187 
-1064973181 -166555583 -219006315 -1258308381 708608606 -554862933 1624646601 2031668486 1064220154 852618304 -21520191 
1938939725 605212300 -1078387699 -35303561 1633420413 -1913698721 -301846305 403877212 391326151 -748096125 -1574841567 -10942896 -334006871 -1375577754 -280070643 -1005428517 895010563 1877897794 1951103142 87506490 -1266112702 -40459442 
-1682616736 1529878492 -702013699 1595349316 -1807342319 -1936183274 388016072 683296338 78982163 1082070891 -671060036 1722180823 -280131275 1317662335 -304929429 -1518413818 745387802 -886048070 -1629342958 1106028607 1845690985 157766649 -1506773931 1645753589 



168852027 330876827 -1103219210 139986914 1419477080 1763038246 -237743828 469210577 725297198 -298597895 460742432 1178219738 1664892945 517642259 418616324 753224666 135577167 1002972869 60472776 585547823 268390363 -574992814 1712481609 2036029819 
1095253346 1697452474 -770974724 1904883918 693814302 -594253898 959291558 -1851650472 137806785 1083841545 283992055 341647029 -1931202002 -1284697828 266403457 91332746 -486875912 -575237707 1871831815 -1407951281 1672102404 -443104194 928221244 1612337779 -686362431 
-1302714264 -2041882140 665945961 -2103517224 783150729 -336215621 1098178170 -957781959 1798335823 575185572 1796489221 583744095 -1265042892 1650047440 -1910661458 2000673741 865155317 -1083489604 -319841469 575205660 -1795284547 -1817144714 
-1078169639 1134787440 -1608465020 -381757766 -553336498 1681429392 -522105567 -1346995661 -195376913 20523637 -2012742914 2004630988 767902085 -1288627035 -44296054 -988298594 2047529303 -246511330 14189890 -37564750 1723791573 -1092518841 -1935529901 -2003281671 979403398 

-303140339 1634568167 1366371304 1601408775 1792971887 1992485113 579374921 -1753235357 739697416 -1470391482 -1144521869 1216168505 -1445508313 1708923825 -1857011549 46201587 141161553 -490609110 1237343779 -1289494998 -1918291441 229499884 2132493307 -751953854 1416913113 948823314 
-1371524529 -238921700 168774613 -490525869 1609569197 -1470479874 -2082251199 327468983 1452703218 631310066 618998564 2040535180 1287376135 -195688788 -364683351 1856204736 -1536628240 1059349569 -197624599 -1566018370 1461497882 
499262513 -215826182 -1146630423 -1149366736 796146499 -677199959 2075137934 16100731 155382169 -542024424 -187357466 -183727890 -1929646000 -811247519 476554938 437547524 -1076477041 506945316 1631934928 -713374175 -161068115 -1291705715 924263053 -2055954365 1439552376 -1057102490 1247376131 1421333258 -1846070167 1196025316 
56144012 1323925566 745556985 -209564754 1629162622 1687733701 560234654 -283412182 214251673 154717977 646119402 -1911596479 -626995578 -471654198 1150345947 -1244844755 197482896 -1544552290 1849546297 286617133 1523070280 -1745885582 -1345727996 -42316221 -1023916910 -947982948 
-110342811 1658577480 -1663692218 1510976452 1282111899 -105956888 -136141734 1298171376 247234625 -1553580299 1775272057 1629167955 1963714778 1848483935 30914831 -1721966476 -1384173259 1269171751 -727484553 1926822286 -1064298578 -561838910 374241133 1882073712 -547741908 -1772843705 -463298513 -735848256 432810907 2020322177 1846830512 
1729225833 -1448157459 -502428470 -851794247 33165615 865184926 -2009335982 -1693371137 789662034 -1967612730 1434802303 -1729977546 -1730077638 -1018375372 868857082 -359944837 -838156852 748816418 -1879809730 -1482574757 1397152103 1318320578 -1919939652 2082686651 1321556847 1058417554 -1726888123 -1019699191 -1295323331 -1035337416 -821576702 -907061321 -1868941724 
906846217 -1791529991 -1790741355 -1147574437 2083963146 -1368563067 -1166629299 -1501852443 47798585 -74869523 853761239 608286309 -365508656 1366326007 -110040382 -1536854728 -1162782883 758853868 398729502 2142450350 1684322163 1401177102 1082422761 -780081079 -2076114599 1447707643 1523489763 843677472 1910388572 -1278400142 1836158961 -192671261 335292669 
1900860994 521793442 1980934068 973503286 1139059362 -1084326869 -686238885 1966633381 556385001 1139674631 1303986093 2120772854 1575827143 1496654751 743748333 -598724242 -724124116 518613089 146548298 463075543 1034973536 860150778 -1114953298 -1001423454 1383419264 -1684306616 -421646512 
-1178355803 1438784795 -90548426 537203271 -1460811961 1483313030 1948672641 2079823558 128790099 1591788372 -121667082 1030141607 1138126445 2084832811 1455011486 -1332531221 -1787723161 -1391506267 47562401 -1479634505 1384204632 -795291176 -1275579034 -1627288257 641549366 -1960821010 -1690585415 167205689 -1877065196 605955541 -1566914784 399235939 448242607 -89268043 -449727798 48649229 -1118483250 -575933773 -1126018441 
1269870049 1744422702 1001946477 -970078743 1676715220 1172091890 -1846058324 480953131 -191614187 1765085637 -328951955 -1798185069 388081077 1378389790 1898114146 -1557064814 1510926954 -1133801630 1720980797 28730137 -347358792 -642510781 -1820447073 
-1981916376 -1182558333 1155222841 1045646359 2054848733 575554286 -1733813065 -32565637 -777382359 -320402077 1610605940 1767137635 600605531 -447081303 -1579178753 -255977137 -2031794410 -1499186071 1414211095 -1527564521 -1420003774 -1304506211 -1534241246 
-1321205127 -142553484 1011195209 49774714 628836421 -1628789283 1812690193 -486314621 -1894323825 -366946396 -993096468 -258602573 1990876722 -1444656332 -125110878 1180697088 1313107483 -1668340563 1122929170 -902183664 

-1163330654 390095399 996699140 -249533983 2139577831 -799104069 -1367846769 -1486686783 569616210 965623373 -821844528 819751270 -1908491977 1959920823 -205095789 1795917039 -1947338841 -412593576 306224767 -1246974083 1967907127 -1923670244 
1794650323 -797477548 -1122340084 247295706 31178693 -2080552953 495854885 -869670084 -600848058 -492154485 2100332793 2107718601 -619904543 734999788 1641123769 -118493074 -516107545 -677064584 1015720864 1670885203 -1266418376 1856631169 -1790232818 
-1554028136 1482440432 -1966375952 -1784217260 -1165245629 302403751 -1547686081 855424492 -767373585 -1493681667 471411007 481579856 -1159399902 -163872568 -670534538 228126168 1466686815 -1097726051 -1946217586 1952786848 -1167321018 493824123 -565382898 
-255587180 828882351 826225197 -2045489060 -1937542258 1509096635 -615240435 1098085211 633942174 -335167327 644168335 -285798832 1140736339 -1309708471 -1928162585 1367350163 -1222696966 1090771573 -1415807629 872485974 1701575108 1115473770 -1339382294 1377075141 -1621751304 

1383171542 -1327157807 -843958476 440061689 -948606491 1979067826 661493176 1229544849 -1197736008 -90692969 -537783066 2114546431 -1248446467 450036113 -1121852130 -391245845 1167445215 1992133808 1703636559 -253605004 299761925 1598058163 -937257388 995678077 -794105102 -1364001409 -561835914 609405679 -2003074509 1081663758 1942017880 886400651 -1806414490 -2125730602 187466617 -1533466465 635096815 1968385078 -4597925 
-282522488 -1451471209 -321545592 -669132379 -865966887 -718992756 1131662214 1401651579 -52782674 -215597756 1940450380 1097169517 -1496153253 -624648267 -132531852 294882516 -510019461 1573583796 -1858864241 -1650241027 1087470306 -855728580 -1357938916 
-1027921631 136274050 -1375944153 -928669310 1944549572 1339419693 804594772 428564003 1236367164 86099862 975421143 296003693 -1183278002 -509055710 -1155327633 -1509410607 -352970836 1484087991 -748298835 -893593335 384027621 -36096079 
2074374504 -1050580109 -583605335 649449170 -770985980 -462685660 -1644688909 -1092479140 2059151470 -390389628 -2084457688 -1760619305 -1309378824 -1426560795 747578340 1848535409 1279958735 -352199779 722269921 -1711063758 -336926495 1887151498 -1840883507 -1685851255 -316299667 
134905445 1570289399 -549159931 -1058179900 1539999697 1904772302 -41585109 -1518000929 -1835180775 -1381341339 -1442906467 2092637196 -869948815 -1098144428 642377365 938814214 1509293621 514129552 69996335 1295507735 349900568 -1323020349 -1136529118 -2122275184 
1719778988 788515135 -1966587273 746189858 -817626416 -124757587 -186265994 -737822291 -2065224275 -501362375 -1375243445 -2087597529 -1530344684 43738031 -2082135695 -1075415739 -1314897222 260548668 -908103489 476044519 1037293239 834575684 248751481 -1232649444 -1229873508 -1421219199 -326864427 -1324833379 -169935374 -266452752 2055966816 -347213195 877133993 
-1317380752 2041628221 -405116513 268734894 -1484330477 348195132 487732834 -599305273 -584753550 449941885 -759840560 1790854059 -926160343 -1317075035 2117236971 -535561142 1495680247 -1787605827 424351168 482054315 925473482 1367951856 -977340557 1864439092 665571874 847713399 -843105953 -134586017 -1634918614 -874760508 
-1871937359 -1408392842 325833369 1515954755 -1953921819 -1416941274 1977848007 1103434549 -1673419158 -1386574208 -1681485606 -362570081 -392420413 531316122 -1328336438 -632510460 372217631 -167566531 1935514005 -1826433213 1898603636 -1289866764 1853851288 1592670533 621376405 1367529799 -690061383 1037908068 1587369401 871511790 1161524738 -657156499 428576546 638685277 939809728 
316733706 -91630958 -921237485 625666257 991406450 795110583 522241855 1997678505 981857826 649711345 -2056019601 789965076 2075425069 -1754112464 -1989972354 726076600 
-600026273 -744883640 140717240 1131363781 976820659 -1750677641 -655690079 1225780178 809816256 1184855036 1657011980 -2033148315 945765981 -381581366 -1725778800 -889782970 -1309940600 -227172655 1929537320 -1968260759 1980690335 576102757 1974758167 -527166994 -1587379488 1258787987 231290723 1380349894 
-1216107599 -472928098 580873926 -1929392686 227427757 1874233955 -1807604043 -226111149 -1718752249 -1185178642 -1458783254 -1937066081 -1888855993 -1102099212 202376970 519210875 489329713 352205451 95015486 -809790327 -1177255253 1636859437 1751960805 -1884296058 -1058327453 -1808647634 

345268943 -673849801 31382162 -1235985243 1997886531 -821635143 -739751233 -925974157 2116073875 -949293927 -1929310676 -223394237 -823327631 -1492085180 -1422396856 337873588 -1224401630 129477310 -473769453 -761957649 830690018 443005300 -937244629 -1090733942 
766758164 -103745696 12202383 769240528 199559067 -1929343125 -896449799 1568724083 1844316325 1222658842 -1795812660 1133971434 644027044 -2071284726 1080771667 -1172637942 1524226091 418605873 -1540272891 928504909 507111352 838783394 -1840227 
-152902320 -1625009874 2082478916 -865726917 -1265919544 -146696106 -935754644 -1075052873 1362444082 435896620 1308543214 -1516419234 -316805791 -283970654 2110112457 256128745 -143796236 1592208791 -742546614 -1475159959 809533550 -1102491413 
-96905955 -1612038206 -1393170286 1439709540 1162755774 -267805094 649757387 -1613954528 -641458226 433702195 -1927767532 -1481100432 -1301300850 132649034 1515086741 -917551231 -472535598 1297874096 424633396 -336397367 -1936215873 -1703339398 235498956 2070004899 -1946552483 -1436590891 -470254357 2028467946 

2096858381 -1872138185 -1785873879 1926527659 1448060863 1469170259 -1800821401 1386630680 339480713 -1520648637 1235879386 1346565986 -1019606184 557237615 -1215260089 -254413954 1333169812 -231486448 -254836345 2113626067 2016461171 -1124827579 -980160128 2093980730 -457497051 1130252380 -231085077 933875128 
1976471884 -1928300259 388346139 -1209717074 -953361726 1397863273 -220617899 -1703880749 1300381022 584531416 -372688 -249206116 1498129043 712996100 -1957456233 257577269 1937929847 1026006624 638940146 1361330577 1378550353 -144405396 -1633178433 -179716039 -68691441 -446887665 
1121912863 1234286551 1888973117 -1433639051 2035331662 718969579 1276001863 -1710122202 -516801117 631892201 -1251204309 -2086596791 1223634776 -69975090 -1952494432 745720189 1469604635 -1882721607 77298265 -2048744950 -1395588666 18747693 -353811330 304233524 841119813 1604664711 -1163132766 2074102262 
401115627 -1252199719 644011113 1927085455 2073169077 739234279 -89396000 -913568320 2097452724 -609949274 159295623 644030913 -641432695 -366881835 920462429 -737905441 1180391234 1491624003 355511039 744063210 1033020138 1531129370 -1130621708 565002799 -373647886 
-871413483 -658076314 -450891985 -90844853 713059005 -633159561 -1208903979 -2098273571 65023740 -34207973 2010484140 2005238652 1627423124 -1945460554 1732835724 -1103900871 1831121839 -2092773581 1594212436 1277088563 1218638067 2066676012 -564496016 79628538 -1229685849 572385213 179781331 -1916266553 -351187519 -2133740993 1683380511 1303976241 877612834 1751153286 -472429415 1080188208 
449637052 -865804829 203522799 775191790 -59684506 -1627094213 -1036277461 1559981418 1527002492 1134212111 187438321 -1024053816 1485514047 842837023 330594730 -1538182166 171429183 
-1340190729 -1609739841 -685680013 -498620750 -246541059 -2014798335 2136598817 -352617433 -711550744 -1640036513 991423837 -1815505691 651003122 301355479 -2076066479 -2057621204 -1732880965 1167182168 -1759379310 604700412 1008861996 1980909401 -762260661 -491828643 -161875190 
-2060113506 632231421 1137215589 1433366406 1721676111 1567322109 -722906798 -1476986124 728544025 -1455337681 -1297969677 357169446 1769285929 1730004186 1369697997 -119737087 -867406758 -1571370333 -1352804891 -2116679399 1532773594 -446277086 1753167118 2114687143 1528211906 1105287154 -110195633 -684400600 1826877809 1110456784 60042487 
413094965 -1961541098 -719369048 1966504258 -312384499 -517858068 -256967934 -267848147 -384405266 235397678 1877467610 -2019450887 -1176630209 -1408683466 -1693492297 -1542477591 -1611617755 -1350446867 1790716521 1762264846 1607909546 1263776145 1093498669 -690339207 -429170223 500237936 -500225375 
42859161 865606129 -633518211 2097368529 1179462816 1885104801 -364350361 -982044607 1682032601 276693101 1837411174 1170293071 -176515711 -1502778845 -335032226 708456087 -2048458844 1656506782 980415499 -155006929 -969881591 -1103510126 -1181050798 -1947807140 -820758909 
1352824787 -389242938 332459383 -1893378098 -2079262118 1594374378 1429035201 -688516462 -2126689242 -1255768098 1080355801 -1215922151 274716737 -818950516 -1838632566 -418097805 410512902 -1246836586 601704967 -268536855 553777877 -796330225 -200592428 264534019 -1558286684 -1450356306 -2133432178 -663729824 -721557281 1319381935 1482702178 137676518 -681312730 
932589850 -1709608257 1090165013 393077377 184835273 -332089027 -1489485594 1087289066 1721618896 466837734 1007188437 479666814 -1590980938 -1841747618 2101301586 682286343 1726292444 604372313 1719363643 -227427222 -1292546302 -1456595641 -81416664 1315425173 2035823922 -1318791481 -1573381968 1277354320 -610794975 2033071703 -1665126673 
1300263478 -560390439 -1273979713 -23073397 1579952014 -1192760990 -2002313132 -1051419889 -523158996 1024540563 937569538 -1312736102 -682579694 -206242172 -640452347 929377206 -1921146039 -628971150 -1539842399 -733431887 -1066170783 -1319208519 -1714950643 75089867 
-1580767450 1523853644 -646522452 159195722 1408253085 1106623990 442840960 -1664010661 -562489549 1930508136 145918252 1540385950 -1422916823 797581516 146892670 -1843131125 -1815709223 618169365 2116812195 1573838667 
2004722449 209222902 -1311105082 -1142721444 1959025793 -1548565406 1000037810 242743227 -648433827 2144845736 -811479909 -23217824 -421933230 -83115753 
729132816 390677201 -808360904 408747489 -927325666 594721375 483206093 -389561733 -358592075 -1182347983 -1483058073 1599125341 -2056427625 -1547563931 -548498914 632245899 -1572547819 663323098 1207192850 2121233251 -54987584 -394467634 
2132944414 -2111108072 800495161 371150956 965991036 -1932538363 1685773832 1069954210 256591781 -754303425 -459495789 155537041 -904413912 1076328366 -2146142869 -1228279590 -1344525896 -1488102502 2110894104 1053238990 -1127601266 1359607716 -518780937 418832543 
1682596514 623841897 -1951658410 546125056 -1884186211 1509587418 230125681 -1862037519 -1435808513 971343096 1788834760 -677158180 2050047296 1516965451 1767521228 -882279851 -914769267 2094382596 392915686 -264045098 -256083589 1342372056 1797268638 88091190 
-1698184916 -1003231349 -1639498205 -26670908 -1486939791 -1983463298 661597486 631341348 1610441243 1850289496 -1598151634 -641472874 -1021602568 1912281404 1896521564 -620589450 352794745 -807765985 1915596478 1459695829 677523166 -1931645528 -555673129 -1188448718 -1911113344 224999614 -1760035267 1539768633 -1692217374 

1401650803 -740320755 2142039355 -1672104164 -498563056 129774727 -907969740 -1287975085 1672782059 1046201430 69309543 1714397486 2109777327 1923542190 91196842 2118318486 904792296 619114423 -1234677945 441619344 -1413835179 -533945904 -921157440 100311147 
767844515 1050453783 1488882274 650733917 -206665931 -2080343362 -1835853752 -656818889 1608836074 -985797931 1350560360 668064965 902687442 1046001559 822933600 545540029 -604530506 1739308918 -406754338 -732960038 -1817939234 
1246982499 -432795365 -937061405 -1593504556 -1013820437 -214931339 1208028342 514379421 -611479141 435455479 -1292645412 -1535042386 358090442 -1830842919 768648193 -596104094 -115514039 -667950062 157165487 2102742388 -576679859 803943761 1995459492 766896288 -1201434908 788101082 833062732 1434733163 335020799 1814044868 2106958119 -1983289439 375660148 186734371 519044825 -1103038504 511075140 1947054783 -1400932131 -822842921 312045990 1612208180 1072586219 
-476960077 778990681 120440501 111466419 461090607 1517511327 1064755402 2094849744 1709098812 -763786239 -1794321334 883897305 1104917886 -923510390 61880747 1650058400 -788925143 -2039308914 26968039 270715724 1866734777 975076493 -658698083 -851465231 1099670427 -902682962 -32236661 -27924234 
-1999432754 -1239218917 -1127831591 699686105 1257104383 -803396801 1730028039 -811983367 424363535 -997880852 -1977832717 -1644916533 -1730572961 618225906 -1004984123 1094248202 1715328005 -878346708 -1157615124 1201329287 427576358 -910656310 -692461078 -1289347627 1759705140 
-1117820716 1594693641 140839228 -1244519832 464264531 627238198 478769370 -199574575 -172442557 692893556 1035675789 -1084484288 -1999280702 -1914488653 -863882015 1179653341 482807638 -1791312306 611836562 1133373428 -2029965366 965006532 247848297 -1556598956 289804709 -532178255 -1732889692 1720562288 1973657037 -1097560554 
1576850663 1453867813 1569528868 -56548851 1470456604 -1071739442 371478605 -691115250 1744726660 -1359238708 2094458621 -1320402802 -408573525 1993347140 227433970 -715699764 -900826555 314833497 1124954745 -757497878 -785429468 
2127441657 1928624631 -231835114 394174591 1388177647 227281201 -549570926 -515485270 -219599050 -971179927 -1807658451 1750396437 -1102833509 -7806376 1318899255 -998449130 -139334233 -901354620 -24486427 1977234272 1304066392 1897496700 -1710912135 1741032289 
-104663641 -1458085619 669403293 -72217369 1806423306 -469594813 1350191944 849028145 1636882100 1913346730 277424822 -329380557 -2104256000 1170604440 -1849743154 1547032325 140257457 -2098285227 -1690511811 -749796668 2056151859 44139826 -306071326 
1407229684 -752970647 -1506050260 -875334322 -1696239728 -1083563907 1903061097 -157208345 1923081740 -645059958 -1133920715 1333259215 -826049124 1020338061 1821793232 -895381393 -222974279 1753897760 -1786481140 1590036945 1561524182 -74901328 -2138213126 
2056464795 2009184505 10537361 949337776 1557417073 -878685667 -1342118086 -192621219 2021228428 1216380797 711049876 918295471 295287062 -806503824 -1750737271 373763887 695887150 
-1184221592 -1681854439 -805653518 22646716 1000284012 2008826021 -1636745552 1298173680 766839503 -1295556578 -1609116924 771648915 954359461 1840484834 -1233614441 758795357 -2105834812 -1153974591 1108617523 -2104511458 -457914978 -2043600523 640818595 1776260009 -1375119113 -838999439 -652057444 1143632253 1864892363 
-1119140903 1925912465 -764891336 -611231254 1518598739 -1240623081 656949957 201910095 531533703 1164295210 -505447605 1372410540 -1824091249 1619275661 308144401 680096173 1101497333 1137460319 1656099162 21688898 138557467 599989700 765183807 -1932476220 642421671 
-1578384134 1036747732 -1385760014 -1290509396 -562300196 -1814428585 1251098054 -30127900 386481750 -1442182928 1094263584 -1712747111 1040568296 -457516992 -1676779480 -627306586 -1914521962 -924344740 133330685 -141382274 -1121283619 -62109553 555715067 -1900885503 
-617722952 995328261 779114258 -2007227544 -1222339658 1261690189 976455754 2122870524 36276973 1641722431 705037519 880794865 -1617161542 -1532098171 -1688893892 133248257 321554035 -905115934 

1589556322 -766739511 -122120601 -619981389 -1817650391 -2027578736 2087010507 -1033037894 -1516621442 593264042 -258556938 781683107 -268954258 -1240035435 -1185467204 762649987 562443736 -2122981784 -1481261077 1712064883 -784800802 1253031702 -1450544793 1937411286 
672522825 -387064333 36525024 1661429170 1244147130 1166181720 2074316777 -495287323 -516254341 799623898 -1916841233 673404334 425667387 1469251459 99276285 -501682132 -1484892283 1091890884 1997919738 -1851930045 1602527953 591478877 -1715197595 559722912 545492724 
682517548 -1061114101 1958424573 -1015334082 -511089164 -607729695 1257397981 2076909252 -1913057100 -289149254 1967917261 279940683 571684446 -295258604 -603984995 1141032430 100139502 566849630 -1543420169 -35141399 -238242969 1231223864 1892899015 
-1252105415 1200027996 759663896 -478706593 1966536985 -1324823150 -328645772 972403676 -1715611804 -517126313 -1943107528 623162797 1744154195 1197221410 933363547 1399679898 1101065601 -2008853757 938446778 -896449525 -203274524 817002304 -1726601083 1731794350 1328318249 

2055614832 1307465381 -628669333 1623912354 341193933 1780592253 1531789050 -1363021586 -1267614552 
531636183 1159802947 1214443736 870598984 -865907625 -895555510 1189791385 -268656349 -1034323719 618846200 203809180 90602016 299691317 -1341851366 -1617199214 2022667172 1917677197 -968524884 -1754664410 -1190271917 1077269815 -117816505 -15817170 -498005686 671046767 1113757851 1308903548 1078434621 -1957619870 -1383425356 1085953862 -1675474228 -1958070823 -1532645318 -232745265 -1457114321 933873270 -101410291 -115175921 618873955 182364158 -424643805 1043218664 1180228626 824678758 -1379255778 1334441372 1708876331 
1033522201 -1998954553 -368737063 690706037 -950178675 -1281735198 1422078353 1432310669 -606472944 821447702 -727359104 -397932157 1818469846 -1687395426 -2069572910 -1911690812 -1894180045 -2075654800 372111418 -1959371548 130090809 -1852145582 -1914586729 -130128903 -1905244665 1691565110 -805843350 -1211145874 1796435168 47210407 1917339440 -59105711 2126800264 -714166204 -1427448371 -333247495 -1167434643 -1120127710 -1884701626 -149200796 1438225220 189075329 376915311 -1534637237 646318448 -1774553405 669817334 -831792542 247108429 -1632812521 -2066644825 -892610531 728510346 2063978229 -1928640568 -1646529735 
-643335680 1619357671 324281931 -1328796214 -1576738693 1513513870 738280428 1647164705 184387443 343449492 1210654678 635016525 1471273903 -2095460798 1340677262 1940727132 2106177396 870008557 -795042503 -340256100 -1961803153 -282224202 -1664304833 1691323644 1173939980 -402196520 1975225382 -316196972 -1587608993 1766266046 -269843498 -1932240707 -1864986003 -1637871805 -820016930 489749176 -1541019504 -1389267798 -1989100262 524379665 1137502396 -210810770 -1777694728 
