2119558488 704194991 1241057888 -343371586 -1586231099 -1490664211 -1040930773 377757704 -136230857 312142954 
693510448 -73114342 1328209793 1125449597 1137376384 1931436218 1589551094 -1481455293 -1993968865 885206213 883146223 
-1039579497 -594891168 833937216 -1242688875 -1971909219 -1095958492 -1628722528 -2031094954 -1771593493 376003833 -1591737789 86412984 2087459602 -1607880234 -462566791 -770104568 -566884761 -455211981 -830300940 -215770763 -1076022481 -1902482775 
-2028204981 -1297547979 -441993361 -1179615348 2032003089 867376103 151934089 -814121609 -1277479596 1171314415 -97503254 -1034980525 1368875183 1012115844 -1886236791 -2103734303 -1425902202 -568092273 1780943841 -105961894 683843950 2054565030 -1838241672 579833904 



1229299874 -1760324424 1145442685 1093815102 1531609343 -692822737 -1929948557 673290869 975438916 -1247400455 -913514531 -1050665161 1490280941 -1467046686 1837886845 467924407 -1038810852 1628439871 -1957511903 1768446105 -1636611232 1585616981 1520501440 450826258 
-605174579 573241950 -560872013 -2101851838 -577744124 109909503 -172001311 -1781805962 -1707576610 -990367742 -1531677218 -199092485 1368390033 -1821851387 -1755127365 -596078258 1517839085 -1415563363 1768964576 -27740330 2011198150 857492636 -1310539666 -650341491 1569993063 
1587747483 2088173994 -238905895 2000710215 1269375567 1691265961 983185281 -975161374 707463651 -49740897 -1679520439 -2074388500 -1158825612 1298709616 728968961 -796692981 -458079144 -994961953 -253250429 2064981775 -955480060 -869816492 
-1536142179 1563472238 -1888508492 -1111807968 -1006934590 -1256234747 -991280099 1248512528 1400816513 2087588002 1564160254 2031832581 932587186 -542002382 -627772618 -2033589098 277139089 -907763128 -790857873 -957310253 -321452417 863983117 1806076559 -1851095752 -659545618 

-848124441 267722786 -1412635260 -544639489 -79421356 -1376522210 -284845249 1409284432 2063186085 1006227900 1281249887 1250800263 -964499095 -1659126648 1166451762 -85162639 774103391 -1628795588 1346351318 -425194965 -11591673 63265517 510559294 206426587 748183444 -1111644350 
-872892143 1408775431 -616842152 -1717308070 2095352206 -1511733876 -832904368 -290549242 -109460123 -2070184853 -926329270 1166916461 2124347680 2082923563 -380660424 -438120131 -442765629 -1925468658 -1947336861 1799022356 -888304866 
-533697324 35431321 -954806612 -1066378061 1452029855 898619224 -864218085 1366266480 -50500535 300209034 -1354438724 -1385692232 1224211036 51208887 -301832456 -1182780094 2001516873 1704194727 1433965779 -945913528 838981891 -64153224 536160272 -173923746 -439455685 951567626 1447003219 -1915646791 1360629966 -686948302 
1124790556 -1732932827 -377503112 857683504 -110443669 282018577 -1343795444 1123280747 584345185 -318680096 139905242 -575014523 -971889201 241538634 -1471172622 1007213401 -966762784 1289392943 -828410545 2020755901 84626265 -1709443537 -1062040023 1936581333 1753483403 -386680452 
632045507 1476068299 1715961241 339886908 -718918847 674562132 -514183177 -75669081 1086097576 399263504 1506319227 -148997283 -625935392 119447900 717953462 1652770039 -80058693 2043151681 1361126707 1900215883 1740893512 -936102852 1378898043 -1087469525 95543229 -1035910929 179262562 -615003129 -1820895128 1251620949 -1721455840 
-2099739183 -920390883 -1134590284 1007099436 -689919577 -1421045190 -533485401 -1043086229 -971607166 2056732270 1477989709 1832629126 1254748948 -1250569926 1408259807 2086308773 1630141991 1929883750 3763868 -1694798567 -2117714619 -1276718995 -153024447 -1056254243 -2139185369 -2112316956 1547507582 1102010933 1707520880 581962134 -1452622292 1646517599 -618693162 
-1675000786 786607829 -938372484 857256821 979784005 1731402894 -2049836135 -1001462764 -156167961 1741009824 -605376279 82943178 362363725 1436575628 -762871489 -1935055017 1610577253 1265441954 938100184 1282655288 -157688458 -1241081537 33578376 176091985 1640627845 -896748716 1976207355 -1703520183 -1860947149 1708922788 1061350945 -1404310317 -2010981962 
-1099741535 70434872 597283813 1765624314 -930146118 741353054 729515213 -121771786 -975267162 336167817 225658654 278366129 265768253 -1418435143 -790723294 1621450754 -357548231 1428731558 -489124539 1183828562 -660881852 -1813287959 1065323442 549447504 238811410 -1499069457 -2070456744 
-915055965 -70712948 1120517004 -440456728 -1949687488 1462461174 1931567367 -1960777075 -225587205 1135610054 -1709406945 -2015243794 -89769313 -2127623296 1305173226 1425326190 239590344 1875415364 1500707913 -763780531 1981975087 -67612267 -1995073757 -321658671 -1076953684 -1846490518 -423452249 -2041182619 -1214653902 1010146639 -331384461 -1979242226 -1518277483 1501851537 -1915180138 -1696407136 1276093933 2123006355 1630593420 
-1404936526 -502760465 1373950036 -185963362 -1490936460 -1213649969 -2118202427 1884595498 -1142036564 605971107 1934418528 85374294 -56080495 -1851329634 1788689875 -1536854097 -1495159254 1160966579 -1509308437 -840268076 591900378 -1287708450 423429013 
2086583937 685401443 -1652413186 24326037 -80045827 -816651926 -1107573565 -1263576940 1711501898 1312023408 -1168867655 -1589841365 1290018998 -6211491 1887335151 390827618 1470959918 1186096128 963518292 -453250391 541486386 -1413544863 2060183475 
320020913 72658700 -849074624 720293070 -822595160 -2088262997 1307806708 -981430785 988318240 1359470211 1105617109 -2128329858 10899836 2063004944 -1610139857 1771116256 -91091763 -1489234789 244765716 -1005504021 

-2073916112 421336509 351462350 -394752642 1287833522 -72239733 511436708 1957354856 759598014 -900821064 -186399393 -1896498387 1269072400 -438739461 -185728303 1242488878 -684380669 -1127177605 -2076414950 1320847090 765159411 -269665757 
1884006351 -1187756027 980740306 -1629251888 1232997515 -978433790 -46271401 1546680551 1614927020 98079060 1467233410 71533857 1497590940 -1683592847 -2135176006 -133777595 -546043196 1907056768 -1198485551 -1527577242 -1967675434 -642382759 1378630886 
970284875 -812875567 -50658534 -386175932 1331701134 -1707954299 1618424301 528445832 -756974215 -302025069 -1838990648 -1995038565 -667487110 -1964649526 753942449 1712050416 312162211 -1224012877 1698745983 1507797978 -1972181028 197252884 -1376398496 
-1024347422 -183919860 -1279364878 -1058313108 1917507871 -1702806583 1057020606 103636462 516910702 2051560265 -552517601 -2064094451 -1834929127 -410601588 117342651 -1190109828 -1870686595 -246842952 -2057949817 285733910 859516534 -434504094 -431539433 -342629889 -807680426 

877494977 1620189417 1893630561 2100909495 -402288741 -1811290901 324343230 1992134076 1908619706 -1149069257 801993237 -720533037 350366279 -1588265931 -1452435984 465016078 8499584 341592869 1487644683 -893156 1335691096 -288766847 944857416 -2025757526 -359764310 260899127 -840883808 917067886 -180737221 1034881819 -430416991 -514904552 1306621499 -1979047078 1397144094 -1457850103 -647568985 -628227579 1893014546 
-1164964463 1859752782 1106644982 1507650177 263304200 632051313 985834659 1708892076 1103919409 1548920303 -609862601 -610617096 -393583312 -933905321 1772746317 1293505481 -887138687 1368373584 5522815 1540848833 -405528831 -262440726 1297636256 
1516304015 201505389 -1771317480 -217869617 1863381104 -201774658 -1411031393 503409652 919312195 342610817 2055339144 1063663644 51392638 -1083475503 523609725 -428097638 1737591699 443437532 742395837 365560798 -22085700 -1288816194 
-233864736 -2020976244 -604185422 -1558005924 -1726670942 2119762626 -1228967138 1719066417 -2115345638 -2099881180 907477604 1892192305 942550875 -852071763 601417526 1358916060 528766995 -977146130 1945417337 -480287197 -1653406662 -1472038611 -1156941702 -1092343512 514170805 
-947955401 -1178560384 640650084 -155934014 2123309089 1236738809 1311147451 -953739629 -1860831940 518537945 -1711432618 557871372 -1999667719 991661465 1731144761 1183706662 -1321300332 -1962138655 1759640107 -632756289 1229724043 1010880248 854186359 -1714528527 
-1321067368 -510302536 369032050 -1462339458 153498310 1230890556 -1974199764 117919480 1531171032 -183293545 680459401 -2077037791 -821769 -840340165 1016686044 659103349 94461898 -37645625 -955972933 -436205468 -1443060994 -1495400867 -770268566 -1330012688 575832796 -1730413058 876200085 -345178103 1353284490 -2064431802 -1545652536 698798366 -2072825724 
-1466094579 -1512128945 1698402019 -270356214 1657630002 -1197691533 1834691520 694200110 -955336204 -659443292 981932102 1920292072 -2124067648 1491375954 1942246909 -703270782 1611289303 472558198 1317034592 -1228891681 -1557461325 -1235418616 490696409 -2069222983 -250714126 1285418719 764313039 -331812893 212155177 1380628586 
-602128517 1898916301 1606955783 1477216672 579374224 -1584844247 663680253 157443226 -173452917 -1875345652 -764022974 1998402605 -117885408 1247647697 -2085244788 -872973203 -1126466757 1557582751 -142486400 955721939 -1650578606 455104438 1461367789 316806930 -1730017900 920489170 871976051 -570831057 43376207 -667669143 -1927798714 313937132 -499512637 -39668884 -1027518706 
1116352943 686627300 -1653279420 -359841541 -2010720266 -1592571835 782450997 1756004895 -932100832 -176230366 -1308003023 -883754265 -1179850667 1528397 -1833648193 63366200 
1115946491 -2091355380 869252180 -2089088129 -204496405 -689546354 1873730217 -425538969 -477092904 -99445880 -991005742 2098970070 1453609848 131781921 1203187601 -1572603949 -1765323025 -1965805730 1834291860 -1045818295 1147313756 -1931073452 1788353802 -1676706912 -182324566 451799503 -1858816831 -1138435063 
572876850 -140992157 13509288 -1896214324 1081428219 1329762107 884715581 -1483608342 1697885716 -660202609 -1019961264 -509397272 1781854212 535614179 -996244719 1267734588 409591879 -75884823 1165799402 -1925302681 823869001 -673850769 1110883259 1593829080 513768084 -1565750226 

-1797827060 728423025 -835599837 1747806096 21198175 654599652 2015431781 -93705346 -276939563 -1554019419 2129937579 1140192559 479469129 -1361114214 -1164301364 -970891361 -2063368148 -653863072 2005371864 -1944618272 1713926405 1130882932 -1140290849 -419015602 
-2104235843 -1292708453 1832861797 816425773 -561056091 -1289470882 714225791 -1186954959 697592025 -968366619 -152341710 -798463668 -1366534286 842931300 1817798153 1842530123 1380310936 -100590699 1973992419 -1954249798 894810834 -1478616260 -1415101888 
2005969450 -2024252492 2100315932 372025823 -1287501797 -51911084 -1733693434 1695054405 -642570421 -627543634 2115707411 -1077380780 1008220697 1296352401 -664180808 640992159 -1495418881 -1373625215 710466748 1939609940 473944222 -1499305651 
-1424761636 1843115666 1202140305 -256529605 -1571802195 -1280080616 1290425460 -1579920720 63480613 -978251473 804734197 -1220393741 -1262870332 117983592 -125062853 -1787176467 510896860 1095925070 -2100618479 -1333105749 1762212837 -1801338295 2095943836 -440719147 -954163781 -2048914851 -1003272060 -1416471444 

-1713811997 491593906 1274821589 329203253 1077865514 1600307961 563892049 1280827715 583526643 1353195243 1652538877 2017763051 -547875465 -1302731505 146060914 365719987 1868121469 -1753759739 3337010 394714880 637188486 1225378650 -1115565005 590920566 -1966490043 -226105413 -1997871460 484117976 
1390153233 -1788472885 1618336429 1182022541 720357444 2055099394 -88079027 1684849752 628224238 28374163 1570305525 -1013281560 -1836123750 1653010993 829115102 -372886431 -729302614 -752221593 -1911081767 -1909951895 -1849781963 478922574 1128922117 344777979 110049456 -211391822 
1841684266 -1096091190 1564862954 1668897270 -1598507378 -1558358672 -256854869 774636751 -1502502249 -211149196 1880107890 2095035277 1119436011 1645179425 -1613034279 -1830144001 -620231467 1907969936 739886101 -122209610 571734645 -152194353 -715729113 -1305876866 216883836 685239583 2054762805 -1824374493 
1684512200 -1012314354 -828526527 1619970467 772988210 713783269 1013299799 -1572561499 685292410 1335152962 -965184854 -2109471098 1922846814 -925009514 -111324770 -1542734205 -1571564785 -1309661385 -73034894 586026611 -1121298528 1269270841 -657701395 469833126 965926774 
827244338 -1886751022 -948178834 286821696 467058503 -1613210713 -440363417 -984001033 -1436353313 -1649344465 2020735388 1313041264 1435574205 506580973 -1930572903 -2087187870 1475891287 -2095830627 2089246967 -1708717220 -307816014 789270087 88152256 1651208848 1160134588 1786540929 481402124 -1033319535 -101027864 899423529 1401373585 1411736232 168150362 -646996420 334941497 -1793177049 
935655613 -959618509 1435328643 -573216296 1920219638 661943763 2124522003 -1553774811 -1645628912 66406013 -600634246 -872353337 1437373396 2142076135 900757170 588291097 -1531384729 
79773718 -1206064691 -42102811 885093216 1259067808 -2070311672 -1398384466 -271405191 -1867339861 784438061 -2137048466 759314981 -1482872187 280956427 1656415621 839974533 1389222098 -1966431609 -752025660 1821695276 -541739791 -1691614941 -1467939331 1990435358 -1537210300 
537144392 -238227025 -1748088965 -1443299405 -25907936 -315152201 1976044079 100373058 676629648 131809315 -1961615382 1501782040 1809063496 982640909 1053218915 1611578210 1417055951 -52667229 1792058559 196473273 1944155516 611523812 1277245203 783638989 -932205096 -788674190 1078201794 1332134669 -663362184 1887457395 169343402 
-827810405 -2130910091 -1235816604 1111231108 -1216864202 2124318387 1282051248 -218701939 997048193 -865094990 417040700 2046615021 1226317780 414397857 838364471 -1479726075 -1322842453 -1766488721 1395845625 -1415296107 -1138061173 1240253780 -1473895613 -679587819 -827865989 -981264648 -1562084906 
1217557379 312487719 370449922 -387190732 1498712262 112072522 -958481214 177008182 -1180663221 565924382 1764203898 327021682 -1686183343 1768180471 -1048412853 890055895 2117129048 1183210474 1678126104 -82389302 1764063392 294363933 -1949258458 417689439 1952551082 
-1527012040 -460597162 -761276767 385699668 -890049775 -1420501105 254695862 502022647 -6115049 1890069312 -305688045 1485170174 -635811734 604704361 1306678924 -595838948 1805898107 1163040579 -1873139590 1532682837 656871398 -874039998 963155177 -276449992 -476842836 -881587178 1290539588 1229156419 1887995693 743902350 -845898411 1961342667 24873320 
505396765 -1003852684 -51826945 -1812925318 -1195880987 1921750048 -857536906 -153511376 -1632297488 -1369312314 -2006897542 1854120585 1174211988 -297680781 -1993361798 799388501 -859492505 -116421504 670093749 1331353764 1022924303 -947781379 2117825812 -342748145 -1193974010 1787507336 1589143172 2043088941 -166822168 1538355415 -1529155151 
2131796113 1918461568 -1373588691 1177370630 -1091957203 171835091 482409827 972538001 -606302703 -1031898374 -483997096 -1936830155 -930139115 717469553 -385936441 -251307186 1997149678 1587692928 -907554439 968609858 1231276102 1036758802 851152037 491169392 
-1595981599 2123259419 1902982900 354242060 -386890641 334343202 -1175502833 1831763583 -386454859 1809051551 -645920522 1920932187 1811321042 124642585 -296074823 845478884 930183649 819991762 1416684289 1058144478 
1276292539 997976010 -1396081095 943435081 -634336698 128167465 -1804048661 1660305992 -1413021087 -18230254 -294197725 -644202703 -479624746 -1998016501 
952306200 -285414006 1448053120 185997567 766874519 1588490535 -586988554 -424766230 1585071136 428367900 1155599444 -184465160 -1218718617 -1444371301 42917315 -1389882520 844891870 -1061714703 -180986342 734676978 -593667893 -485560561 
-372067336 -1623953859 -1078720239 54770363 -1215506172 1292549289 -45637037 510761042 -1070585792 1148038038 1103614917 -2067947458 -59598282 1825449483 -1366152144 -175509261 157477343 -1473868052 218606244 487657058 -1794633382 740083855 -688597417 -1517415651 
442330715 -1712235552 -1114182795 108714405 -896053504 508908079 1941335352 -1883011545 1631814182 2039122900 -1191368483 408613517 748864550 181297257 -517661755 -426071852 -372905254 960510316 957519634 1082892396 -154284067 226159635 -357882386 -371390512 
1935671882 -885968852 108607258 942222339 -96440029 1988776389 -1674495524 1400384765 -583375348 -1627563228 -1053459134 1676856306 141103331 -1908449113 -897478004 2108664140 -1582050757 784413823 372744684 -340794846 -146976766 259467954 -1935909902 1522515464 -1714225199 -612971037 -1998040196 1463990569 2036120995 

1083861485 1815134340 -1925535432 1193436851 -2112489221 -2012598683 1800608909 783752594 267593277 -408173485 -810860673 1891196668 1141773227 1568831094 -1833253607 -2070414550 2107680412 -57731983 1631953660 -160225515 -151875222 685428850 -585251999 909788224 
-358365424 -721274283 1555141888 1536609062 -1871355730 2089694810 2119725350 -2126198225 -1715635878 1607446835 -1254698479 -1334727223 -1391958831 1718780502 -978494352 1808993681 -870721747 -1908417634 366409910 816203724 12589477 
-1546538074 -1227038499 -873794090 1761675135 797205706 85823900 573688245 458357958 -2113688430 -896471263 444758632 218703233 -442148120 2142331746 1063932706 1766305867 1956335342 -557445244 2121727700 -1300118117 2082655286 -1292864014 1014463580 -977144466 -1166496328 186426073 -434665445 -501985758 -54799038 -1608471453 -955813031 1097109822 -2091770330 -532938382 2015719639 2144494810 990791071 939500203 -1253894676 -62539115 -410611965 -1800343329 527173398 
-701720189 872421665 -306517060 -146679292 301653562 -1404390146 -990745829 1985075354 1972090195 -1977275919 -677686164 1149319301 -1608752074 1048804992 -1217009032 -502932681 -595212038 -1668113716 854388187 1830796748 -522502152 -2032171204 -1996641538 1059700079 -1578478001 835893072 -2014452089 -1394663602 
746675371 973172735 1082826947 471598601 119397008 1961531625 -1177663650 1546592034 1979165530 265128374 -1919139094 524533111 1853922988 245645196 101337584 -507358366 2141939475 -584286678 -559393300 -503346919 785968417 2039351011 1437192265 -714067991 -1754503841 
-472594389 -1863047668 991598833 -1577299108 1264777935 1244553317 -614136212 555698474 -873611488 909765394 -1377253526 439410764 315411860 523896701 -589096926 -1721989616 -1549993673 1338239246 1970042585 -1627347790 -1800298492 -784783652 -367657013 39240298 -254700578 1776758695 1831351614 -277249992 -1467967970 -124190031 
1052397910 -559743541 1507713482 906515939 -344094341 1293136089 -1355959147 1884623593 -1717785200 -155504150 -1447923464 479465156 2075898171 -4720014 -1529853324 769994782 1429235632 660033479 -53727856 -1013618370 1212126901 
1486929249 420826954 -1479111740 1975603600 1609855270 -1272494332 835977964 -280523799 923720698 -285761881 -946244007 805446224 -903450820 1674160685 -1985746440 1868341846 -1223848131 -1603232381 -1437729630 1090057240 -880035560 1387663772 -774807415 -764186868 
-1078078421 -418212265 1670995670 -829636511 897548635 1247429792 -430797387 1093031058 -1679511600 381644490 -1932640993 1848993871 2128765984 1674217833 1973985179 833326596 -1531609061 736964144 -1443781553 1569711706 1435815805 962340228 -484752843 
2020125547 1276301914 -1960132021 1432807800 -287732404 779921672 1668324799 20418452 440774457 -2134945374 -1277765403 -1303617225 -1449948075 -1137685447 1870952466 -616778564 -484347711 2084116126 -1271237843 -590167192 -1513020196 1570807617 -1865226217 
794877484 -318099171 -2026287426 24780402 -283542276 921849527 -1487094397 572532787 -820550892 1998258476 655513048 1913557889 -1202073841 281874055 591973195 -1333952298 -708621828 
-1524547299 1936052686 2109215854 1936374275 -1333307752 1138901223 -1357378491 -1988157578 57376244 149774442 -1843584378 -1595424614 -123516556 1365981900 610556428 -991628170 -194791372 726628982 1065877785 -1467720979 -1644137324 -929600232 -1724270542 -67102537 2144843504 758818277 1030986270 206988463 970130516 
999559869 1387128830 1238540718 1443904503 591458565 -891617489 -937348978 -1831589568 1199945025 1740907906 1998099009 991588776 992863896 -1166246836 -303317718 -164849645 -1714125158 -1807648582 -1775028758 2028236142 -825190374 -1887223794 -1335157078 1188811913 1373807938 
-1036527295 -1553606417 1762615548 1853109134 1799931617 -754159081 -1063400624 1157989619 605699684 -1815164801 -1583760388 -1400858050 824185219 -425254688 1234274098 -874747688 1634466605 1623571602 -775803435 1761454680 828222205 -786292146 -1809731810 -916541591 
-933409957 -393595987 -423184368 -1192066372 -519241438 -577370377 1089621861 -1925525616 -1360624862 -261368525 -1570672879 1255886582 -1610209753 -105531547 -1496010578 207689769 775202098 802565634 

1730413291 1454320898 1398122363 -729265788 -452713924 -1412181092 729341982 250268361 -1592397563 -1120883714 -1507309296 1237154933 1781329564 -2095703170 829251795 -1366118399 -617261159 -142446871 397220184 -467219729 687875454 -1932210994 -165628412 -483272646 
1153285513 -583401889 -1734398840 1226819911 1230364754 -1247669276 -1998938072 107373616 592874681 342568359 1600760797 233759914 1126191359 434038298 204218355 -411188679 1904927987 879076994 -971498316 -815194364 -156188095 220939403 -1870933151 -1383485488 -1288903397 
1092542290 2038712166 1667413452 -2079195414 -1225251301 463630396 826179591 -611917738 713176884 -42697873 -1565106763 1501065153 689215925 711419714 805715193 -75769785 1747029718 -1919154317 -1712485655 789287524 -699389462 15786306 -1125100480 
1341756257 -1627381481 -1347474674 -439132320 1820950006 948738931 -277268327 2137667743 861822062 2087821605 1593696709 -1602465868 -1014570878 1188626212 1222301221 -1561779866 1723083484 -1773685419 -1773791477 -1970474364 -1622258257 359663086 684028601 -705710143 568569701 

768057545 548418865 197751248 1772027067 -1699490345 1336841236 1511642554 1547723662 673356792 
120049606 1027048056 -1982913742 494978215 1255060303 -233322399 -921652363 1818884511 -1551750044 1851634543 1913801413 1114764874 -692201214 1841537110 368276497 473566652 1596267588 2120818505 82199056 116438042 -343870064 -1346759776 323280820 -912985280 1730119976 -247192828 451465755 975799283 689600229 1260479870 -1864024079 -509067206 736530083 -538450805 -141042801 759195895 1810882953 1132980377 -469556520 24536746 1462245382 -1032682434 163450383 1700680824 680961681 201638942 1019951486 -828464865 
-26865722 -1714664869 1787703074 326243962 -824604038 -1643920095 757029318 1002273135 1028337430 770025287 749665645 -155281026 -603334329 1667742471 62369752 -719375989 250369046 -321413447 -1296463654 412110273 1961684137 -1158912131 -380698747 -809585230 828856888 1987160506 -219393236 -2135692264 1473854414 284286181 -4414532 432714605 462593954 117305526 -1005284322 -1685538632 -1210815091 -501459110 488525988 -1725204780 -1867647434 -1018795846 233865372 -1949831866 432285562 -2140051302 527628939 432163108 709375211 1596250266 -41155237 190526393 -1660650145 517808728 1061790513 710806916 
1154122816 -1222136084 744080778 -807591662 821349842 2051606287 979732393 1285381536 391896301 -1122666687 -16055206 -1600371471 424554153 1924049880 -1451618638 1765371577 1678671511 -2040956954 1600655088 1832641315 -883640838 164666672 1449133031 1869827470 428444637 1654834939 1521155046 -1119085733 -1640647852 -2004717600 -228147872 1671232579 1939914632 -1606392957 471815927 -1032649279 19225146 -22343697 513952078 -436638566 -1534330284 184818917 839377423 
