-30783331 -918765516 1889357990 842938957 1369090188 -378516187 1770762650 -1200958659 1888556617 -1098199256 
2126108566 1853930750 -630935687 319282819 1255132297 662223920 -949108053 -1058377385 -1410475717 863529091 -1485654725 
622565430 -339039548 567567980 1325542567 1414930133 1204382128 -488507802 1179092292 -274544070 -840291001 -96598622 100870391 46815051 -1470105789 -762211000 622060897 -1068137997 -1799131654 2134096417 547597339 -1375719243 -2054573814 
-1986726028 1020632411 -1222746468 819693179 2136804294 436198086 27595750 2136996312 903528668 -984631006 -2087800349 -1806956094 1997075039 -378849422 2053733151 910589972 -1756751960 511616841 -1420891399 716552083 1212755680 1600305283 -410944803 320065541 



-1871482143 761881796 -1094365744 1244855851 -965487773 -1540992959 -1519367107 1579865564 -1471797549 -2072845142 -1905473658 389875245 1830172538 1345980610 305733736 -1936244462 192064450 -779321486 -2003400207 -508274199 -777899405 -1655535608 -464540585 -1166053126 
124108246 921451616 -460348273 -713040199 1046520769 -1133666709 518081007 578602259 -1945871069 1697150712 627361576 -176970893 1819432180 1947829797 1465010090 28148290 -57380205 -2015672403 -876692122 -1150146094 -2115369214 -936586433 -519591907 -1064186138 2071638498 
1479497485 -1013908564 1694055804 1346966112 -1838093880 1037639497 1761944726 -407343246 -218607298 932477210 -410182226 1323903405 -1577007461 -490517726 1776787104 -162306688 1647901537 -104273874 -994843116 -199463548 761176267 -105486040 
1766311561 756108095 607689903 -1653192219 2037552170 -552687353 562176035 1251559599 1847569837 120654069 1552560511 -1268208654 293501795 -1145996575 509664480 -555981254 -84476266 940302758 -978902302 1583376776 2056565395 -381880718 -1078753297 1144369257 -889439666 

-758616614 -335574443 2129698167 -1867942146 -1290849653 653917678 -1939857755 -1016665361 428424728 -1247678196 2068170344 2145492425 1525996808 -1711324626 1224225392 1395981525 -641616757 -1143162678 1452216670 92818037 1260670076 1868616312 -875547078 -342562448 -2036722032 -2038757496 
1627630550 1299361596 -2055886419 1893314189 -447402719 1938782509 -1248990533 1249858448 1925080055 -1518120220 -861812314 1364500496 870305395 -1715339359 1018039629 1753051631 -655767103 88106849 328315223 -754522066 -670420216 
-1355031657 -181385660 -1997132191 -1326023977 1940722967 1980318402 -1072354790 191184855 1188127435 272047144 -547982180 1792397732 -1445347705 1563848355 -427469661 -1473834043 745881687 -17089845 -830725187 -1871524901 -321138073 2045719377 -562118887 699202158 1751865674 717274484 -471703032 -1109171196 -31465476 -307703086 
-2145703889 250257187 -362382917 474094858 -522753306 -351532292 759656120 1383152445 -1807075844 -786407482 685991331 1031489548 1398671040 -995113549 184908048 1366672932 2055799832 -764193400 2035449491 335429008 312245755 -668590515 -123045357 518025914 863052447 -1052749604 
635635320 -1388612158 -855947952 -1036922748 -732778687 -2129249447 2120189118 -297510895 1308687436 -110604568 -1202386903 1722925012 1307068702 10476830 2125852680 -51092548 1859671928 -51561354 1591379366 1948629380 90977159 2101854064 -1418091950 647909658 158272810 327523132 1972068957 457337707 1865816934 -1405716370 -1571831869 
36530218 1009283296 -75787763 -1553492466 -267595999 -1625341519 -233277784 -719667179 1672215238 1304661697 44665735 582561796 1597525058 -2016877591 -1550459707 -272988250 1876711749 405159668 2049678981 807062131 -4111614 -277811026 -173553636 1102092038 1904424356 -108537629 -1997882242 1293594989 1308474416 1476837902 -829150488 1839937763 1463621747 
1926015195 -1871983165 1990072929 178142962 1550966281 932866273 523843924 33133843 -500933406 -1702078028 -1855603494 -1923522806 -1858294586 1721420612 -1926772107 -1250603700 -650273232 -1307090720 2035677623 -667203684 -887775936 910351513 491615081 223184414 1721823115 -1688494831 1382336146 500416662 -908601432 1787322523 -1799143900 -762895381 1241788466 
489539807 -196168405 -1178830895 -1425117966 1316851000 -573666441 -291320088 1940495971 -301933591 -1938421628 1345411820 857956316 264721660 -1828873956 -2103948730 1595637539 1677572243 -611503939 -424283950 -257117499 -1153347932 758673181 -648838719 -774430159 977602940 -957440429 1291856932 
2039077895 -443028539 -389531137 -2037611250 1186530681 415540001 1338268913 446960978 -2050839176 -639393466 865581958 -2079005235 -683962622 256569566 1684097319 -616982042 2019225221 -1618022991 -1121082230 -1997238262 -1009032885 -540936088 1785579577 -1074340836 -91510149 1209071952 254012050 653262797 -718105120 -960726327 -758518726 1392007269 -1441481461 -1136160990 -350378141 1951474488 -1348682488 1824427181 -2109261898 
900861754 2140675952 -1334244630 -1988280620 688825163 -612998193 -840163268 1553739806 -381539575 2117182563 2102007239 979202503 531199753 -1270261644 822588565 -919389836 -56568272 1908187637 1529818158 -661729226 459032355 -1451743263 -1175838746 
-1682507713 -1041917783 -42362363 -450498135 -191119935 -1904858076 993681308 -1092691803 1686017375 -652366712 17172121 -692154596 -1676353747 -587563002 -419667332 -879902201 -818205647 1953234029 1708656534 -1329581530 665356928 1088436385 -965475985 
660382086 1619597619 913182812 -1146061107 1324521873 -2000262609 109726365 -50600612 -932001741 -1790521759 -249624712 -1498093270 -2133471661 634498356 1364437542 789084257 -674743361 550689332 1488096649 102984483 

1716734892 1914950951 -112689834 667410302 1307229938 -913036611 -215822995 -422391018 -1464744366 358765627 1550214522 -2126616627 -1151154388 762128505 711598082 -923738479 -1487572024 -1545050704 788439496 -1686972484 48372155 -1979913407 
1822653728 2091925955 1461171022 -1605926842 1880291119 1870346870 -1499039443 2127536733 -1299538554 -572974101 -499187427 -1138706802 -1480062894 -746782619 1304022209 -1579092587 -1709756875 40708520 241307489 349698105 2135386975 -1796072437 1358576295 
-1458482126 -2144609489 80885999 213868572 1994700637 -1834329475 1724188662 1930712950 -579756799 -1449936360 1848944050 -1596701632 -2000664757 382223759 18229669 1641584842 -2021285329 -1731717018 1779673465 2017184181 481659994 -1912443491 -121883242 
1117210565 98615203 590910261 1479168410 639720786 -820856258 1348924715 -992918631 1449880730 1237161293 -1240502560 103140631 1942979645 -2071997538 482679615 551517829 -1230999967 -2022461004 2142007176 -690211542 -1624899759 1383839903 1099758270 2055107485 1150998232 

49062445 -531647230 1626696452 -1358941687 -633229632 764689115 1634975417 737098451 41584115 -1716571967 -1690836040 1020717201 614044876 1645911445 27823254 -1064246090 481431817 -1301258783 -2132050535 -232368509 -1688954135 -794347659 -2038014105 373428999 1210761699 -406854146 889481399 2137216784 -747068959 -1466330439 -410208756 1773179679 1313191505 -729662484 252212268 25774121 2036065585 2038946067 103934900 
1458015434 -2074160489 -1428806223 -1461733870 -1567950453 -701270879 1489248474 895552868 -469668550 -116840435 2044948921 -117178233 -1070604015 349585825 1772318550 992390412 -1706839329 -1791431440 2133875062 -1061153463 203997033 -1581866908 -1050697544 
-1654713995 1125022068 192736081 -269024283 443587830 -412840801 -1068215958 548349211 -1837688025 1632213137 -777389627 -63616515 -1074141237 -1309628305 -1230427932 1718316959 1066561011 725221327 -879146061 -1972313949 -1243419738 -403857199 
-1118673897 -270456181 94934295 -1679268278 -1076037982 1349118656 1674125216 -1419602385 964183085 1420014050 2137736192 780426370 697013601 2050332900 -954365583 -906371680 -1548314998 217939415 2047326140 -110318389 2089141204 108748430 1499384367 1693456780 -444105817 
-1688709782 -1558912235 700958407 2077689945 1540239764 2000711727 549484095 -453840054 -1036616746 -566156908 1406527412 -736863182 1616674529 -1837971273 693580245 1820647627 697795068 898657921 -1486406914 -975563149 -1972375943 1006411910 1725275093 -1681158348 
-1746796787 524157819 -618686270 1321973847 -176692664 559491032 -164603743 -1830751370 -1951607200 1687363616 -1938676775 -373873780 -2070401813 1791731695 1479720955 432038775 -1795038718 1296337502 -444677616 -1329782087 -2131381760 -2053393232 -793714470 -1704277425 1173607390 -752270128 -1791269382 1721889621 -281270211 1227557513 519222510 -484730632 -207539623 
-1973648031 -1986854138 -1364786464 219499008 -1843935374 262235528 -871360310 -906033475 -1709416485 1717877991 -2070908387 76347271 -488884029 1740784735 178485507 -435907356 -1695027216 1737238194 -659025122 -392481481 1436521621 1334305196 834748072 1125286275 1864237987 928918042 240118387 2068771260 791130844 -1291559892 
502297336 1236227597 836733083 1178808949 -63541758 324193376 -1356866598 101071703 -780577709 -1225587125 733366969 1532577406 -84016996 868614784 1311035524 2007650986 325540873 1698444063 1348692985 1766325821 2097841298 245645432 1984526624 -378771870 -93698062 940079444 754347766 766530148 -1478109456 926230115 -419083867 -322938694 -354992219 235545628 1406110776 
-991808116 1747869608 1061051964 1639900034 -1585528757 1967972238 634718685 1156527215 650234307 -2084507466 -688769394 -261834543 -1901220351 -239362667 -759357689 -1994111701 
1963382930 1073771852 1288973450 331727560 1987087684 -1462446320 -1195391624 921417388 507486181 1281138523 -133302683 1805403680 -1255611847 -601724673 127070995 1611857584 474063828 -1015357063 753856273 -159607387 -216930704 55109631 1446209810 -143667959 -886342 1067619972 -661674211 -602273188 
-824153090 590750214 -779343619 -1774279670 261233676 827226997 -975968697 -795606304 -1355650778 977193119 1779524452 687515406 2012292160 -519675160 -616238727 -2084777936 399943595 1517019763 -1922517294 -205500743 1950156679 -941505204 1451106643 999085426 -1221105294 830175050 

-1032290402 -1903337630 1531689123 878070776 656787430 -1389127716 -546161945 1817535887 796448681 1911537311 -1265520359 -2093746493 279728107 1685658985 1172707383 -1711867949 -1428185663 1828028691 -768924237 -1896847096 659290429 -1923024040 -1287478531 -266928034 
2034361838 -445648577 -257726521 1503938660 -1845329201 -1069418717 -983426169 -1710978719 1132770819 333165991 -2006700916 1616623775 947870473 -2067593690 58209881 142735658 569843663 -2072000061 1341546601 2023538850 692066539 -1670307910 1281334666 
262070357 -768633201 127278998 1769931278 -1824188390 290803576 -908166160 370180340 2110939330 1321633916 -493981333 1495372674 1109490785 344552727 -1250005965 210353129 1037564085 155752624 -2067849920 -1389196368 1742770070 -1310419060 
-978405905 1572263431 51452070 -134631703 974395102 -1268542718 205748849 633719487 1000437207 1729946688 -160615038 -2109493300 1452260842 961775361 -391251100 -401774887 -1424434983 -1990706378 -669376591 401238005 497962582 -30662233 -478678225 2047940884 -282656828 -1665861488 -1870694985 -396438787 

956195158 -1640502459 1520605229 -1252730055 308528739 -513008405 960906610 -1060394389 -377432282 -1902547480 -791458664 826390640 1028309226 1297077171 1030699736 -1867167844 1067530864 848193569 1236646252 592781991 -1582082188 -940552461 1304012709 1984339300 -1915094051 1525235863 1697121834 1384281259 
-2037072900 1032025250 -1931696141 2091254249 -95096843 329876988 315750365 1405156077 193474002 1880718101 -2058003416 1743446642 -1944365235 1440656400 -1979052255 1258296974 -138743287 367547636 818636745 59692529 1353118375 255778129 204090758 -654590882 -331153260 582456483 
-1756506252 1769211372 1055264878 -199564423 -642411235 -1280615246 -1643711427 297256443 1391133959 -1596264306 1292142281 -1147492160 -1393382779 -1538980398 1336708658 -1538401599 -1838896947 -975066453 -963913432 -1184174236 -19252483 1259263447 -1606467263 -778162670 201509879 -1553598593 1353499855 1128728391 
1434333902 377006473 -410995098 -1847625341 -1345917619 1248132734 851647465 -200758044 -582344681 1345879888 -988468848 -943622772 -830343143 -1154319467 1768392879 -1457056208 -1732310072 6450831 1006527557 -915435508 -644944402 639693253 -1029716512 181427114 -2071135990 
-1414020327 -1340727339 -235197310 -718037431 -1569374373 -1040188333 -1979287698 673974233 -1616521604 1601893263 859162852 367689798 2076148112 1406119114 57271302 760673095 -1817228924 2116109099 -683212320 -417933516 1593020261 1719856987 -1600355414 -1022786958 -449187152 -302391528 -2138674628 1206199579 -1042664524 1511739292 627438506 -1025242097 -1745184159 -1436469814 -43711573 22726364 
-659134880 -717125390 -1862023634 -904478685 -1837539756 1640506810 -1251028979 -153769369 1329010839 -131444953 -548429865 -1187587732 1130899233 1690913579 1269820894 -1199654176 -1022289255 
362284316 -1062924504 1486791573 -104483973 102498056 -1845123066 225495965 -1344697479 311158723 1387352995 826003705 -1090072487 -1021868924 271017971 1637232842 352072358 1299701458 1066852869 65855955 1874837842 280516642 812600295 -1048655247 -1612255775 1979948216 
739150484 -1412411945 612901838 1968810074 -1683058930 1420872204 -1916516363 246856836 141613959 -1574494933 -1173154985 -1416332673 1821770869 355846534 -916480467 1780078541 -1412378332 -861052110 1823848399 -420001700 -1434583615 -647587782 51155351 -719269381 462610216 -1182145387 148236001 -142116142 -359243486 -1556629926 -1582586435 
1223704431 86587281 -298359522 654003528 -180422114 231358464 -1903690085 1965435131 1850705852 987784059 2030683942 1199362136 1358423761 -790652457 -1506518436 66822500 -178619534 2011527253 -2026868933 1728343956 -1535634822 1268665375 1576121274 649752118 1145300150 1257241978 1532520064 
-765273431 1603218379 -1962428141 1831831832 1702727190 1211811339 -902189650 -1555046317 -1787929685 2088250959 703163770 1300568558 885657352 -1010479708 -1632744504 -716335381 -572193948 -1175359577 710153281 -1385489943 -1067093192 -836612114 125635228 -272808910 277734355 
1975296706 1505878849 -1102839092 1811923438 1468267941 -1300909390 -1330363180 470954906 645453599 955608171 1660220734 -1832223058 1849026150 -1461989530 477051320 -901184756 -1610065435 -1210371348 -359598739 1482109453 -1325427364 463039951 -193222271 1844382339 -1040896176 351826016 819535046 -1906871630 -749298174 -1929643886 -1821453692 1342502328 -343603359 
-684701255 -1265433211 -870862144 1479645197 -1318796647 2068603938 -1387415579 -1787847510 669645808 1912069260 -707795153 -1332856379 1670849477 -956403896 -374885690 -1117195655 -891164512 364781099 1529025007 -1157873425 881769267 -1719577542 -600200571 1676801246 -1875949352 1803532621 -446129366 968874990 1913088869 -1750806905 -1129435360 
958431970 1682499944 -1065422075 -2020051032 895269821 -98498137 1938087472 1190628747 -1185777837 286422214 1376495127 -2097889169 1771863047 -708249103 -1826870945 542489869 1727771497 1513925920 -989125013 -1664412942 -882774857 1590924662 -443420842 1704519397 
-2096938116 1585616340 308597659 1390837629 -304380432 -1443938670 220552180 -1881532685 -1587560518 244133114 1247094565 1972190685 -1914250413 131833628 500755384 -1977342653 -1142548514 428356160 250156099 -282871134 
-759737992 -1265744887 1396621314 -406377332 -243495963 -424570279 -1406896398 -1429288718 -485393664 909068975 1242104258 -1471142923 -198999150 309177280 
1117035616 -1666240866 1185804730 -2129135208 2084533168 -614538877 1149661728 1823105823 -1890474867 -409969731 731185813 -1321415051 -113445436 -1009497825 -1106840288 -1516554063 2058374481 -47912477 260407216 212706744 -1797901122 -820839886 
-1569475255 -1390948937 -1121559229 1596577266 2109247113 236299423 323765130 -766764301 1222494969 1210549611 -1742496842 1493917723 -1986743204 1768222413 703370132 -2062370757 -818028928 -2021397148 -689866850 -1562031246 1864480759 1477317633 -2038406660 498019689 
-1294250139 -1726231637 157996094 1610095713 1246733267 -41847594 1911426290 1223488906 -5789777 -438221112 845087612 1408099604 644029823 1607492921 212700896 1952242067 -620759066 -1939053707 -298788338 2072540885 -1088932077 1134691354 -1779241146 -2025484521 
-1970911647 272430797 1894022975 1855096629 760151403 904143830 -1464866235 -1279510851 -1140514845 -2069574183 -1785880950 305041419 1632801107 820106570 -607155441 -23093121 -1081137215 -1851456760 -1592748465 735889140 -1123175260 -1784046072 -1119042920 2054143550 -1723032643 1883773337 1206368376 1456613926 1488844484 

-1511133592 -1308144210 -163897749 1286164870 1665317189 -51412218 -1233413022 2096653186 1170798011 -562602334 253572319 -2032914085 1071997441 -1921322049 -2109388821 -1525611685 -1878098614 -559702954 671516445 -624742258 1386806656 -1791819802 805457475 -315133719 
-1290432172 -1107684396 -926321252 355283928 1239412081 1652685664 -1819473761 668632488 -1625030104 1374627092 1252327225 -886311758 -665424988 2056139288 -1015337439 -165343594 1256556856 -729575150 -2050474789 712512617 1894474884 
168074669 -201412626 665175302 -1248270888 1578418152 1753731945 1047602502 -747895920 909516070 -1035047347 1433659111 1507640514 -1474841717 -29358618 1365501628 574388370 1883882974 -1674570327 627265547 2001103891 1419938820 1897700829 -843036096 -543742342 -1568330515 142409204 -501642877 1949060665 -790320797 -12469566 120719146 -2140346068 1307418344 -1766012433 487950778 -1672593367 -890170652 -1324439169 -1613989198 976224587 1958983553 623848016 -537057868 
-1404711354 494669525 -613104308 -776105606 1343485135 2090573309 -35728383 -1967061084 -320348764 107889593 513619778 -1036529360 1804333091 152292358 77056509 -597035201 486716501 2003818485 -1638497634 646389000 2064815718 778861048 -790931986 -861850123 186743916 1372355451 -1492849282 -259976050 
696498961 1099000121 405448447 -867839877 -1941989495 1767087854 -821138673 1808005601 1066659677 -118984032 1044609861 -1147072254 1872087920 1008052835 -369240025 829765548 674096854 -1992917796 975669740 1695281047 720072752 1730243176 -808079526 -1670241713 1606514548 
-458417890 1074358390 -1827174345 1041568691 44197726 273502683 -198901931 -842207017 1288886009 -914815596 -376762220 -1215618376 973280296 653458201 1483707877 -416581670 -222846222 -1503079789 -2134369766 -683508168 -1493906500 -1435794343 -1788974287 -17702195 2028497342 -1159256353 -479685025 -2010087230 813626621 1045075259 
1771422378 1524965200 -934099081 -291246237 1982295209 1277518022 1903680772 -1002605735 1990887959 2010275666 -811903419 -1667335266 -2107207732 1088804098 -200720778 1719782920 114921177 1767178852 1923671372 -2104216492 333691393 
414107315 -501069958 -1696408297 265204710 1741875774 644204172 -922048445 -1704029266 999094942 620296435 716636875 1584289008 1857647109 1928991377 1041184310 -927882069 -902667466 1342021199 -1583892057 -1546492707 1145410329 -587184862 1174759622 2036358713 
-432861959 501290662 1103988173 804122409 1667278161 -2072623266 1461678167 2086435655 1993619918 -1198430870 -1029015815 -2104980229 123460381 510495082 223952475 228858629 -1663616726 2135776515 -1437790002 2139351565 143981468 -860148324 101789364 
1612388348 719963321 -2144203542 159734262 -6462064 1347241483 -1121266564 -1147651685 377568014 -1012499490 1692641232 -1110040619 -1424132104 1765646558 1744196364 -1974263644 -1121448412 -1320209272 607391750 583840749 -2010663979 431067083 -1149000030 
-498661666 1463343442 648722902 1692985545 1227432566 1788639500 53646844 -2119473368 1764451270 -627140243 1538319728 537077552 1603298889 2143202569 -82906553 -787864101 2052810006 
98851713 -470936539 -1154862436 -171774913 -2079350050 776270903 1797126029 54544057 1402667221 -1345804304 -2044922923 680645185 -837599953 714915599 2117264631 873417823 -283639030 1695693748 1078575840 -1844708658 1022206403 -1778679337 1616882943 -571150206 1990139940 512681924 233867913 245215729 1175302442 
-1271321895 2132094725 -1593347538 122255347 760994523 242230693 85760366 -782969334 -620570630 -318610367 1033537289 -2026171057 710951397 -1751040858 -453386258 1332700355 -1701565723 -1370560233 1976461625 1660571509 -2127449260 -194964946 -82535779 2051987408 -1320049345 
560868844 -311128447 -84307104 -1592355965 1722654122 -1830354172 2079857911 -678600306 -1458777750 1604522498 -827935730 739255956 401925075 -1761139809 -870841588 268508816 165366324 1385306159 177265845 -820612438 -1803895203 -1992904851 -250627974 1892063240 
-986293304 731630185 2138565491 -370130078 1760900261 -1216709511 1969959772 1205417072 401637766 645557972 810999451 -800033774 2076387819 150265809 -822881524 359270149 717088327 1008532811 

-1782913084 958623004 -983684533 -1703161143 -1462691935 361821516 1879361807 1991100947 1828326310 1681283125 501872803 -1473906841 -26664550 -98263548 555001972 -1985742083 1780132557 -1717418333 -268201970 -297319416 -1191984277 79878626 1258664658 -973444350 
1803411755 -375084404 -1020143289 -1046965251 233904805 -397120994 -507312362 -1410993779 -559989297 2127584146 -1164328411 -1685892090 -1326019421 -1198188612 -570340922 1822756567 -579115991 1740620052 1457005100 -1127529846 126066998 -1251289546 -2128334297 -1472034649 745525182 
2025015153 69393626 -703528612 -237945763 -283784310 2018781216 -1805257863 -1465537104 -926597730 1075042897 1525049562 1741450238 -1753027685 -1102658115 -2104829530 -413562669 1503521131 1824496614 1097828686 498059822 1414239959 -914644773 1832500914 
-1097691501 -1412355374 -1191644631 1976169363 -1611880460 204197322 -890226608 -853794390 807017926 1565523661 -538656984 900999140 -631895735 2046402428 2139859460 2013662301 -1211687968 1922542656 -465630647 -567324150 -893354989 1181144753 1556451114 -1253135880 1315838452 

-1769397220 1442037911 1914033173 864485252 -1994912216 -1354164564 68318017 -1962392372 1880216575 
585948319 1172256341 2124987614 1490684832 -1734940915 1228441590 736350623 672162281 1849175248 -905098485 -1502578014 -2113908128 -1226346611 1012218450 -101760183 1562333551 1793519589 1660632164 -455585905 -1858708674 -1462778605 -205233761 1752282196 237983987 -1035439724 -1710702477 521857888 541949960 -1939131458 1637106618 -1950201798 2015075253 -1620908048 -1185151044 2133182827 -1177419142 269170021 1813806502 30463506 2107744349 332082148 280204938 1893503830 -1217363893 -1464866046 240759658 798038152 -194560351 
742298749 -1224554938 1163994917 913749660 147560620 -1788272013 -962878524 486020025 -1247803887 -1714270229 315709258 -1661436605 1184877 -1581453987 -560633667 -1629149139 1698354290 278871983 53281202 828643831 -2091445467 199485759 238055226 -1653596619 -781390490 -139309519 693508612 -175169755 -1178781998 771696940 -673732764 -596892272 1780141008 -1960219911 526158171 1300628490 -1833487480 1547576271 1851246729 2017394689 1787756481 -668094383 629708034 -106371361 -1768026841 -2013488314 1310153212 1730924755 -1868109042 -1617984747 903138215 -1830898780 1507680002 576445450 1739550927 -716089599 
1064284574 -230478591 -2083876012 115967886 955815307 1416688846 -1594365371 1879466696 -1785461050 -1518890582 754077997 -1977264141 -907372618 -1939695388 1104708831 -528607807 -365037782 -113141545 1917440601 322706984 -1113459100 806371765 2054223589 148741659 357449380 1914004135 -1351428966 -1130880218 -1029981868 -14923558 -1872083875 305012386 -502594507 -225957120 1753962945 1453301620 1474216342 1332995017 1770191261 -53202460 229131570 -1743495998 870485203 
