-1342261947 -246268716 552282770 103099798 -2015711049 1264342521 -349245189 -418687687 190962097 1515950726 
1023455693 -2090960721 -2133608196 1611737270 1897112807 -427300161 646250945 -102197374 -45338424 1960010068 680089168 
-396497958 -1680980734 -225929783 893105690 812928929 105249606 1883341624 -825882185 -1126170468 1709005754 2070767509 1822424587 1202749155 1863922750 1528743574 -1559762536 1552813738 -252312574 87657529 116974111 1297084135 1263440361 
1057782450 1179852119 1090463842 2132455613 -1298236046 -988568260 1049840189 615409971 -675806733 215232485 -2096234533 -1508971965 1496704280 -90598004 1146799045 1458824156 347729708 192702010 -1984357932 -295645204 815472386 -1708315696 901635860 405511627 



-901342065 -1459506949 392374029 1015218905 -229165544 -984109876 -1788074232 -1177047898 -1816015917 753700379 -1412146673 -139367950 1288732678 462517163 -1000840870 1479719775 2072459386 -1298303245 -610272202 -543596771 -542069888 1659860591 846220020 -1104360314 
1400518713 -109798196 -271665414 -419374491 -1804426688 742337004 -329072190 -1107633010 -902921248 -964366777 -621723712 921035880 168466360 -1013209255 62302922 -1621873902 817621793 -277001670 1392249284 -1295006088 -153484079 365240890 -189502703 -1917394949 -1785764115 
-1313769683 -1450254567 -196260507 -664672570 835047021 1541654751 575504272 1355465587 -1418954051 -829839515 -1193751849 73722205 -1246967044 52462087 1045453809 1594219016 -1460168160 -1022287737 714916944 862700763 -999639325 -1937282653 
1811674841 -276664430 2046710275 -1520103398 1104322036 -388149860 437799095 -943852304 -445217200 1529175219 792365188 1747566711 -1179265523 -1323489149 1932689675 206998390 843005954 1371982372 1938987057 973562761 -1186623807 174202174 -1030426730 -900506969 83933758 

1806400949 789779353 -1665082249 1565404786 -248086344 -1589823381 -536245694 -1528800013 1966656816 1164850815 757339221 -965372660 1976890056 -98469987 719804392 -1230661823 -1154058543 216749531 662045789 725839691 1943206542 866316240 920534083 -1420682777 1445899666 233844624 
-969139391 -1285556670 -2117359274 -9939727 -428583802 1929743001 -205538327 -1232223497 -1283102154 -1904020968 1929144992 -2002251443 1807599372 1413894693 -453990368 -256160673 -418043180 -825413855 1359337379 -265415833 -255796062 
-251005303 1222284263 -181884729 1980824740 193317513 -2008905050 -458892901 -603526298 -1810465898 54109961 1205020204 185895586 -1233736730 493246462 -1393317655 -1269074069 -627599765 -826896547 -2033886307 -137551728 1533040499 660001491 698776438 1157369098 -1358923181 586910262 -1767008036 327041283 -1237271085 1953560847 
701278260 -910509231 1402314824 -689559671 -1003253349 -468567715 -1436148314 917231523 -290091192 -1730866662 -331905750 1600656275 -1539827685 -510123965 -1450693947 -833876848 -513166145 -159281011 -1874291368 1273582538 -664225325 -28221604 123844982 1327032144 1273246595 2088094472 
1858656851 691869787 1624305365 -5191252 193222819 675663208 1599511124 -974713038 -134169320 1148982334 -833404861 -1628604336 1348515248 1803654770 -268326214 -557343001 1364510927 -548054859 2100588882 -636822563 599575769 -1948379924 376240789 1262650664 -1860345583 1202254485 -98438728 1484296374 705892349 293693675 1426549342 
1521996515 1637564406 -327358357 -681664371 1219224053 2073235825 -1420566034 -126205251 -541347290 -1285330954 -90192000 -2097206586 -1504407068 -826322858 1008420881 674853792 1423552850 417110572 1133105979 576730800 1796177363 165719326 -55120635 -2078660395 -333521954 1034421370 827321532 306203226 -977765390 -1043700104 -1855119703 989509758 95182470 
-1374759710 1387832548 1848111189 381569076 -1045909713 -58904670 1036316867 265592905 -875571792 -1698222354 -318179613 437878619 -1261233542 -1402519276 -1856670047 -511376712 1592118375 -951263143 1950358740 1506362071 1893579813 -2137235015 -921582053 905854042 -1440651061 -2108416468 -43888673 -1107826697 727859329 -2088218481 1664566122 253555462 1286635286 
-1166681832 -830496740 -769103296 473678853 1160236741 388820075 1773504365 -2098441648 1584186447 -1882824129 554718612 -1439801147 899449115 627161653 -574383276 -1979078130 544667105 2091883660 -620874824 1161154057 460423791 1602372739 2054227630 58967255 643369244 -903899545 -722423170 
2129885703 -981384562 -284259805 1815387263 912044991 -1827386201 1579440029 -792832398 -956839054 1689269252 -677682045 -1047788376 -175285821 -1482588168 557552273 -386834968 1843328407 -1913857734 -783820680 -250488336 -1002550426 -800889731 -2075468021 -315036776 930904096 -1054305333 1597118330 -1712155268 -1985729015 1413593052 1370690992 1989281329 -779143339 1983505426 -185295393 1442947581 -946244356 -2044750194 -2094385277 
2089394804 -105439431 484117099 -1787392996 1525786358 -800107189 1117709890 -1589331379 1060829533 -89665705 825678625 -1801928507 376478948 -391107214 1159899324 618183889 1810542354 1842431612 -2102054104 210349655 -416604993 -1639126212 1480756421 
1839521044 2086799936 -604446352 251255008 650761250 -1829249558 -655340686 -1314820597 619006555 1936439308 -327367158 1598512196 -1876197701 548263919 1496369777 -665260369 1304450780 1125366501 1346064384 716694839 1314318026 1248264268 1721526565 
1301033478 -659241207 1535989164 2052678045 469643343 -1264758110 -751714388 1767335391 -822893429 1249131803 467679004 -2040507417 -39804598 1696932253 -1452122475 206074597 1936949876 -372035123 532646273 1617869602 

1004555514 582502650 -445130609 1311534951 303048372 -205983117 -1339272666 1635077383 -1614940081 -1228923462 1644476759 -1725250326 1540391831 -2026291641 -289053774 381287280 1657777222 1446473016 -489786961 -1849299946 -782077251 1463922868 
-1377375258 -652500837 1071088758 -1080169386 2067116836 -817845907 1167170236 -1299885024 1241229525 768589857 -263233923 -1019869562 767095568 416473084 -303853380 495944292 1117886304 -1483428911 -1688594701 102218902 -1964788279 340230118 451612344 
-1909907577 -997974835 613547508 382531678 -1746787196 1824271168 -1948382017 -1843126444 1383657908 -821173560 -765376415 2135126032 1645606283 -906895938 -1836499568 728459831 -779438929 592730146 1459189935 -1737599067 -1889360319 38678647 -689641859 
-1000157951 -1641737064 -1277266992 -629807532 -1693333898 -932147482 -198554408 1719498032 -732673454 -937816153 -550946587 1928600525 -1839016451 -1963871402 -1595232875 -62762691 -345563281 -210048595 1493951371 -1593700049 783757741 -284984398 616829371 -1237447947 808892893 

-2141576123 1230865637 542527361 -4638795 -433383810 1279956513 -1209176358 2132793206 -117124267 -797045555 1305254876 1553035388 1584844929 546128447 -808446991 651415060 266235702 -727368469 -924778209 -591853548 -1148299331 1489015362 -1341365406 1577422409 -1320700840 -1256661824 -1004334561 677729132 -960805866 -1095167487 -1421828572 1983989687 289149440 1118607616 -1386514311 331366645 -1909112901 968422832 802904121 
-2143203976 663636076 657298823 1935530086 1818121892 -1422247900 1632752091 1838508807 -1907224754 -1058059491 -1214565800 -1262415178 -1666919225 230561779 811437160 -1444477929 26673351 640194763 122672546 -1879588124 1293035159 -1145411499 -1370553105 
-913178786 1463997469 1580513005 -193274085 -1568465765 2006585889 -378934657 727582855 2124133549 -1156300463 991895796 -795968354 37357254 -175616241 1861740873 -95453956 1531974692 1017811942 -1261012813 964879688 -1596026689 1822071359 
-412155266 1759245991 -1004014919 -444422344 -1873139086 -1290730280 -1753488509 -1538936925 -1276077962 368529471 1538051219 363803979 -185735624 -1857614595 1279660904 -1202357803 -1249969352 -1418030717 213093073 2107532310 1547512818 -803716940 1123467122 1381763939 -823887267 
1861362506 1216952219 -1015154568 1033401375 -2050317423 -1394632809 262148980 662781254 328411441 1743398810 1662059759 -273280620 -1201421917 2066582348 2105394542 -1224088408 -1248269992 1591687745 -1626851241 2141272586 -2139644878 -887738986 -1570012327 -645847066 
-309525944 484055416 1798294656 -1497333189 -1912955052 15270783 -569043670 -1980370439 2017211844 61509375 251909738 -1658954042 1442413153 -868224896 121518179 1775278950 106526466 -651724143 -528593217 1079853813 1784189684 -1664668117 308279387 -373764876 1695681325 2024089567 -550520126 -352187299 -1090738434 -1000872342 942773494 -1067574332 1460919783 
1385340862 670374955 1660778000 -369144166 -1604372321 -2020632568 1521344468 600328394 2044228347 836545272 2040535386 -1093592730 -1446281267 175327985 406791938 415621125 -1747775629 -2062800836 1382147833 -26534080 939096854 703314821 -167754245 -138780550 -1593711481 616142624 -920173271 955374398 408725574 -917817108 
-1066496880 -1857068189 -1916380205 898202262 468609365 1735151453 -639955879 -1527081352 98772151 -1681154874 -1412704389 -2115753293 -821147569 913294204 -803755512 -576407399 -927026742 712149575 1441982977 1578350802 -1099875229 1961104972 1613076944 1017915262 1618857064 149224303 31087380 373134840 1903530981 -1673482547 492616254 -1424205043 268435619 -1543250728 -1688286849 
-2138529215 308159884 -236605471 -1706333066 -2004233156 -1769195626 404199005 397156998 -2046631719 -579060436 1400008087 -1761738809 194076136 1750802112 1916685532 45767764 
1964488937 2004737812 1513844376 1662447275 -1712714962 1253258012 828526193 -1957748010 -1196840794 1569286888 608308264 -546233795 305868113 -958455307 -1724166399 987716434 522240368 -1928235774 -1152405350 -2008634790 1445450967 1183378525 2015109188 401179701 889226481 -1802905537 -988372988 1444253699 
-12376368 -1287380948 -1769017757 1789105120 1456888212 2036956939 -512087291 280833130 232664677 575726057 637674519 -1122611006 110342116 1126229189 -564092560 -443694277 -1931347248 1826711522 705151553 -117461362 -1062957548 -2047774292 -1297040673 -1371241884 -1708663286 -1804822553 

99189598 -1223261490 89497705 -70391170 73179881 1546485077 -16683728 2044171292 244526922 -326503720 -1956948071 347016373 -677605574 1743151776 -1998397076 -1115711064 1058389749 617977844 -1735683654 1795539364 -407191928 -75802698 -1637771837 -1787871716 
-196796117 1598379632 1310536274 875918656 336807664 -908599749 553124541 105382937 -500009010 2026010063 1308489840 406836576 1042892990 734438554 -2008892164 850072941 1283756680 -1010571003 2131877609 1460449768 -269228864 670633398 1202088593 
1680513946 -386813668 293353469 -563263776 -990410027 600065000 -2133764500 -74266242 135143855 -1185208301 -123860298 1004306639 -208866202 -1855457985 -1075245212 -1881990408 426991665 -1722943609 -1756165055 2018128469 -828265433 -160950027 
2089658965 -1935744272 1503022478 820616899 1732050009 1557573673 288213480 -376924109 -944914363 -61033438 1179228561 2104497546 -73598173 1773316378 949320803 -337062257 -1125111688 -397874169 -169185741 637503812 -1426477233 202290098 139042372 -1805149241 -1242582661 1047706524 -547856549 1631156888 

920564141 -2102262891 1122646300 -466802587 -2116736287 264309284 465359384 1188539915 2106570445 1493836541 -111879066 226256780 1355393898 2029089388 -550848306 108148389 583555244 -926563451 -1287100329 942512453 -1208286842 901997794 -1134463721 -1560819192 -438042340 -2108910372 -1064740587 427108011 
1345110987 -775867745 -952359498 -2137331953 218521625 1420174719 883889337 -2032708787 -166756697 -1504085818 -795329489 1228210118 -434125171 -308152773 1795532366 -2039748096 -1596449762 1513762206 -977494399 1768089510 -538553851 1934790029 1932332524 -1059883033 416407778 1646260179 
-1265929684 -1361350659 639571816 137190075 1918910805 -1551914964 -1796958547 395032056 352924286 1589797805 -36723783 1667384505 -661758356 -198052168 1799930355 1443879485 -1073610133 1895476173 1463021009 -2026149060 1135549500 282144510 -1897611198 875041099 1775779891 2075680719 747665480 1201205164 
251502466 -1728520666 -2012500431 1489803128 -1882867507 1087748072 1312612067 -1025971334 -687691383 -924560739 -191319510 -1556869822 -2061914673 -1129537193 763270853 666837741 -1365701879 1603741484 1621166401 1450512558 -1254248465 209114550 286258762 590177509 1549101922 
-2073749364 1983230689 -1090896159 1049311938 -2139743998 -546572881 415168827 -1157878632 -1036255808 401606253 1408866680 -1053005267 -1268260397 1413054270 -644246168 1122965440 -649033175 -146660015 -1419581736 -1660880329 -1761303348 124770578 -452685624 -709048390 -636379889 -1664734152 854933761 -553482227 -544323509 638503766 1587160404 540797143 -1232996790 -1509601457 -2056297531 -782139920 
-1901125418 495157073 -836586289 1255959543 962365598 829517292 1594592484 1953805919 -1104470686 -1005247358 1835933294 991439894 480499138 244000555 -1464225622 693509073 824558505 
-1175270123 1086018672 1546505783 -880892391 1299041853 -842408854 2089162205 -855706103 -675517313 1988198652 -1064355864 897907483 909915506 -1812456564 1320119426 1627900276 -2136908103 -1817436020 1890440191 -69336950 -2044249488 -99799139 -1864981177 -376285162 -1754393973 
-1046745830 -418455281 718388046 218713982 897886115 1753049339 -920792398 -1490867562 729753488 215036605 -1531952724 1808758744 -1007975651 -679114837 1218542404 -1997547015 -1194135642 -2062615570 1563472928 -1054119849 -1461143620 -220467231 238540053 1923709710 -1692448493 -1195014263 -2035717192 -2025347228 1579259081 1245136850 531400638 
-501570694 356570093 -533962766 -591127280 -1032351995 -1368611341 1651687431 1957628948 1254325205 -1697586240 967226482 1250893757 -434213225 -1308348052 189803239 313227842 -991608510 -427870794 -1179104999 1141811694 -2109318036 1705720143 -391492375 713840374 1039357288 -294760453 -1029158879 
1303347168 -509503958 -487188777 -1100836225 -1226410781 -742176402 -1377484726 -574891128 1446827765 1022370752 338256139 -309104333 -1487802206 353809690 -1813489080 53657038 -1170445222 235135338 -631168837 416368508 -1141804886 -614998895 109756169 -1183892981 30516400 
1507632204 15832974 344216973 -764814109 1386473212 -754243453 922006992 -1400210731 2123817099 87312736 530944254 -1949514128 -1904443483 -1827792630 -1104874846 -1464337293 791065333 -1372360907 -530038931 -516452572 -1162186809 126250800 -1662489467 1714691923 -870789304 -1411066464 -946212252 1932051770 -1852053961 706704527 -1784068131 -826836960 903103883 
-102279739 1287929841 500058445 1091033469 1043991213 -95617541 -803178815 -1978254884 -1913383744 -329766923 -1563552532 1382074402 2060370025 1830117269 -1890731359 -73261427 -294260658 -261142067 122364529 2038481086 -20519153 244554122 -865158971 408944836 -1443303247 -739545534 -1691769929 1756940164 -1583433164 -619256317 2079014318 
1600364520 1281610749 2130620598 2094202721 -387096303 -631043878 490803415 423950939 -40561576 1529712176 -1285087358 -755182224 2116742142 1734027312 648741008 -1013678364 -453600286 369160755 -1108978683 -466317660 -766869023 -1728928799 -222111326 -981240602 
935338103 897618622 -373247532 -1439609922 -125639860 582194690 -212998020 -991491690 768295543 -1508095825 1112334714 2100203736 1576944525 493110978 154704391 2019253880 805943029 1227561777 -438417278 -103719863 
-456160729 1973011142 -1751249002 1803726314 -486552197 448479923 -1936429694 1381620739 937489030 1515295257 -1305384841 214575080 1048423755 -1228276348 
-321331380 -769408938 -541732010 1600414221 -1552721062 -103402770 -1643098204 483756578 1452694398 2025272440 18472040 -270277617 1784477702 1106802043 -354072660 -1124371609 896695079 938211039 -132673582 1555399348 1516945716 542172432 
-1659205020 1309961350 697574831 -1897817437 852493930 1274846133 -1137625479 -2122498919 1471469944 -1467959728 230742230 -238159473 -921818635 -1910167252 669343062 -2097730884 1337325271 -443130385 -1864685542 -1394324325 1320095920 1705116532 1451441553 -58406754 
-2079477364 1340306344 746364 -1227443508 1211743066 514844774 1367063199 240906306 157227631 1152821725 2115861330 901036261 2051024872 1823449469 1008001204 -1596207068 1372836560 60786802 735947068 1328005782 90411255 1659462903 1826968087 -1124234764 
1719132286 -1931930548 -1266822013 995146199 -501845675 113960954 823530995 -1495363117 2094518979 466639986 1213052412 2009574134 -663412458 1777525321 1582544826 -1375287879 819662583 2134450569 1330642436 1719697898 -2117050395 -224682839 -879108832 -1186218591 -267087799 -1939699026 74852918 -1701455041 985846702 

-113901061 -465442952 -1368130982 -788259015 800978235 -1181926588 -1824734980 770446694 709402876 -872415471 -134505545 637615818 684300265 -1155203338 -1419590238 -928330488 736297624 -172516819 -1784917901 -1731514119 1406248283 -1426292312 -1833388613 -59744918 
-566728073 -1571677894 1450918276 -2131306036 -2143741332 -1363329055 -1154754016 -1467500380 791911450 2013319108 371091524 1958010677 909962204 972571 -1005578753 1768527080 -518684186 1167402231 395010503 -928359609 2070075758 
1112399596 310103342 -738734256 -730772280 282630983 -466497164 -791293056 -1727609042 -2123399957 1956205805 -734377350 1578571810 -1039240948 1719896055 968507442 616027381 -455364636 -470921292 -2139670115 -239064004 436801094 1381748958 -1102391434 240633207 -263686195 953917719 851459984 -225591933 595420522 1335425317 -732919945 1143876716 -1545609775 -405246450 609180564 -894613570 -75626425 -980901816 -1505463061 -1855855898 -331699454 -1356273444 390922226 
-2085381435 -1605873089 -1744167498 -690469028 -1215657959 -1711655504 1913947785 -723956861 -108968496 1892476531 -1584898300 396815416 1749807808 -2012583874 1557919149 1718804875 1774287843 715016748 925704953 -1849178753 -1339176529 -1361614715 -755875536 -82523268 -1839796059 2133819131 -1896861857 2084433014 
-1742656904 -1577097163 -1757783898 1504038768 -918096856 -863243017 1902338820 25038979 1063676825 1565231271 340448967 -1684864858 2029382044 552843243 996101593 -1031508665 1942274672 1425633975 -1459960679 -1414534073 868684640 1946494738 -705674888 -617282612 -632930519 
1956646761 1673055069 -1363843025 577827380 -346116933 -181924292 1224766111 250185604 389576392 -1519460550 200975553 -392618778 333584917 -1598793750 -100216729 -1107568479 169237556 -1158388798 1178632873 998819669 872682904 -1017312146 -1741488980 -1643300097 1540936519 -1705945291 900419462 1326236525 1053876709 1087134587 
1493700993 1571833988 262018562 -1756141796 2101522483 -321758567 2056358740 -616427578 -1206150995 209226863 -872158468 288889729 1200882194 -2100093399 -1590004029 85226287 125135612 1122534329 1153387867 -781367053 1867451968 
-1247682616 470670084 -1809763011 777026393 1363292130 1825845419 296371452 972591180 195744658 -14926066 797905001 -1007320858 158007631 1991828921 -438086587 -1274273062 381208107 -1802743475 981730374 -240504920 1280750079 1189970779 349840282 -1893263260 
424739233 -1697302435 -256896000 737060132 1604935091 1154670638 1078753623 471264722 -2051487033 -732687277 1674606439 -528269105 881073551 1690936907 -1677490771 -1679496213 -592080025 703040931 193709299 -1410289405 883799008 -572211677 1497740297 
-1405526975 1650084998 1836801045 -1555431829 -2037621164 -544656499 1018714094 1517121422 78609204 -680270774 -1129484421 602539846 -1640825996 2089583413 1812963886 -1197093692 334853015 -429472572 -1627987932 -1049188380 1060363517 1831426927 -611073377 
605058042 1288769240 982470122 1040376851 -146975271 1143334975 878310016 598533740 752196786 476314853 1232571191 -2112015032 -689428854 27373102 507771691 1697176464 299940685 
-1807124099 -1384922283 1877131043 25021805 -2011633070 -1901884205 711990388 -934543523 -865654022 -1854385720 -543306353 -345453138 1665611338 1626345678 -1085042302 -1933840999 -510970071 372924187 -1980230319 1323849821 -1275840357 1903010950 -876767443 1982720537 1060225026 -923946745 1894554477 -91438526 -1643972513 
1520159307 2093952555 805000471 -1811160243 1009895909 -551320024 2074188841 -1979274540 -1363863025 -1355503906 923968347 1780586912 -1811959919 -1826529964 2124874028 -1495755406 2033196516 1555732114 -1263927288 -592882482 1571493671 787780743 574427523 1827114266 -1602956961 
107867250 1458278353 1324258992 1565024410 -1337287776 -484287667 -1573101412 -734518973 -204428710 1449050953 1491215786 302646264 -2011765442 975712635 -2090055347 288308351 -420634610 756045004 1462589945 -1822000607 -466260300 2134808363 1123254623 1728907138 
1414835162 1656376974 769837567 286906069 -525101664 653878279 95587471 -1711543067 1162479150 930028289 -702133134 -1336684398 -1582801968 -97423301 -527992991 1829059125 -911058981 -460776546 

1080439683 -1197105250 -909731675 2040727681 540913278 -551998801 1183150697 -1579127935 -301980173 58716621 1561529738 967565464 1380841492 1755860436 -53329224 -1685471601 1718266573 1767177327 -496498708 -1534408911 438880576 1409386731 -593694181 -1969272735 
1430184289 2007938826 -2119091631 1002624960 -603654469 -1629083666 371357136 -1311329831 -1346721218 332180652 -267829947 595869157 -1418951858 1879404934 -481663081 -1796916550 -1181307926 -845494861 908225482 2101116622 -1191042459 257099721 -1303236551 -537616287 575247592 
-1894582495 -1062832773 -659531602 -1338460644 2087233355 838518699 -1700101935 -1122864738 73152059 -1250632500 -851357997 318180693 845587313 -1094525897 -259763397 -2023448475 -1858577960 1005314138 -1623168828 -1503503773 1694754792 1475913419 -1903560517 
-896604761 -393012916 1101334019 -1351543142 1900586696 113254744 -1834237539 -728186409 649570801 1665407535 1213148613 1427963461 -1578798741 879386938 -137734140 -557238301 1049172330 55973887 -191827753 -1386485136 -302301612 913132190 -638397266 -1179570237 -1943674490 

-1453009263 1763479229 -596570636 -1518691700 613647953 -154898942 -360403364 -1589533566 1642382440 
-195068189 945781759 -1120777584 1563842198 649639148 -766036383 -1250509335 -664472126 980957963 -703001001 -1941889650 1829253890 -170938286 1509925690 -281864889 -283210083 -799304564 -51913935 -733721068 -1192401944 1050220620 -1033843850 1154920086 828590941 810795187 368445804 -243502141 932490927 -932976717 1796758611 752679222 1472000654 188982117 -938168050 -1117626021 -859695566 2023697064 -539593805 -1792275886 1557123476 1029131706 304388816 -1016694375 1685968708 -558519053 -2099250902 -1025332647 -1303224046 
403498469 1623349659 -455842614 -1063710886 -1058154612 -1182981303 -851450179 -39063095 1186914998 -837283505 1846865581 121303368 -669440567 -1789471856 1602092783 1678539903 1310363558 -185151043 -322409752 -2056809921 387704091 -1811647319 1320851524 -703642430 -1976841295 43608475 -881634818 -994888542 -1298658906 877415744 1514552854 -80028551 -1712764946 -55384141 -726207336 127083796 -1673222343 -824668303 502594319 1441790853 1516889083 -2085980271 1162927973 2080322916 1287402220 1449320591 -682962528 -124152025 -282168108 -1289283540 22695907 -128655979 -2050234294 1637378933 530374903 -1389383862 
-668410042 625789100 -696116393 -491874978 781034277 658012638 646069604 -1067467877 -1049925733 -2024995454 1916453516 -148817843 -1982424317 -483409490 1227752259 -1175738407 -1951825274 -1607660603 -669583635 -40792600 -825943612 1907501832 478985750 739380043 133484241 618918872 -1311883441 605263755 -1703488808 -879419766 557771174 1813092826 73352018 926008799 -945537432 -1626966967 -919457367 1970039680 1640706868 1981372556 -1838285321 -153981666 1294729503 
