-1602534821 -728801362 1297989495 1771630549 1996828072 137380297 -1874413949 903378475 1319590994 -1504564292 
-769018442 239727731 -247550745 542598369 1036895125 1599596566 -1903668325 -224099591 1749304408 1217676476 -639400765 
583072811 156066039 595849631 1267406447 318672668 -873217422 1614908115 205766581 -1547656927 -342424672 -358737917 735350741 2070426957 1042467635 -801622778 -279026233 1214956953 347509637 -1417412107 -1761053013 1785790638 1020262980 
-1875510327 683649443 1086400984 626588220 908951225 -231791293 1391995495 1091545200 -1206125453 1290242064 644153859 -1160400200 -302499624 522015104 729727104 1020381027 -1340813779 -541404725 757599824 959271836 -777288148 -134262053 -872515813 -421677845 



-2145383488 96526876 605501157 378490133 -1034049999 837401671 -394365713 2142652738 -657694327 -584052342 1054371779 205031741 900015829 -879644281 65063144 -1638411719 506097151 -1811259779 7721935 2025679304 -490734239 -275845516 -341706545 -1073600756 
356673284 -154342417 -370128284 -267355384 -2053490414 -70714371 -360398257 -897535164 -745088930 1634992816 -1070385990 1842903004 -2048981378 837970344 -446398482 1822615402 930997310 -1294625644 1447261512 -555281699 729600736 1865631533 44526129 1289103632 2136692568 
546581115 -909893347 -1092392480 222819893 728048545 1376510702 1108642443 -1928999295 -1876103444 153751659 1467529536 -1851489541 -360512331 667495569 1738073931 31478946 1742826536 1278803181 -962807413 -1402824954 1026447994 -2093023294 
-1207216924 -1485623886 -1602177073 -526139780 1371463803 -2143964477 1735140501 -424838687 18340186 -2020801664 1062248264 1307194606 -1275944529 762492374 -956633124 2058292511 1822487771 -1372097376 1167692914 1557008738 90621492 -486743323 484773613 896460410 -1862268097 

-821575887 -1852368216 -437694 -1833184478 965567607 -265284656 47558730 -167350651 -292102732 583992602 1957673757 2064363852 -54651105 1506528650 -1742295228 1085267644 -1070980428 -1307529415 866505749 867434601 -930977939 -1407004393 -1295595173 -1011252137 -1630096899 -1818260442 
1935088785 557180391 1291322409 -1829835978 -14114559 126796686 -391528983 1749655395 242591915 1287418332 -1648801220 2050143843 -904517886 -130134713 161454885 946654596 -1706225375 -568540548 -1390704895 1165676680 -338491575 
-865541053 -1284250416 841793956 1513255972 1784709498 -150802070 -1563882806 298931876 1683800015 -1768693122 1784376633 -2040789256 1462621219 1781976893 -1899326146 -1460513342 -724669629 1874750821 -1378503121 230287973 -1952559359 -765541733 -230947451 797812480 216155091 1696197558 -1487451393 -1817550153 1733747579 1611973388 
-1700983564 -1548159294 192376413 2093731508 1543941536 -341633617 -2131550245 1874068215 848656413 394900853 -471376442 1851414158 1195089722 -1104558535 -48960263 1523602016 1219363359 843790408 -424990804 795045565 742564693 1404478166 1739330526 -209774884 -448893558 -1964808852 
-1634141939 1668439219 186563617 -1151766168 -649701244 1138475548 -1431089912 1423910884 -139740863 1174273021 -2088006429 -1539553842 -629487850 1332928230 -41050376 -824069636 -796501677 -1126549719 1472363943 1247637496 -406721213 -545524921 1002278766 1047530958 1814415023 10862896 -1362881527 -937757430 -1337093708 -703717957 -1657078905 
173172927 -1250798740 -1342221185 740824419 -144110753 716242501 532134225 -235038536 -1308190337 178506329 831190974 -239731230 -825348633 1651276381 505710740 330729797 -168031421 1386809505 1225689 625491469 -813822243 1907242836 1371220362 -1947373073 -2120965101 1929772405 -615782134 -1547961234 -1423017868 1926860075 459043682 -1587319907 -853306705 
-656835154 -552909559 535773349 -1048633562 1437077715 -1431374261 -1176685020 -1151025339 -1409453067 837920713 185593774 1980663605 1811240253 -1868575237 -1078522976 -1423555444 1869805256 1406928235 1237123562 -1449731830 847743894 -117202238 82069041 1394496636 1183591997 329242425 -407060280 -777283699 1382530052 1099007205 -281272923 -1020820054 -762917556 
-622952121 -1303831449 1139971713 396002399 2133918525 -1808376408 1398619974 -1601684367 1308193319 -550191128 1257413224 -1572058690 -2020147699 1283035527 517120498 1814945469 896610290 -1385507193 -2083450353 -406691948 1021925672 836540741 -455232350 253988452 1161358757 965428732 -711391198 
815986609 818232175 1824387144 -785338316 -764279535 -1647744149 -1750772444 199590817 577149235 734048971 802328374 -1204021391 -92835893 -771992959 -1588387431 -1073126210 -1979419630 -880653269 1137585359 -896377666 -759441585 -738575419 -843606599 -988931453 237728053 877156472 243746153 -1622627840 856951855 1791360214 -685727785 -1138471271 -1483013790 -972394570 326673338 -1165130982 1942230845 -1188150852 -397377929 
-799076201 1047282436 -526517890 96625765 1659872741 177478694 -298811039 -1984999659 -640336136 324981535 92897921 -1509131468 -1391501208 -1761003191 1846951016 -1931018149 1367432833 -1401275719 292489013 -789762852 582257285 -130787146 -1562946003 
-1012112457 -1870964611 -728318745 -633834601 1421110142 1333927842 583608340 696990264 1689657085 -832212093 -576788756 980420180 1606391682 -893220109 -764468615 1106433268 -1608206547 874923802 -1113814431 1970157749 -1699353015 184980037 -578902998 
1013259701 182248533 558517771 -824010162 -347612255 1280398138 1838146554 -425982516 564705820 915839261 1940313728 -203034401 1185249381 915682189 1623353832 1675809996 -142308419 44209933 974648969 -1617470999 

-1443942867 932120574 -1911167616 2006133991 -737116779 -274185283 -1133246137 -883904284 -462050108 437742776 893490390 -495784204 1762769983 115258212 739148035 866582342 1669566661 1829962801 -1482908866 1817523621 -806654299 -1283352431 
-1587294086 1303611058 1719687852 -1439200175 -135508358 2071575659 636376064 1132796689 1154019307 1185289129 -124841985 1868740148 -2145718792 934708585 -133093331 -1563797640 -1590178149 129130953 1431486045 267097040 -745483577 -2103625991 -1805910905 
1247149602 697543634 -1465235106 -1446829047 1301251304 304740246 1108276558 378537198 1263279175 -369220479 -203994461 -1791319020 -1696817757 1426152974 -152045656 1826003465 -743314498 941082936 -1645933228 1781031892 -482618630 462244712 1575834317 
-1602155114 -1992782689 -163164129 -1662076753 -250601538 1996272621 885370509 -460921726 1713550817 -1668149506 -1487305826 -1711145671 1539416557 1678002867 -1655798034 282003138 1469093910 -2045557077 556401335 -794283390 703762131 906114721 820057174 -1768768722 1099923928 

-224132987 638264468 -800480154 -73188991 -749946970 -630385282 -1193573839 -1640323447 -2042627474 -1909855791 2071651782 -1325786136 -305746567 598488794 -1023567147 -1402102346 -1081465206 -214708048 1367866402 -1031900663 1232145928 -1574821359 -660342710 -1816472515 1983159510 31353210 -2033309762 1876755173 -326510171 -993868483 411870456 -1413943245 608132320 -1372945172 -1330191169 1050720582 660258083 -222790773 300338117 
1286671458 1750018636 -2005102294 -765066269 1166594438 1142487931 -1056610778 -662348660 -2030606003 -174103860 1524926208 1735183371 -328790008 -1720091528 1106778734 -1739119909 -1116100629 1951405958 120508404 -1575747890 464501351 -1395022883 380600394 
1691841015 1732962486 -1424833637 1469620076 1930378072 1378176742 186677792 -131712551 627608295 725204989 -1451755911 356631041 413880049 -1169556535 -2118588825 -494861629 -339066372 532143483 -1872832190 1085642018 -473340949 612453715 
1799846501 -359072668 -1239511924 949977785 71955138 -1171969716 -1724271258 -1106572742 -704751913 184304479 -1708244289 -744534563 1268382381 2959957 1447475090 2017625478 1672460811 -488684866 -1679817756 -480860385 -1728999337 -314534958 662954098 1456149846 -436000217 
1991753672 -49100682 1886222834 138636142 -2062352785 -1859037940 1184173764 -479384378 2138870394 -1454439633 120614448 1665988599 -191090462 549859569 -1293679825 1674397752 -1161568442 2080338964 796652688 -662727726 -527495061 -1082863673 -926863921 -1647094165 
-80160730 -2078004026 1006645877 1838855980 -10633758 -440856610 1015231634 1619935831 1847913444 347189279 -1792544994 494399061 -987436467 4491925 1884713172 1590075693 -1476119156 1695430154 590067396 1053565551 -1726407296 1322875448 233726565 -737769135 -1889477173 -1050767491 -1575182081 132062382 -1521601853 1172738001 -2134161564 1433485772 711896717 
-829050374 2045723618 -1048882535 -755670331 66450482 1102923771 46945196 -1457459919 846723090 735160775 -2120678486 -295068325 -1136546243 -1886395017 -1235466816 -1028371457 67399924 -2057947479 344263395 1067817660 268340863 67546295 1148636469 -1561875574 -990479582 -1858261293 294055211 486380622 808483749 1872102508 
1441573848 811379962 1230055296 -1394137918 -163122002 523595892 1243208927 -1987978489 -357756516 1792722555 -567881651 1085946918 -1971891908 -1487977280 815248930 1296822250 474252938 -43069626 890168274 1493446779 -1149139071 1470767816 1828541244 1369174709 1243176159 -442456776 368797358 -1004324712 -1774565122 -78826757 -499076248 774432 1938282518 1043927056 -1654601729 
1778355892 48125054 393693931 -175504131 1484863075 641721934 -783126957 -656288073 1210059820 1842960377 214844726 -1082639183 -704692204 293993872 313320286 -386830444 
-589073103 -1776693052 1053271447 564978045 505033985 20586727 -2004761812 1780261221 -743933967 1341355790 824461382 -1133460709 1601590567 -1111080965 1984860456 -856778512 1928248927 701606862 -325458843 -1467765861 -1493348579 274059165 -766336383 1872805669 -1531282318 -2042799707 1157829032 -1989586468 
-21828610 -184981925 733551061 -1056391672 1891966218 -319382747 -860777040 80035450 -598479571 -694694697 749275627 1886840844 1732543955 187001439 1505431243 -342375552 1093160376 -1966186354 -793375005 -1300859290 -900507320 417506797 56346757 1785604594 -273429173 -1507626396 

1030420522 -291398500 994305891 547074960 1724397255 1708627877 1194199112 -1423200952 1743340027 -1090765515 1348982670 -216862566 -737669206 -1062116527 -1477680195 -1987738345 1473653332 92679743 -1089015497 1761488290 -1129001701 -1440983908 -1087915388 -607386813 
-451883762 16244276 -1258387198 -242866783 1605707513 959235525 -1144514279 1440951415 1122624414 -1243953772 -1828481741 1395164862 911228155 -1935138258 958400485 -549467178 -1999072410 -1250943762 2067902485 -222413776 405917376 1566667102 -1614699273 
-418567758 -1377517303 1209507078 183586804 -358055758 1698289736 1913029254 -673715203 -1705905450 423782301 1160260656 675142440 -1167680853 -986601520 -1418672132 1806519235 -965287259 -2711570 1852621153 56084066 1561711266 918540850 
1892327773 -1538630669 1557199651 1134660058 -105425191 1229608339 597577268 943064617 454849087 -1118415186 -1106163155 1866872510 255567126 241236584 -980535293 -837695683 -1609429919 144917859 784086262 -1255487985 1738830795 623205495 -1176119706 206217715 604734605 -1123014051 403321581 -1897190832 

-518751688 1849666366 257266293 -1865958412 1271608958 933947296 47483570 -1223165116 -695884418 751085546 -1447993055 244747081 508725133 -1455696642 -1938876757 -1132743857 1094191999 -1850112151 10090413 -1564671356 130025468 -2052762969 -275653878 1533029318 807639380 -2133233031 966716309 750841851 
373319052 -1916720430 498356597 512653730 -308475248 132480972 -1101292439 1312739619 -630949023 -140141197 -813964315 -2029838766 1067550093 554246125 1028660398 103403862 1819196247 209470758 1696614114 512777716 -1954950674 538849587 1517888146 361709334 -127328252 -1907030463 
-370719590 1726558343 1235762147 -1713823101 854094063 2096563442 -619268160 1537116383 270147641 -1949414315 592564719 -1423424269 1021285275 1790702309 -904808840 288266907 -2062113675 475486964 1184248201 1179629499 -64001126 -470493282 -1180090725 -553359415 -1889711288 -728561305 -75023228 -1836290962 
2027831475 1254693056 860853220 1596872079 -2101361526 -1376336880 1202895746 2051526178 1683383548 -1505041854 -1750343871 25046099 957360361 39393919 2054190753 992351883 1604265256 959455074 1470136809 -1980474408 1744075504 -1972330975 -798636321 712618974 -480067784 
-2046485237 -2015812317 856538612 1589596049 1712357339 -118373036 -404392009 -524116689 1488087652 1387333972 1079805008 1903159793 698224727 745750531 -415809906 1346109559 -831506773 -1266336024 823631328 406619870 561535610 -1365585147 -1849298565 -1977632014 -1635753026 -1631377891 1300852470 -1790484816 -1723073054 205190846 1054603770 1918754545 390776988 373723161 -41388546 -1000215000 
-91409365 541607490 -369589024 933779226 1555302833 567853195 828637140 -1828751489 43168976 -268712746 -588135124 -1540482013 1976177532 1709327002 703476507 -2135360865 638205748 
-1169609152 2067913048 -999238491 -1591744025 446845774 395220365 1929723064 1958866524 723212473 -83309269 -151589158 947039641 -1568882453 1535476305 419796427 -167799137 2131281608 529323325 1306297056 628221150 1714514870 -1312004430 378219534 -2099214174 -2005802967 
-129753313 -1987787771 -1966779220 -988912333 758837301 800394970 -1719942474 -214178007 1051768554 -638738919 -844501520 -680571828 -1159935029 -1194703383 -2134882063 -661042100 748278127 40401662 -1648363780 2048645277 -727679762 -1607384018 1514787868 -1332570258 -1955885887 1907960625 -236656013 -1722330991 650809360 -2102980803 1822805720 
-213839116 1288142391 1591573834 842155567 -88934041 785814981 1545059770 96654808 1206760466 865101608 16730683 -260332728 -722088102 1169118666 -1850033427 -763087939 -192555967 -201701013 -2024568316 -1578722254 1571493046 443133158 1146393569 1840509208 1545097900 -1201029199 -1947785624 
-982169556 338312315 1575655580 331364108 902632718 -1085497665 673943359 1520246795 -996226552 -97940673 1126394748 -1088309152 777525733 503681473 -464539362 -1948323645 -1538358651 439229399 -2100459746 1466244579 -824957633 228772458 -298789750 549545513 1306855013 
-1268081168 -992997308 199876466 644207221 -1819156746 -1837993139 -2069878776 -787209257 719283990 -1397114306 -209787058 -1463342219 -1742637287 1115711400 -1770907964 -2135919840 1305317508 1240968024 -1777372786 1311840880 1372112265 1037596168 576161157 902953874 -103872612 1471478549 1705242201 1832506155 492103622 195654292 36031956 1440629040 287681553 
-1953795977 -946340164 -622777343 -1817294504 -1936672092 1911615363 1901442532 -1173120651 762340788 -920093983 1782929737 1378375218 -612330179 64351687 1920879026 1951300453 1451696504 482008857 -625329010 -695419985 1276730937 76008952 1548063595 132111951 2143523956 -2021659105 -1606651177 72707795 -1811954971 274780189 -1963724062 
-2012968533 2089169375 2035584435 -1216648340 1690698160 -1812361407 251323393 1099647718 -1529007328 -1734591100 587306014 -470604049 -136853906 1155210394 -913325544 267055924 1325521977 1414352417 20813450 1271960312 2015974475 59775401 -693861650 1192419939 
1078619270 610351183 2098329147 1654290111 1214551351 -691487333 -1547627288 1109411185 1432256117 -1354272540 -192565143 2027419721 -590567202 1343603134 -63536533 -1008905615 -1008861059 1003101155 951042728 338714331 
1474697193 1501394883 -1976167533 167687298 557131513 1761043194 1351804481 1757167571 1030391555 -1747755895 1975147426 -2140692786 -563281112 -768984780 
442828511 -377252030 -1829029840 157077093 1929732475 806352449 1435223363 -178455622 925130428 -345897012 -2109525385 797722592 1219829863 509955176 -984259114 -1926225521 -2036599445 -1026865690 -1803860479 1641907191 330348335 -750695736 
-1602229329 -1823578762 1547284582 -1708525603 -343762313 -551768080 1433390579 617579545 1705807291 1259923494 2136488436 2077420325 1895638402 -777924480 660541895 972841403 -843603001 130376170 -69341039 -1345946018 -802568457 -1035215918 -1000147075 1833415380 
2117216080 -598244682 -1034680601 -1699066238 862137963 -448547842 -138748270 1528046561 -1776961378 119594166 416715350 -1054508546 712785122 1121099707 -423151966 -271684661 1527144004 -1246758218 -394206305 1850274596 -747982984 -36358556 427022270 -1148878883 
95584003 -1319511814 87467575 -999408285 1525798687 -527081710 -1689713957 701379954 740601075 -1614363970 -1477635566 -1462346457 792680456 -401290259 -1922748179 2114731953 -1860689543 -970119497 1976942206 320026779 -894688064 -1122849733 -2015302171 -1652930054 799168294 -1457244951 -1727239847 -993695429 -787279133 

-380258673 -1218464848 -1047805288 851678324 1983405428 -1582617864 1408756572 1450188130 520452074 -1177593201 646021889 682682288 -542406640 543518337 -1080781628 -1984350344 387718812 -610812735 -1421077959 703118628 -167029625 772600396 2057999941 -1423737861 
1664829837 2092765613 555032158 -597369521 -1769565510 1570921965 -125738312 692475560 242061580 330772626 -1173730589 863715699 942504975 -388827163 1219628697 -53571528 262067366 2046745067 -1606191972 -1925173469 1032108700 
1090935544 1069581823 -558644351 1607816800 -325855166 1054722486 1450906259 1930892056 -1856126813 -34626967 -1054761306 -42603376 1895681804 816248202 -1367289133 250505168 675703000 1665750365 126300051 1159498024 495528681 418432372 -1669013172 1478399997 830604274 622127025 1451128863 -808181999 432228341 -462891192 1211332427 416047687 -1547272741 -969544949 2021522574 1974904958 175533623 286071832 1336330997 542764486 -950581622 -1456642194 -1064950566 
725670272 44632042 -1516768635 -989217274 1721963809 1161458713 -810097871 -2009260062 786547107 23122830 1912429917 -1770463308 -730613751 1089148592 -1589865811 -483765847 1670506059 2049784248 198416722 586493227 1352780078 -1733600559 1050348617 1694789612 -998587943 1689882689 -1161736782 -2022076674 
1953820514 181941896 2129633892 -448595847 -1795592047 -706047681 843734007 -1081770641 893792762 -1461688657 -1368704724 2120641686 1334170258 860348056 -2020154858 212764016 -461263047 -1295945140 -1922883132 -1549275604 1565044805 -1481356546 1259131039 957039669 577992357 
-1339300711 -619034292 201562079 1332393470 -1632176695 248982525 814281571 -1014304049 1588657842 -318961731 1573800714 -1436159386 -1311357783 -323713211 494831186 855482920 -694392150 1883815138 -95804317 1390727922 -1580711451 -827926813 -1391572509 -1863067754 442180800 2035961137 82464707 1391922058 -1418135880 1465816821 
1613312196 -1515648364 512879130 1897695345 -969307754 -39323318 -953585442 1216032870 -700141756 -970285265 994418785 1179711577 -694910932 1849663167 640264789 771408282 -820653095 -224562364 -524892884 -2052255653 287969791 
-4698639 -1846644382 -411888112 954440753 -919183633 1557311301 -1593459325 737393653 -1607247284 629571439 1626213209 21102199 1682800267 2019334746 -1157438230 -174568693 -747198449 951026748 1854107055 -2042077077 -583527800 -1255155197 -1038759888 -1502981223 
-826503594 974017461 1191812919 1989471184 -120464404 20828262 -2102696656 1710541264 1465984778 -1538570752 -1955056741 -1498489600 1977623946 -1003919442 -1646996806 583523983 -181006535 806688797 567638805 -493217620 -1866934489 1201810513 -18821246 
511151095 -1735974776 -481501757 1808359132 179162966 -1831378522 -1662977602 2141103608 469674007 186248525 -1545883750 -1976592497 -620771181 -1337371384 1273504242 -398066265 -218651713 1655820799 -2097813646 1883462700 -1795715718 136098898 1265180097 
1564275940 1717402924 853767793 197917944 -2109851554 1658426259 1480222687 -93197624 -1707727398 -2117679130 1799379652 2129434788 1552170338 -1252093273 -665442407 390329556 258039984 
1816971273 -1507475388 165216459 699878052 195492952 -1159827176 -118067552 313041953 -1802453367 733493579 -1198658278 -1622394460 -1910630781 102126698 -1547276329 -600628061 1435546239 332785445 352520435 1366996087 -1524763236 -758993752 -1439276683 -223807699 -1203821987 -1056332987 652435177 -1868380697 1013348006 
-2129284419 794776105 15782245 -1039256254 1707682424 -872444648 1803645623 -1262913204 532816938 -921338599 -865968649 -723456804 1686614257 809325632 -1026616808 -1657933303 341832304 1925346966 665212848 18146067 577213208 -2113586348 -1809816406 772551179 260922488 
1008156261 1270856099 -829047900 1402259545 -563021116 -1020967862 658847377 2054501518 -520656177 -168390576 -299067558 -544073893 -692300752 -1314986748 618062231 -693802696 37766739 111115981 2021512242 990051437 -558204618 -408496514 -1280331527 -60862723 
1229786314 569987850 -597246816 2075968163 1783780748 -417213460 1910700462 -1093966238 1515927906 26951979 1655525138 2066226733 2118311775 108505490 1296075898 1086017660 472915289 -1171451696 

959709732 306014261 -21864543 -672504028 -2086582348 803443015 -2052988212 912510277 1277417934 -643410246 340404237 874962439 1618660761 800502627 -739861997 -1921207454 -809626593 -540172772 -1763640601 2011741380 -745778023 -129179867 -959819808 -1464817378 
1103646859 1978155184 -1963612469 -439650438 -457819226 285252938 1110368086 -531001861 -708523270 -1941890547 1702659266 1721952452 -1185993544 -1716780523 2121770023 -691782074 -1285015585 357657309 -138310541 334838267 1468517755 1219445875 -1010677120 -605493427 721427140 
-1905247082 -1688154555 292537876 -1800418624 -1624567053 -2045805978 -1836884831 129707969 472019376 1956083669 997303898 -1553065414 1478045714 -1698899175 1682314579 1946511372 -1621753752 1735364028 436569722 -2025998038 1110212580 703779482 -1876872682 
2020262970 -938380087 -1433918585 1491370833 1254241627 128104353 -253241749 1121459214 -105823755 1902292950 -1199820976 -1101217364 918852840 -495809876 1679494005 928979460 1058921545 -2120859042 -1087782838 1010102134 1877732368 -562102324 1122562933 -776236098 1981071899 

553769709 -1839459532 1055341458 1367512440 381338399 941296591 -2074060068 1552432585 1491792415 
-1785076037 -791810068 -1814392346 1298502414 894798046 -1790940627 937903366 324334543 119178006 -2145740364 -853331277 1523387734 1367627240 85067338 -2105657408 62903349 -1809613964 934508079 599882698 825988405 346655301 1887161155 1165744323 941714209 626045638 1682917699 427675618 -1610679684 1169159290 1076280802 -368305811 -257688837 1602821897 -798282292 790135727 -1833892871 -2128446806 1642973607 1748700582 -470609277 1822557015 -1695332403 -1072176979 1160474489 434881686 312903663 512875900 1159829910 
1022551840 -1917249936 -555701806 -942525918 125746231 -180660531 1235227141 -1217235615 -1722034265 -502210125 694946667 991783729 -284469941 -787307133 115513285 -611443353 192973759 858820856 -2027119671 1552738627 -1482665303 -688132193 180015219 1223622369 -667298480 -148260119 -2131475696 1517277184 -212007126 958223272 -1251466241 -1785815955 109026345 1486432156 1810713079 1730798986 -1978384844 932939338 -13301139 -2061663491 -1286746261 -1268422928 -252146265 803243762 -66904547 -2131380211 -934630515 -1739573502 -1052423810 1344741315 -1845332488 767156503 1702713134 -363832165 1960585343 -66419888 
1225517656 387200084 -1356760648 -1005085739 1722867599 287805742 1654403810 1198802243 229421747 1284018488 898580197 1098337576 1424190386 1831117850 -1330733015 -1891611059 -1636121962 746989621 -1831935785 602075195 617313365 -1240527071 126363595 330347220 -1103569838 1673933259 -1097684644 1964717947 535197159 1192524049 -1972517268 908165238 495405128 573951570 775046403 -1377482287 284112261 1440784534 -528031052 1914991869 1960486583 1274540636 1287936516 
