52780363 -468965085 -132895745 1010343092 -313973919 -2010232586 1782934735 -1542916983 976977178 614716176 
-1049814057 15426621 -1159714631 -892744499 1640276225 1692479077 -835425661 1810405380 1954100989 -820006986 1741993875 
-481335307 842124735 -450855024 -668801153 1858674834 1896324546 736161391 311516039 195502456 2057848038 174890038 56931574 1259456281 1906174907 876102214 1938617186 1425897852 86339025 -728814376 -2092118841 -851427545 -1614370643 
1973845898 1937513389 -1525222840 5781019 2064640489 361812535 204619091 -1922399898 -1988289446 477617200 1515980736 445932376 441678319 -1074964807 221811583 334886568 296822751 -911524981 -1480174762 -1999942847 -1636283494 -1817092558 710508266 -1337087876 



788583219 -1722141309 -182840369 -1096019862 1735119679 -1507539812 -1546959840 282279144 -377034147 223554245 -216722363 1598923309 1458718155 -1728434757 485635055 821866210 1310003847 1981690234 -1635939740 -1207696877 -1768270760 -2109798110 -999614418 -1941939218 
871350230 1031443509 540738030 -381448728 1758952514 -1082386130 -1913876012 -1470658135 -1211816950 1694370268 1407358558 -1145886974 -977499497 1140281910 873019162 1964605238 2046424423 -1780036105 -1050581882 30453769 1494249572 1045072850 -1357083815 -965669867 -1750808692 
-277709372 28231196 1355328338 -1263046404 -2051039774 1844247085 2066676962 651389273 1498187388 -642772702 -849131012 799703186 472186434 -473154796 -1178948924 -1208804006 2145730716 -776433636 -1003921142 -151573270 889993014 -280966133 
165906989 -9026149 -926656903 -1286671237 -970794878 1266778587 -1616609387 864168191 -111877359 1410426791 2099768292 572696492 231770060 -998067915 614686163 -1101925000 1718508418 522814209 562251686 2019239590 37983852 -1275223588 1710053115 989569307 -2088564417 

-1236418205 1890459144 699068658 -931868336 2007231214 300994523 -2105195167 583073770 1440101757 -1177071707 869296146 -180539560 -1780134560 -924538952 -1873087469 -515675862 503461501 1888243223 -1905371001 -1668167520 69416590 -430091724 -1040240791 1443986277 87026757 -1771568839 
526809742 753273955 -666709297 2112473052 -813050680 -2146733285 -1425593746 1178228348 1948235947 -1076589896 -183018508 1034571897 436220613 1275632467 -642663684 280697987 1667385304 -881699140 -161579276 -1777075544 -1009799206 
849850269 1266327313 186245334 -961323276 1777138285 -1102486756 2052154365 -2030747423 -1684818916 -59831221 1744630662 -1386533308 -1084820524 -1949563405 1223957940 1671160408 -364921518 -388331433 868299166 -964810008 1606602814 1848400235 -253242352 289131544 -698693837 -1699198350 1426931314 1123322366 -99567655 1066180230 
853134114 -1820054877 -125922282 1366559916 1124695894 449392645 -166810088 224991763 -209307823 1939491322 1104852723 -527177169 -87074542 1972035489 651115435 -79378012 -274891648 -445194469 1809741466 -1692005131 -1646162819 -271008878 743901315 956179458 -969671891 -1871935533 
1260594430 -1022688414 -876663892 -1680533143 -1576779343 -1685714620 988649466 -920572402 1461254651 -59238951 954490418 -446185861 -1051620065 -1007457469 -984146875 -897331024 -1506236490 927612068 1036613155 -159775803 -1294567137 -2043888992 -14660111 -494296700 347810472 1493502820 414426719 -761850194 1638382453 1839347301 1193763192 
-1766099425 1243265980 -1281981642 1701344297 614038721 1199089998 -741215571 -74904597 2078167352 -673343269 -29735922 -568959292 -1538200722 1377858656 -107951842 19284306 -616506188 -1167194365 387322595 -788236197 222935908 -1251680881 -112119617 -346935755 1198991445 453008512 1298788827 -690270129 -618656715 908890911 904031040 -90553198 -242219996 
1338642883 1433210568 1033407315 1661525943 1048262011 509760545 1440368968 -418623990 -1106568167 1345475771 1283443657 1836777729 -740792897 -1118109537 1427018156 1612959051 1873525135 -2094118847 -40188650 639753172 1543845376 -1907929449 1905661397 -316649117 -462339005 1949841050 161083912 327399358 -165649681 -2114517227 1943449314 -1596316018 -452264913 
538994670 724108866 -888788948 278708055 -275908027 -1032480188 1302243970 -461768878 -348780680 1325894500 1094348133 -827686291 1830234934 1268106532 -1995667477 -896196665 -1135201314 -25588436 -375725953 -1040776627 803606255 1557014030 1924001582 -659809997 1818124612 -1310695416 1411731760 
2011373911 -1572835161 -490050753 677131616 -1215646838 1427892957 -510696713 -1703276148 1536417160 1359650923 -171472608 1790312919 -1537307749 1410542979 -1691549745 -1184121349 2021530517 829403695 1281244374 858942021 541182922 112703634 439558571 -416804005 -1152354756 -2084549774 709745335 -459623425 2087454293 1592793705 1650522707 291854361 1767630838 1174509580 -1522981676 1307900873 457955749 -268522194 590300919 
-230889813 -1461798420 1038533792 -1517885314 -282472944 1158362880 2099887086 999946082 -1784822367 517116084 523134714 -572967255 -840021641 -62922498 1690133604 231792717 -1132373021 -652199616 949924457 265023061 -1329763823 1439365117 2067799545 
1923198302 1179353306 -161813526 1595517186 1491999747 -991308013 1965586900 -873128052 -2069088345 -1409244688 -1100661148 -2088524271 -282663821 -1944944867 1957830234 2097525824 -1414210620 -1539599558 698449516 2104902515 -1476875235 1820613206 798350660 
-957597128 1218782727 973953787 646958097 435795237 -497789908 1733476426 428068008 -2013647594 588107111 -63921466 1207671009 1790841426 -286363522 1177578743 240385599 2115200904 1094439966 1832588974 -400895677 

-1483770033 -548878453 173243845 1244089197 -1711725621 607298500 -2001312868 926975570 -1325545178 -1209966874 -2064753369 -2000382466 817757482 2031959154 72053986 520431442 1752408991 1580878030 -922264387 -1590409031 154999606 839404488 
-278343053 1560701364 -1623934805 1068175688 -1783043584 -790812334 1689204237 -1611155710 1997514603 -1163878668 1392452351 -1708248834 -282781066 1336067067 716583196 -1733771893 -558915105 -784105280 1279832431 -2070098652 -609916911 -1261881053 1383779419 
-359432187 842898176 1564803196 -145576864 1342858675 -1576943441 715072251 2075456631 1644012580 -789751100 -1152182320 2123219814 -1607295244 -189264794 1831875504 1807339638 1781496592 -1288080685 -823697661 -1039627508 -1523902644 765379877 377642248 
-873912513 -434175213 975367185 979271493 -991819240 885733936 476851081 -920681797 403934855 874606259 1758635972 -2087404136 -1896172600 511465224 -236158678 1609425705 615817926 1886763987 -1526285237 2049594004 1314758828 -127700613 -2131702426 1754839071 102376168 

-222639529 2113236062 -154044794 -1189327112 -786983661 1698732544 -737421359 1792162814 -1298005250 -2070929630 -716733631 1301692713 -1521107629 -1608996204 -154963160 -1392795757 -1200532167 -212862210 -589549042 342333261 895825351 -520084997 -1460472743 -145728310 -31057710 -1091136880 631777634 -193515133 -635582864 16695503 -1799115334 -603549755 776689895 -1393819002 1792343410 2128598194 1170349341 763229752 -2026977437 
-1528827983 2111092461 925186224 -1533483081 1437403968 -1323296936 -547459064 -432835885 1963128682 1989190867 1488702455 919083522 -173610691 -777436418 34408969 1164683020 242692210 -402413459 -643704401 -81943837 -1197108808 427132824 -1650462663 
1883332947 -1369502871 1556006527 1394316401 1889373839 1529310942 778133079 -297341632 658949803 -62350727 1652721816 -236420307 1672674163 757300935 968548158 311983127 1014126525 2049975515 -1413361877 -297341707 1961604432 1532111327 
-1372705140 1636149337 -1337837232 1007516492 -1856701366 -851794670 -26019279 1801861153 1709466722 134137188 -267932674 -284735808 -1016020774 -1044252557 -89223394 451948732 -2029630749 -980247099 1541223626 1638197657 154242209 -270374538 -1197578590 1306913061 1897228144 
2123574651 -922137002 -811973739 -967948994 -424221182 1558366268 -1626827795 298627545 -511159627 -875574322 755403244 -1631318681 1642738968 1753847328 1906505833 1685838221 -1929635716 838053710 -1908384866 -124977065 1179054497 -1056643401 425337874 -1962005555 
-102161769 1030445928 -1836487345 1270103725 -666394955 -17974563 -905307523 -466626666 -296327331 -586551560 1766003386 693665785 1590690782 460585498 -2031531613 -1102906992 1659461552 1461607517 -1568751264 -1569693784 -1082455751 -291642963 896267907 -887676188 -1787206547 -1739856997 2097354374 1063342051 623236766 1387870150 1302459334 1150577260 2045611092 
-1625523444 -853486089 163291650 1822616654 731897963 1594428922 -959643676 -638617093 1259352425 -386869087 1101919431 -423672364 45250311 -972211041 1076257734 993852749 741001667 1070965490 956364938 -100471541 1655280567 2075234755 -57849362 329408244 -834518212 1683602588 1974423223 1373089504 -1600016130 -568636572 
-1125851521 -387461933 1636804610 1489366508 -1368827661 -1811980111 1241630890 -1376180753 2393402 -1170523236 -1874560995 -536316678 1805197581 142883554 18871203 1107374019 534087797 2011260833 -953753490 1841808816 397836662 999074062 751138680 520004148 -1511849033 1563904296 896933967 297416421 301912047 1673348244 -2131473477 -1205171444 1307406624 -1202796190 1318704338 
1671268630 -421435025 1125273832 294687923 415764858 2023016677 162521198 -1503817274 107432667 699637202 1264280220 1372519231 -1656772108 1936352556 1846072584 -1766107787 
-762791390 -1954742316 180514976 495674275 -1355657595 -595795655 -220796904 1014378681 408946414 -1292923203 1208552138 -1410825773 -1388378114 -1800370910 -833455346 -33036747 -1255102425 165439905 -1050335245 349926639 -998972133 676662466 1915167409 -22897121 -432179849 750245030 875018265 -444292071 
-2035602436 1370230001 398676586 -1790334506 -555917648 -386008422 781686771 427329400 1983507246 1028731933 -1270321715 507677198 665204839 -1081387118 816398707 -1319533101 -1798521000 -2068407049 962963928 1130402472 -1241101592 -1338412046 -880835766 157667083 1078584510 1730618079 

-1482154015 636298624 2095544164 -1403822580 -1025699226 81437257 1309141579 -1509887819 -1106708328 -1423025159 -264936036 1840426189 -1359837358 491714957 1640715083 -1927677717 29712128 -1966165409 -1772000311 -1734869466 1077001354 1734874534 -213474252 478184030 
1892167485 -1532587028 1279102379 -24107086 303126283 -1467402460 1377225639 -49690432 1882284412 -1851059027 1355319267 -1862744575 -320213304 -1419682709 1031145011 -446636814 1875105758 1510130147 -2017086243 301311821 1918306370 460859744 1377737483 
1502027355 1245961642 -1199342847 -1556489493 -622244555 1925581232 1377608343 -1508347657 989419083 -1575964071 1511681901 220693452 532850603 -1776508273 -1453899055 1735042315 1944747412 1484983075 367052712 2082757191 -290347215 -1801361516 
465684570 938170290 608611915 -975578188 819928943 379733568 -871037940 -124775048 845583686 1302867216 460333275 -2034212251 1589721675 -368749672 850597524 1141081728 -2079761752 346079262 367553477 -1950941011 1459390129 1138852471 1888455016 1646246100 1400625889 734900738 710373157 -1779918450 

-2077561043 754541973 1357942012 2107995533 752853880 481138344 228763681 1949757454 -1986230383 -556260214 -1000047472 -1302743719 -1141389003 433242179 1510371379 579340021 425823021 -1910425824 1071330826 -1846862937 2011948141 1714093294 -782015807 1688058194 -615565558 1290724556 -601616425 541003721 
723444969 -1006917355 -1489921413 -1794966354 -205479080 433744151 1466111668 -1102013357 -805620408 1875663429 986467729 668405079 253164174 1770481839 -95474704 1980450773 -1244225812 -1195806667 1325869930 -796780203 -1254519623 -1714658605 189497942 1019970546 1666164607 1021921489 
-1203755073 1352433124 244886109 -959250532 -374480911 225400196 902198405 773688058 -1369516879 -1248685334 846557515 1808336743 600039615 773863119 1339252342 -946137948 1819564550 835710201 -1938849941 301813486 -630599166 -1857992345 48035282 1273083001 -1947388171 -847607631 -442786289 310475284 
-1924928737 69938603 -2110811469 1978581615 -1786331007 -502673966 598020535 397101678 -85124862 -912299589 1480115188 1191423554 -1770288392 -1287566529 -558154433 -1659947990 413963926 1360936745 -926433763 2133518115 613867557 2136695976 -2058500720 634260303 1166317887 
-142112499 91607403 -604686917 539176484 258715824 -489055332 1112572609 -995341601 548544249 -610767613 1848197993 -1360806728 675622942 -2058855797 -943098388 1002867664 -2065534982 1298022076 -195057477 1603081172 996963329 -1432076452 -853957129 1768412934 1078682165 1509591332 767875665 560803571 1591814849 388137227 435095740 -2000863473 235075332 318733408 -2055470486 -1070234293 
-506963580 1908852643 -1237762834 -546925143 454307335 -11902778 1281068608 -535187869 -884923893 -1944029548 827131294 -1026201792 161062135 -1239197673 -201423521 179536916 804176985 
1206198381 156337110 -87864229 252255582 -1888313535 1667490619 962575212 -1845427300 -1553378201 1422962933 -963578208 -1810127035 1076703569 -1969845254 1845784463 1858454790 -734418869 1904533036 -207575596 1610276445 1012623487 -803790966 1467189397 -1274209590 1029117573 
79543796 1660773216 597587845 -1034236142 -805141504 -1294231031 384465575 2094468228 183939145 350332439 763586887 -2059568334 707701884 402159144 748454172 -1024807017 226001514 1357809640 690418799 107576144 -910720862 569760459 -1247440729 579755676 -702528496 -903451810 284121741 -791075564 632706483 1932957187 -1033934600 
-1838942687 581265123 -1375942633 -462638490 -224438975 2015185668 -428801215 932400973 -495362932 -369523229 1712103022 1209743194 1133596231 -856575344 1540645380 -1058977443 33415709 -1080353047 1950886595 -284069402 1110962679 425590362 -181957105 1845495080 -1909965171 -1040853204 968093923 
-1840995006 -1838500645 1062623945 1075068328 253714608 -909207070 1244259426 -1476499521 1145846436 1932909475 -3548198 -1039133293 -470265655 -881595101 1154805673 -695802566 600828834 -739324497 1654220480 -1785339570 1481829855 -439660702 -1263133567 866496621 -905387443 
177689459 147803017 1285617545 1477285936 217320658 1632081287 -1824056678 1442920934 -1879903739 852577224 412892581 1005542821 1089503043 480715494 -1406440571 -1602540302 -1880127756 25590840 1278729794 1875779813 -736560605 1567126079 -1386334841 -139865205 -1891405598 -1632904479 -1479106732 -1177232139 -1165102447 573195761 1974889450 -1121569082 -513570089 
-2049886398 -2054858908 2045869789 -303430407 906561786 -1619922266 1674150826 741504703 481818092 -441544454 1337358545 1454827813 -162972092 37601151 -1772632307 -1056209767 655278250 -1845735497 1413005840 -1687735191 -1429061558 -2042802986 -1021061632 621494507 1724066521 135881447 2092208212 -1428818949 1549100218 585310681 -468218294 
-1128816671 -412895844 -1572490062 -905765074 -695227262 -734434783 -1397982807 499744377 828981259 139197616 2146276891 -1607792975 -681235630 463879884 -1525570916 -1148548293 -786879166 1452646735 79169237 9813931 621510668 1615397253 -1740773306 563449065 
-613221680 -1392038888 1622964189 1756594972 -1614137847 -1632869619 -1268765018 -1983228580 1766831267 -579132337 2027082564 -971476561 -1451622691 -750947337 782675899 -1029777287 1576612069 1551494410 -1305495440 1213992738 
1901482326 -1135062929 -1170735612 -1288681741 -1680213026 83847506 -1732351476 -666507075 1684235788 1760951509 -843389656 446515367 -2005273639 262634311 
334177262 -1559163011 1785365805 -388678999 -1270916119 -602600366 -974445457 -977650890 -506508467 2010117165 -707833833 1949917809 1855625002 742593308 -368595255 1305678903 1559353892 -1405373868 -1296077024 1251461993 981996290 537119175 
-433874039 756791105 621656781 -579353285 1887343337 1489959246 757201970 1871321742 -1005312356 -1118460057 529544923 680818531 -1244556262 1891698253 -1367207728 -1134462854 1471044153 -450100785 1757506636 1708816336 -1882628087 2104175510 -862045686 1274365959 
-2044742666 -712531529 986253781 -1993798334 275861866 -1479213430 1269945294 -209173314 -826158241 1809801373 -2080315674 -1997464997 -517911981 -764380726 314965706 -440027056 -749980348 515830600 -498627055 345440611 1115093639 700831682 321597288 760653089 
-1216020253 117295405 -45794876 -230340719 1916229653 -897303703 301319204 -484161826 1389627433 -1386179940 -975924510 326763524 1973082381 -1504553765 -892363912 -1707934139 1482200568 -1046559023 -184444965 1322860481 -725213061 -503874067 -1146044759 238981852 -865772043 -989425371 1095787119 890109921 -361675327 

-524753599 -1991177926 -578638317 1485032282 3752188 624860694 -1513866088 150976694 302229029 1415916507 -111634039 1365308171 -793134123 -1104142550 -1593469145 -594889618 1606304738 -2013771378 -2070577452 -1941578686 2017946576 1060782993 1350754684 530579722 
-858030039 -1586162559 164743775 1945993505 490702734 -1350614526 1804895490 -289947587 1829272823 858757869 1325725634 659201313 -1736546213 806037988 -402947010 -995987868 1603271074 -360539896 -1893826382 -850495206 41664011 
-781879752 1621994088 1886478346 -523406959 -1294903507 -1920499526 -1232869776 -1365622470 357055485 -1154068833 597444691 -691483668 654368244 -894093239 1395607184 1759939395 -1792024654 1534443426 224708104 1993735261 1664765278 473434609 -2107215760 1472043682 -357284951 -1530279402 -692404781 -1018069436 -251121957 233830064 1058157181 -669642456 -488716755 -1628888453 -1205638641 -1445691740 -132081345 -1118765768 982190282 140873695 971865614 1408967886 -781925174 
2071595061 376368020 1390505190 -2035038484 2069649025 -1724434875 -457787053 -520655437 1376769615 1110311518 -648296507 196314251 -1192136257 1428230421 1586643050 2004965421 -1236537908 -517604876 -182546810 665939023 -914816553 1968731631 390974366 1239099912 -2073945430 -799105490 -371978864 -2127312581 
62835233 -440221587 -1335723929 1382125373 -1651339223 1876505460 1870372381 -955982489 -1134603223 1255511296 -333408998 144033222 1854638177 -433896206 322901470 -759231114 1104736838 -666341014 763787841 340682242 -1279747825 -1210832818 1136501616 1700986228 -972048196 
-1252842445 -753245532 -2013604216 769206389 2135441447 -1279853269 2140716189 1933375828 -303456196 -1672421158 -608492836 712527585 153784864 1900002194 696188447 -276442050 -1398240659 -263573194 -1722892620 -585120470 1520431566 -353754119 1479118672 -5148333 2103646383 737179714 -417641277 -2023715525 774171351 529289735 
-2127467759 -826662409 -1534737536 348170995 -422672327 1460309054 1148260678 1619943540 1459134692 -1657647250 733900554 751332305 710705471 -1288854711 2129722669 1642757808 444812719 1085798135 547153846 -341663809 1482436345 
1774067212 430542857 -834114186 -368538663 -386889096 -1508017398 -813909107 1996811931 -789173497 -2104070483 954157789 1973221933 348591584 -430994684 -798013915 994993536 2026843102 1020592166 302450150 -1919392854 2145799466 -1517673710 -5078934 670364656 
2049683696 -164671162 916662320 278493954 363441360 887140539 58368705 1046795989 -896703000 1977035135 -841848244 -649539357 -1543617316 -976631991 -1350288655 -2117235157 1013949915 1399117562 1804277520 1849518422 502144106 -1389759115 832295611 
-1830801270 -39705129 1969921731 -636503220 1621430362 -1160783558 -130766319 682236719 955916904 1983648339 791646597 2137383165 2022836029 609533706 -774551127 -2079378252 -1010941513 1677944376 1969438656 255330154 135277071 854511621 -1684935626 
945185987 -832645820 -278882086 165437173 483247019 6568418 1833547635 1226482990 -1383272571 337239693 1077577188 -1363878065 738443956 -1357521714 -1664141319 -2114542227 1254463567 
-1280691546 -900528384 1767157609 325936231 1520949605 1316143553 1224824153 -1449978518 1974404685 570365209 -1640120281 -586535010 1361029531 71100449 1839838792 -880608513 1749795482 -1420541161 1454063146 -700889309 1555990259 827401702 -685396863 585373494 1753415936 -551186156 1364543503 718565726 -41021552 
-681059330 -838118679 1600176965 891622 845758400 -1746100405 983377836 950189459 -1040763845 -989685510 -1237780144 1420849371 -438147939 857627111 -748349200 1211461365 -394037103 -981427089 -853252117 -1001207237 623347595 1060353915 -1650646973 -101254499 1993505617 
-1849738467 -2044214728 794250632 -446656534 329123694 1412650081 322904326 1459273281 -1050480579 -1444481099 -520536546 -447336883 1744987540 -739553481 -1527193524 -561427530 -1702866675 -717377934 2075190421 162296869 1637222901 -1449512352 -747720568 1832373627 
754181969 506026009 1306512492 291682198 1004404686 -1980718523 945297198 1626126245 1111353985 -1689420530 -112712354 1207093605 -802975948 146550139 -1345670484 -1073743584 139749130 1486674020 

1712348617 1806283529 -1758463092 -120932030 317807958 1610492416 -98772244 1257359961 -1873448700 2014533743 -517903329 416947108 497678389 476281904 1820365697 -2086727047 -577904571 1704186383 -412455600 356303825 2121123440 -435584964 1397519339 1011059078 
1295969821 948424014 223279499 1897849384 -635141267 289482941 1162825037 1382722878 113677385 -343514262 460357247 -1651175643 1606789532 1305655084 -2090343759 1908668440 2084324772 -643930208 -2093314696 1608424728 1642643877 559838877 -898267993 2063287788 -1733706493 
1319662979 -1086115616 -1417271260 1319616034 -1848144924 73132825 -1401203704 907995456 -855047138 -1242565298 1078574102 1215591734 -351068894 -2138173206 -1314517726 1717697405 1769690065 -1678645470 -1359709893 -1799089802 799387128 953178475 72010481 
-281133692 1455410133 879432239 -476793218 263310114 -762773956 -886754818 -77205463 -1179432954 1548200454 1959703286 -155761323 -704951154 -867948323 1041604725 2037587253 -645444578 2084050380 -2100395933 -762116508 1626902514 -74449845 1489500961 1809584390 1090323990 

2120100699 -1159248191 743311441 1651604660 112302308 1419147167 877575199 716256517 1861157402 
-295824845 1824956822 -931990301 -1610239329 -233306347 -1543254431 -1042285413 1630290555 1338061313 1737103028 1938119601 628466287 -2016594493 1749036757 -1751839316 -280454532 -1791141729 702763098 1407644977 265375882 1961029708 -1499771960 25721618 35990515 -1336235153 -1087673179 -726967857 -1941504937 2126354958 248794743 -1784023440 1690464555 452084415 -2100964591 -1243402797 -411861577 71172253 -683684375 -1818459895 -2004973654 560924612 2071096001 -1188260604 650447221 -1645059395 -266818933 866461371 -1468370943 
-1028941617 1189047657 -833618495 1244264975 -1230656960 960349625 -2134009284 734082324 -1241563928 1336211866 -1077288690 893778001 -469850745 -1390025968 -1707207721 -1089882668 -397688866 1662316173 -1184591452 749181665 1260460162 1125474396 -166781043 539900577 1226737935 1065866436 1698896624 683164857 696478995 -1042426769 -2045353288 -21802913 288812833 1595032442 -973072611 -44035962 -1368804582 -609035021 1836056787 -1510500095 -1006435808 365678945 1723980356 2056825997 -1380355291 -1294079333 1271275270 1592218669 233188401 370258932 -194610262 929541715 1494669673 1448777514 26822434 -1739787961 
1230641214 -1871745152 -718741609 -1375995258 410947663 -593123281 923502249 -300338654 -448953065 1880563082 -564011614 -1394137830 -808628814 -2109108716 -588273565 423390911 518073055 -1475099250 -632899186 -424875489 1525112479 -1729053976 1444902156 -1427435905 -2103000019 547306141 700924830 -1776055480 -831344460 587839270 -178652815 929536741 1849826278 -1757010541 1894601863 -1017261630 391419593 -1354410298 36510560 1034688282 1609565195 -1346158549 -429915233 
