-567109883 -897444664 -800375771 1271741563 -1072451101 1637140696 2009229946 -2147363058 506713037 400012040 
-151313932 1421644256 -1005727712 1025101341 765832494 -1613055714 1599787966 -804349334 -1134250779 -1941481099 -1445039053 
1550895572 -685231565 2105743965 -556521909 -2063218117 539644098 -1767255875 -2103382724 -1648872376 612740176 -1842774087 1844174601 -441751932 974104166 1347870920 -663533947 -2122380914 -693844753 -347606715 -1558514774 1898810714 -860914537 
1713139752 1728883751 -1387528308 1151258449 694275768 1485908207 187691151 -2138891466 1707533339 181242219 -790510731 -77769155 1713458417 -1123680853 923265633 -501940828 -1844090269 1840489168 -765244593 633876760 -406368043 1255809562 -1103044372 -8877794 



-1928209731 -1126444789 -944155276 20832438 -1809886693 -1328258612 216764502 711031606 2082275365 -1669614483 -304382770 -1622138171 1768503779 386033829 -1669739256 -176916692 -1589477446 -1552085636 -2132855130 -1694569030 -538233421 831082171 1546165413 -55922635 
-2052761852 -484104180 300806875 887862845 -81928828 1114514244 607865326 1776509065 -1189613613 1651631113 -1165680080 2134841568 -39565875 -2103313923 -410469042 1878794558 -617554900 1468053 1453426507 -549799588 662842745 1775911617 -2061679492 671790960 443460888 
-515765150 -1044893263 800154914 -1572731515 -201311613 -772580474 1435641760 -1774382231 1855637808 -325108212 1021286133 -1023580187 1379989825 -1325091832 -1748155592 418176910 -468348227 -2067284927 660503460 377048639 1829280029 -701123466 
2003331816 1861290447 -1550423870 -815034903 2032858175 1070106944 997317257 517861028 -1857784991 955449562 -847099748 1301317545 1559951653 -1910100666 1005900362 1089385142 -669177992 1989137259 497880389 -1207740540 1968941046 1392115363 1230918204 -268790862 -2010328946 

802193024 -1370696865 -458500485 1179711465 1832467214 -1638266178 2107583125 -249073576 -1817232953 232629625 819791697 24278159 865405882 421120860 1762898037 -1406735880 -1707338425 136201657 511867100 -910308834 -483829357 -1209849913 1205725981 744658852 -1187891392 -1651402532 
-330459502 832170906 -56785902 -695323737 -269495491 -624149475 -2112842123 -399691472 323218881 -893112291 -2048317150 -331409862 -777013708 367813016 285705499 387979630 -1101945666 488781979 -80795594 1743004685 -22219789 
-2137532826 206399241 1054550678 -2101269143 1051837712 -715090111 -784129903 1879265116 56123908 -1817425036 1975873437 -625312212 -1810831487 -241597968 -2086718038 -1112625140 -979154696 -396690101 -1723466009 623642832 -161947842 -798332045 776034369 -1638812369 758545097 -982346233 571352708 952055309 -1740330555 -1736498669 
-965845888 892360794 -1556641862 1502843474 -1580405597 -373675848 -1981903194 72746708 -1114457976 1784803537 2012064119 -1836329067 -541681337 1022471378 -1490203830 -419863511 498089840 1199235215 -1087280000 -200306349 210379622 1680603538 329007929 -1075008345 -1521118845 -1724811187 
1760233639 -2099803565 838740847 177711416 555183513 -356520847 464219187 -457241635 708501821 1706442700 -725610730 -365440273 -1491748110 1392195756 -597699561 369090992 86276918 -1099567938 -1150385755 493350509 1527527338 961822375 175818287 697527037 1574405224 -460183201 -264606386 567873931 -1325222155 -2090877084 -261794826 
2088715453 -1779464663 -1675746344 1578559827 212543094 675640779 1127302765 -760366612 1494646958 390424859 459930908 -576464019 25366567 -1385383275 -1600458918 -497928176 -819462037 -1859381839 -1304869332 557559013 -1732172599 -399175879 301921498 178039712 -474693343 -332261106 -1382241654 -1295047701 -2093460684 -522114824 -555367860 232337009 -1431230960 
566451207 -1547662107 561594273 1678366456 1713443782 986299209 -1015994063 -342710530 -1237109779 -1421708038 -1879808449 -1954187188 28754796 -490004107 1362476953 -2018762628 226140891 568332538 274448982 -130917772 391348468 222180119 -387820405 -140853739 846417920 -1903100172 -1662878212 -983536604 -26766381 -1505411943 -366830958 -616226639 -182837313 
-614634721 141178951 -119136292 -2065824393 1223203079 1218776255 -969950193 1900210066 -1685828604 -182170636 1944798118 1308545894 543110235 -1123807121 673641623 736598314 1388449975 -1163539906 -1528574497 -302926979 -512201415 -1768918312 1887602808 -188948865 -1161099703 672803273 2065405832 
2006623908 1482340460 -79289599 1350771845 -1552582459 -733342357 981284097 108427768 1875587065 -1693979974 41295912 1334603739 -1722830971 687287756 839320051 541411747 -1107173988 -849763093 1575942653 -1170341189 -1463459924 76973561 -315367399 1951578633 1077020276 -2023240296 883842667 1403834907 -1501956853 -1829589123 319932105 1133104107 474865306 1535852774 1768237177 373220670 1874794562 -1054594660 1639815052 
1138203158 -947067625 -1385263681 -967271908 -1075068150 -1538565477 2025310676 1765450885 321589125 11041185 132006837 1869223678 -605826119 -1443138321 1267078506 369976363 -843858002 -1484185334 1665940655 -1974485912 2044696978 -759600776 -280107859 
-1304135786 2042796770 1914544285 1530267016 1145575099 -912651337 -1511859101 -127662547 1859724321 636376559 -78200239 618789851 1003634000 1597457959 1606963568 453629650 445772132 -933449233 -1904128996 908344766 -600510061 -73811922 -1289721969 
-616751758 1724962301 676614519 1584931775 -283278817 1742645797 1374176727 -1182286787 -82664503 -34134173 1568097566 -1922488153 1176927712 1172844130 1774599566 -915896096 669931803 -1169573381 -1169589922 -2027564005 

1767419675 -1505489106 -335495907 -1729918659 1596589401 2138997853 1239745600 -1254450758 -2056792296 -1218107351 -575537465 -1366038217 1123898385 -1805781634 1660766814 -2126092096 1706889289 2003164777 203262240 -1572285809 548990354 -584945269 
882149604 -280205305 1845911545 -1577469045 -1312369476 420359085 -1180269315 41910240 -1694223852 -688237467 -2119456504 1538567058 -1417386698 -1189181042 -132114510 1685748530 -29662120 -400775387 -908283525 40912252 -359548855 -1952924813 -1699738477 
-1283476873 1951700319 867935565 -282578154 -103133583 -1360940997 1662148033 -2025020821 761050580 -437975134 -392541369 1204792471 1651901199 2066950712 -413026064 -385860788 -955601878 2074590478 1326569494 -1337400465 1754932913 -1565860329 -667324375 
1922087329 -9252315 795208893 -712809323 1067435237 1077256938 -973928627 -244405549 553131205 -1298773792 -197189496 735694871 -844501164 -245004373 -1809564072 -1660591406 -1598037771 130279025 -1934440620 30834098 1295954144 -786090692 -1443328340 1213947291 160556740 

-2134519324 -821207234 -115250359 1357183943 -526128285 2013997277 -1022563042 -74464417 1127296560 -887403569 -1051152671 -1398203860 1426634756 -1356415084 -2022922728 1245957928 -264173454 -29152942 563568810 202176701 951022500 -807132843 766031620 1228710061 -1024998199 -2056677710 -399545972 2135161135 1848142245 555486755 -1812514573 2124827139 922724592 104896818 1452229950 1999460369 1552219015 2129443294 2003057583 
-126750051 801490947 -605757246 -1534184606 1673411045 867887769 710324326 1377473292 -1059128229 1862831421 -320207542 -1550255431 751691859 120100718 -5127815 1430427280 -143199052 833864835 1933105869 1601734094 158749934 -209469153 1081911816 
1037015739 -472983902 -240839117 -396286914 -676530097 -830851543 616411904 1799967009 -1797831442 -274785198 -1611545297 994091315 -1852342965 -1469857490 -677016448 1925688582 -1521772953 -704314165 638092961 1847731620 -789860972 1515002272 
1649651817 53533801 305329335 2113851492 -1621558821 -1095387631 -1188833053 -2038118683 -441955208 1804948968 -2118723146 -428519742 -2006240378 -2088454860 2012317000 981497614 -1989806856 785327647 1118069625 1113848888 328255908 -54318267 -572276189 -204494659 196333883 
907749722 725075491 -470629142 -291901129 1889605147 2008989104 -1744792259 -66045959 496664942 827145223 -577608933 137904593 226281142 1346143676 1705553336 821951117 423546218 1699830277 1349394762 1324965871 916009182 -13427185 -1190931120 -420021925 
2128789995 176859392 935621650 -150776163 305776743 -1873260967 -1696912031 2121074102 412203257 -2137632584 553162774 -1896018928 1782948329 421386664 1957047810 -35402925 4148868 -1825408317 -1469075820 265039210 852780593 -1973404063 -250110889 1416482427 -328088456 -1901090337 -1014349854 504563744 1413921018 1742824850 76071473 -669674223 -2086590964 
681815417 -666020692 -409437964 -1463000086 -1798702558 1425326006 -1560395507 -2108899683 -440953654 1670151013 1644373873 2004463246 1370165652 -1116371226 1095026137 1040781958 648762956 1990643917 865263857 424577724 -575032908 1970630937 -1729387469 1443416065 1877494684 -1507263269 969018782 -556697180 -364954365 2013697673 
341569100 803316342 -801275191 451309756 1962419605 -1088454225 880260787 605168526 -549141015 898657971 -2069961331 1465634591 465098552 -745261751 660124014 -1303247821 1961083766 -1476577775 402780971 -345250959 -1158124939 627762709 1543136791 172384024 -704619944 1065509339 1202843792 -1060483205 -1803534939 -587477994 748480086 -1281803624 2082715411 -1036513823 -441124733 
-492521171 -544420606 1953912822 1401162800 497178893 -2032693809 772142027 -870536108 -1554154890 722462402 708533542 -1138531337 989643842 -1359612283 314465416 -1252250774 
-882305688 -465545090 -1858558363 1112838814 2069935409 1129565162 1052957601 1996316548 211857141 -278808026 -941087417 412219156 -2110550571 -783285526 -285840572 -1387307162 1302073173 1408086152 -1865109218 -210796766 -1803569259 588358594 1224566742 1609069490 -2132539788 948521600 1103526002 -439606017 
-1656313813 -327227602 84842052 -2011870774 -1542425081 -831513139 1090040281 242578866 -748739220 -684280074 -757694932 -1416673188 857935129 1463743788 -1845813414 -717797173 -2142175542 -1659410017 858742129 -283867103 -726581101 591977719 -970910822 2056409439 601993038 -2011424808 

917484678 498787641 1135564594 1105150508 2124416616 714228087 876770982 -40199597 -816749765 588795334 -2081538804 -1606900001 -1866489818 -1736515180 118657853 -1305689213 699620184 1603973860 1050599839 2128503812 -960656264 1717643524 61334237 -1026690016 
-793264565 262737575 -1133751770 2026691444 709268934 1083615403 458172040 922208917 880845551 -1217948913 1392438484 -760270676 -1079540152 -1561503204 -1468626961 1590144398 -1945262070 641312747 1140492658 1809895058 -1692954328 -1308509896 1106527594 
393655952 -285505305 777684004 -70634495 1981727041 1136541716 1893279165 -1009035202 1068438190 -215423459 -1641555415 1456092449 202576585 1784080953 -537754505 -879745880 -1937264157 272696496 1643601892 329499554 -635198452 328447787 
1078426825 688851834 2133912078 -1989174313 -158239613 -504653191 1345256046 2023907572 -906521917 1402447081 1922833521 -1547765883 2108409563 -1940557233 1042352818 175397494 -1550317026 -1003671500 -1750617740 2111996238 -688084552 -1777416567 1351196287 917276159 -866019800 882901305 1033541946 -193962801 

432145713 1125280665 -1650564524 -950763736 -122233648 638587088 -201859966 -1681202670 -1412078194 1804051223 1448302787 -121928832 364700759 -1105435794 -369784582 -12756550 -56122336 -1434599780 -1166905956 -1423899234 1174413469 -30405539 1864384259 51163243 -1682071471 1888944185 -1579340765 1745644387 
-1369473005 -1801496398 -1611311280 2105491349 -74944227 1131736436 1214416786 1299500995 1471685988 193413265 410929485 -652439354 -1296913433 -84485264 -1932405461 1394218795 -1089802335 -442463080 -29978478 -660046284 2000503699 496927484 2134256697 -927887672 1796664227 1299789530 
-775521279 1671034697 1610977579 -1783957815 -312264093 1573406295 60933508 1472598044 1079813468 -1743718349 848213546 -658717468 -1740757497 2122111808 -202881489 2109614489 -1682931404 1032656053 -1540872150 1142258819 -546576641 1383255297 -1762539587 -525184761 -1225282593 434497583 2127296929 -540809145 
-61873147 899769097 1237275791 475193510 -1504198724 -1740038342 -1957833915 -212889647 1485047009 350249628 -2070835985 -380286798 1168062523 -1472334433 -71972350 -692780462 657768213 -1303124375 1237225096 -1771302974 2052019266 -1192088694 -773832672 851822584 738911289 
2014972958 -841851871 1774342008 -599768368 995173327 1740447730 1950119136 -2054334644 702296556 972257762 1366157734 -815088407 598176253 -808952317 -1927755673 1680102803 2015741860 -825886902 -443978876 547342074 2044017611 1033235252 1075071516 -769075005 849500283 2068222842 -1561861364 -432413802 626074804 126546321 440532944 346670115 -1733961306 811103272 1905603642 -1122974789 
-931299169 471737704 -282380556 -1211074565 295679034 -687934134 -23854891 2033820554 -1391289686 -163992549 603701635 219135993 1767631671 -729943268 747380333 157211381 2040461213 
899174263 1452192837 -1132045957 -2043422826 1960463477 -480605381 -1699223473 -1503624136 20429313 -177311804 239020271 1905258398 1769252285 -759816519 49052595 1844988756 1127909157 773444529 -1153863835 1969080053 -960982365 1348050241 342631067 1153085069 -1630349089 
790658242 1768067790 56306005 -1860549799 1449543974 -922413013 -1214376954 -1173277486 468175004 1894530535 358153223 -153354400 -890203486 499352563 -234203628 380622474 942365413 749175546 -1210613335 -917091454 -1511498101 308526915 269132306 1043717754 -1047895846 -498032734 2057202441 -1514367582 1053809804 2111918573 -794554552 
1997247325 -1514930357 1123276015 -1791863747 -2104000517 133314369 1357709506 844260603 -1856372314 -1006325453 -1630093953 -1488344800 74462009 1091321891 1850950287 32372575 -1680873779 -1314444227 730785057 530813412 291880075 -1214678422 2023605634 1786486370 2040912646 126454052 640717736 
2111956455 -1733925018 2134292555 -746996693 581538046 1685857127 431644241 784275613 -699864684 1745353989 -1462942172 -1632826441 -352671612 1575696922 -1744953388 -179749739 948366808 926412063 1668793409 -1616630758 -1377689470 1977761730 -5236009 878384606 -588990347 
-985794757 -1638702842 -438123091 -1185800910 -1809038267 -146770732 -5236237 1166173123 38461638 917438349 1977703629 931033731 615993841 -1545554239 -1588667565 -746510987 -988938688 -95798865 1830920859 1121357317 -1619633745 -902686195 -1703385705 -1438857076 2013945371 1234625646 -511462462 -1351151557 1710797513 319197865 -518684519 485958190 -2136547265 
-231854643 891676495 -359205828 -636426445 495369812 495725467 1301705601 -554548196 -303294447 -1218862191 514872425 -500918311 542056047 -2144981976 358203109 -1437230079 258153152 846672994 560496915 1224740041 -1151961093 -1066138435 -895180501 -1666245655 1218003875 1973015446 -1904716769 -2008627008 1152313917 -61509580 -112934601 
-762364042 625094404 9390015 -652814097 -1780766781 1249156206 2006055011 -1395484120 1150415599 1172725656 -1216114699 195634781 1037687284 1014673903 -1339370286 2131766940 1125034793 631973612 -348911866 1673004224 1811544025 814368118 -690937544 912706640 
1788350581 950817243 296937664 -160510037 -2005170394 2084800776 2116666071 1659306005 486967809 2098860652 1124461120 270823602 -1242661900 1878310305 1053350374 309043314 -2012818903 -309543295 -332831586 263278682 
1316338084 -705193339 554649980 1724022808 -1486424905 -549398059 843211032 345196859 2019350728 -93832459 -648804628 -1828923047 2124121344 992818019 
789173470 -182267818 186349122 -414793195 1174606272 -2025252412 -97041207 -1390099903 -2034636703 -1738916569 1193248483 827742562 714896793 1559781786 -2024862664 1484196689 -687277807 -51272228 335108914 709558732 -709044264 1720812198 
1946415992 1572869325 637178070 -305031022 -1849515619 -1927765862 999953056 -1575778432 -1716654009 -2116367870 -963524340 -1575081635 -874854384 -1049292576 295543731 768198701 -1503623650 -1842905686 548286830 1297911780 1146280472 -1545653053 -1559856316 1247010488 
-1731984836 -1231561353 1755161872 -227198958 -526222274 1472007466 1774013831 1724020962 -1501752911 -1103899564 -1708343135 -1567295204 2038444209 157493945 -238813395 -1377003744 -761508509 -1761093014 -96429332 -1355945673 -252227317 -1374234556 820738197 -1906472610 
-288332657 -1901096816 -113071490 1016836131 991216710 -1067614805 1203306641 -1065403495 -1621843952 -1393659769 -1880488966 288079063 918904736 -1356141329 -1817884008 1625388021 1054180600 1980264597 388701948 1921803045 -1916824925 918624638 371166352 -826211664 751158352 -1496530113 727220070 1642372585 328359797 

575837184 1996378575 556819811 635286249 142922171 1639857819 -1927950043 1160999488 96072063 1414017869 797164411 -1010896727 1329132047 2000837738 -638908938 -1683561301 1457049357 612248972 1541607694 636895631 285048858 634631552 -2043298903 1570361670 
-294701877 -1412314425 -1994196667 332787080 1228523540 -38664645 1981551097 2097864152 1618912052 -403598201 -414708614 -1679673697 -2028262494 1993912503 1880687300 -682008074 -863375633 1632927099 -1940591693 1389000787 -626640266 
-300532133 -1267630363 -547977716 -1102845666 70246846 558273443 -651675219 -803739147 1754961749 -1809858550 1378949585 2004857277 -25097780 1163900487 1014929672 1300818760 -939106798 1769450550 425147264 -2072801094 -1546366428 -1406805097 489971892 -217784123 -1874534725 -1694155589 -458820509 -878631956 45375600 1689404376 1082263222 -1316496632 2142946565 526897408 1502105412 1660189396 -1427427294 725086757 1519258153 -1449933095 26461929 1328289139 -322260966 
1408006049 520008021 534876601 1781667406 105896472 -247918811 -1343880560 -1637900009 551411661 -1902943607 -1066870417 -182347348 1986292000 1027239025 -905033749 -682839272 1302591127 -1029780546 -1945534090 -798121733 402929993 -1221298185 157497276 -1687236021 1716506326 -1751937634 1269937679 -425833665 
701917252 -981647898 500250789 434690604 -22495528 -51284657 -1835918693 -1713581857 -1766708679 -1163782758 1361262609 1750579101 -309333022 887313281 -1385192663 -169342628 2120130004 1308627468 -872555502 -567983893 -1751571992 -103503589 -514293529 -489893746 835224771 
268519885 -756608286 378882438 1953106493 1126760358 -1935732701 -291682418 -1251961156 -1144463626 -1705205265 426054907 447964170 -1652614745 2000424888 295680084 -1064098061 -145231143 1866123059 -1961319411 114583657 1848268879 1643808455 95463444 1569484438 1786086500 -1762286108 256854598 8129330 80427694 -1374730591 
1724931994 -1061512305 333625996 2036820690 951679128 2077790581 288512635 -922887321 -669572805 -1413473626 1806077000 1546953834 2072623193 -1826047164 -285816806 -487774475 -712378279 -1278753907 813271229 906589632 -1736752517 
1035980776 996826950 1473076957 -1333175539 258814433 -1247985388 -432986986 -540566497 969836808 1440082057 502394393 1909739092 615199404 631748004 1800043720 2091236351 -1232886885 -1121502494 2130747023 22668049 -343784233 1980633216 -1977980780 -1288932518 
743745717 -1183138320 1515739939 22224041 1581837389 -1233632427 -1279293664 -1682836634 -108883347 1663760416 844216626 1063175642 -1663531414 -31004797 -523784182 1879244415 1227553806 -464498490 1341831566 2073699812 470271031 2029420001 -2064977663 
-267714980 -2089252360 -992356771 1529897825 -1964023023 925199351 -53918179 -1251208598 -1127755390 96766073 749364249 -549989624 -2028671883 -1117444892 526511590 442670390 -912084978 700146247 1248039455 1446566588 -738826893 -1586484491 -67574542 
1231988828 763913422 -1294582187 2026392901 -2143541472 1065522237 -980651664 -1223236833 -1231428746 -1369787696 -1849974634 1340148016 -57736794 1712801878 -83143848 1451084484 2120654854 
1519752118 -1923529039 -1974698724 1454295017 -754606249 -1343045459 -1305820091 -363870713 1715539777 -909587551 -1973078785 -98727306 166233582 1913804275 448444922 -1220857087 1233832507 1431419992 1445448699 -893210955 -1027096580 1660308581 -792971265 -744434469 -794754769 -602261447 335710315 1907939709 675350382 
-194316063 -1883807327 -2123898114 1705543310 1666791008 1845022773 -928278772 -734942892 -914230651 1056411348 -2051185443 1592268348 1964729650 -1010531627 807814100 -1667608603 1682654792 1365166648 1466197087 -2071769257 1978487537 -1075897848 125245373 -4782369 1555365669 
2093948025 172198318 1381927833 -167991092 -1231247169 -284755134 595982189 960666612 955359298 221295825 -1274644209 -1350412348 834833018 -129386276 -365563436 -1500607254 -462981342 -1388494382 431260004 -1937257008 776212189 1755786783 -1841843657 -1228428488 
-2035515844 -1207621335 -825552924 2119794888 -586241033 1056973029 -1242878254 110957185 -466107780 -2067639628 1801622921 691559261 722498343 1035015541 1143155678 558479516 27405745 572958393 

331508768 1729889103 -270406784 -718017906 939105429 1102195921 1105075788 1698602478 -102848997 1821941118 1706944470 -305922631 1806538388 -1698271710 46795288 467562347 1043677420 -348572386 2024870289 950331269 -544849695 -1516643017 -89666258 -1285827071 
-559620527 -454972697 -1909740436 1676637600 854832477 -1880940060 -1606257691 982929894 -619291851 67715688 -1587647531 1174795048 -613934747 -908704958 -1764910646 -997196644 420759993 887127794 -200415917 -669899610 -643592713 -561337594 1841744582 -686237310 -659993747 
-340535148 516237975 -1590792837 1265349386 912215530 73677764 -1085339102 -1105211153 -48365557 -23937697 102568651 1021986311 521065228 -2024142540 1542795102 -1921162467 752520451 -642204890 -877739752 -1976875473 2036729731 1325431516 736190184 
-1244469053 -1605624497 402367011 -63265623 1987445931 -1194466913 -618335167 889659838 -1279490641 839349037 376964924 1254751960 -595968265 1964786053 -921721927 -1495437152 598372479 1005963483 -232075533 14259747 2139850782 -1420022792 -410493387 -249332268 365804408 

-840969547 -1617641248 2110941234 325400752 -293579331 2078525197 1715873306 -691959577 1853103489 
1227119809 1369189955 87050749 892450183 1650697992 1726467251 -380872368 1964672450 -1186014731 99288279 -305797737 -1507046615 -210501807 -2108898581 1590839914 -1020890685 -2004633093 -1138019441 -630718698 -1059342815 2123288396 -307330306 357736445 591041066 -496788162 -533976297 1181383497 -2077630272 -1160716398 850859202 -1559579826 -571523378 -119209998 1374491701 -1249476482 -1045291009 -997652615 -72929232 -518492515 588119880 -1487857278 -1825767182 1540492665 -1614166514 508338926 1911112309 397767621 -1091277443 
1514282803 -1214196788 630575309 1762739896 -1285898413 -1173199019 -941204256 871359749 218990196 284187653 -1099180517 746535044 139962800 -1231797962 -273243788 -1213980619 272906936 -774025291 -321938808 1561812037 -1632885666 1621212574 1868318957 -993039932 1479698752 775271289 -1295291760 -1799374618 235964624 -1257796453 -421748043 -369284501 1166617258 -814479636 757805645 -639239375 2131716290 1761349763 -49518756 1039806606 899418206 -802259157 327178394 1273397900 8950633 1495748236 -2113601009 1796969313 -1428393669 -759665958 335503030 -429398641 -1451289140 -345667952 1214887352 -1834295685 
-1988319033 831974767 29496595 538713230 -1749285506 1778811438 -501928570 1644769309 -1218123797 -1163205901 -239594464 -2053489558 -1559220881 -1249152016 -1509214685 -1822711595 1776543588 -533514622 -272659894 356635725 205412367 -2010836579 -2033764156 -1143844905 -1899645884 -855131156 -358590207 224032023 -2049391406 -327898986 1229089122 -1176708377 163178799 1404081168 -756851576 299990880 -1264922850 2001839979 -1639258508 1306393351 -231478010 1111118333 -1379915858 
