314060271 643704346 -1289837607 1906161933 -1611651379 -391261388 1947597530 -1650711781 -1881691574 -491347589 
11983904 1657458104 -1397166827 266120044 -1003946260 1633585664 -1722379160 -718091605 559252542 -1375764280 1848418162 
1593212362 995090886 1057425303 928104680 384560970 -507485184 -1484823974 -1161644851 -1513672481 -1985392548 849120118 -701042437 -713760541 -2044029674 1343516515 -2127906995 2044696277 -477932174 1647565647 -1027091973 1610466798 -1178331783 
1241734557 386658437 -372939314 -1180220125 -1333007533 707823473 391739020 1713432177 -1232264222 137686106 345986026 2107794313 -638024354 -541430850 615014465 -1206825174 -91265917 -161197032 -1002523959 927239778 827130158 283527092 -794201090 -255492960 



-384455154 890651031 1101554887 1573849531 1454976266 -1611231940 -739012223 -480875053 451824976 268368782 -1098948995 2089692314 -825630457 339033876 -23466569 672013071 1251196293 371033555 -671934886 -1479099549 872423718 -293739240 603752955 537480586 
1677549724 1452284057 -367846319 -1398661995 -642780947 -1210657197 1304942286 -586409328 -1742118829 932479347 615151512 843209476 454647199 1327703284 -681302274 -492540215 745613351 1935542590 -1794869459 -1159129457 1038979026 -768136203 962091159 2129868408 -302276249 
-777289730 -1573043278 -1929771331 -1011749711 -36020987 -94318472 716665142 702402539 1749463945 -872431212 342129169 1102276527 125788014 1916590501 -109820192 -893587441 -2015865165 -707580323 947703221 1534827613 -1027780823 -931867039 
-1546896103 -989616844 -38216186 -346412709 2014322562 1207583742 1540605499 -543497808 527183878 1258016529 -22413149 -1272604018 1521261366 1574209946 264478167 -1412948583 153053300 1516236680 -509513230 -1073953241 -346556349 2139916416 298217720 -916957473 1592182154 

355812145 -854605557 784143387 2116950148 -462242642 1026505973 119963377 690849332 81478 -1672681838 -114058200 -140362033 -1483494743 1241338429 -36998782 -1149941575 -1347704973 -1911257335 -896405420 693914237 -1173121623 -106120689 -1147034106 638808331 -1449123598 -1069784630 
-329203163 -1645428010 1386868516 420260776 59697881 1272552643 956354968 403580129 1628556096 1506837425 -1204851921 1126665097 -1697167729 -809265528 -1006917869 -101759828 -342653793 -1384167635 1366276069 142949450 -1468405834 
-1207651340 -1131077767 507557280 1820870145 830349861 951139950 2102552037 920325038 890134159 -1602627387 -459261154 -1341972128 1789971867 765810015 943102109 2126258382 1953089219 -1683387294 -1040850611 -2132005968 1650621035 -1531836278 2061722758 -1060847201 -931184125 1242334664 -923347915 -1720824638 -1295919426 -557288111 
-1801082621 421394787 -1213938214 -1002002348 -670542801 -770659151 633899915 1765316659 -1903911070 -421373564 -1240628228 -1671856908 -1431537648 -1017261684 164223207 557171046 -675889352 392458250 1735743549 -1360599390 -404571421 -398841969 -870261735 -620967305 -126338692 -477235249 
1184955086 -1238928371 1244013686 827064068 1069114384 416179087 1217129703 1406751659 2047725271 1541751791 687043492 -468226862 846018791 -768641942 1173416866 765985851 1852500963 537814576 -16694414 -1833996637 -1720740671 673288975 1872198938 -1023986662 -2001366313 -911222010 60002505 -216090032 -1438597850 122005378 1998462676 
2075475592 -485308216 1080831124 -1869253627 1609187687 -1427885479 622474833 870457249 -700874903 -1866440958 -1665239857 -631087556 -716247132 559105799 2043176849 15488044 178310720 1454840341 -174257718 1902736920 1360868360 1332047311 1412454964 377829611 1930466458 534295929 -229838625 554990436 -1789642105 -1784049580 1781021817 -8814816 1495420946 
-1262336291 1870156481 43825125 1876852008 1827239886 -752951515 -2124847621 -822487930 1755245130 -1764086091 95908249 -737037703 592511467 -1349206724 775765490 -926422741 2106800437 -1592729316 -1002139321 1154812211 1869912991 1545396254 1574462618 -1044663152 -56883817 426388674 828949069 1217264620 951007652 1926760487 2061841065 -710649376 -1644524517 
-474368519 -1749182037 -499676950 -1449982208 -1969518247 1765002702 1590015810 680012027 1955397483 1702978528 1430553995 -1100597833 -1758030837 1206222470 -710869625 1602944081 -1538367145 2029054378 -869303014 115758860 176641310 -90228881 -424373186 803599728 1177095111 -97192557 -740655706 
1070319700 1515347662 -1279480973 1886645647 1321101097 868215003 1401780442 2104931 -1110988090 1527631008 818834337 1643791066 -453983585 -821434120 -2086334776 2016940707 1626725603 -200094109 2045540238 1094319309 871276318 333775815 -650807371 -1680758719 -318934884 233243240 -1146621071 1974080051 1507851014 858956158 577284228 1812293595 794410357 1066411989 1118153282 1387587331 2082612051 1502531270 2107599656 
-444569699 1384453514 -1406969961 -1221906089 1130933602 -1468168659 -1275820474 1149727765 59470807 436232186 -1241313978 1982390316 1731017532 -1364389984 -52344706 -39070555 -1244695840 -2005873406 -1451450280 1284169081 1702891074 219199688 -590774217 
-605494375 -1392938836 -1639067263 1152919217 -388335347 1022925085 -861555610 821039007 376318728 -2069870967 1960415731 254552320 242949447 1477956725 -778223453 -604840808 1329060295 2064495884 -161651722 -955798722 -183822474 1084463014 -1221743512 
463383543 1361734973 -1714598696 -639311652 -951843088 1169426864 -527360909 -965356372 2145104308 -1439059371 -333273585 1441869513 760280317 -680277801 1572851260 -108099965 -2033879580 155595601 583614741 853441409 

-1316183002 -1566048597 1141286158 1159917827 -1841329631 -761674343 -828372848 -2097805682 -1711674050 1667673317 -548005037 -1809150911 1671019472 288247352 773994937 1264989464 -353999913 158181779 1576064840 -90312551 -1978344249 -970428130 
1674574599 -694470490 -42808363 1672662837 -1862497203 -1522423124 962248913 -1691369715 -840395425 1035065786 -265340198 1826534544 -403841699 -169894654 -851730195 663670097 571993108 -201422455 -96624339 1027393576 -1852809081 210386580 -666762529 
1262830690 -503707219 -991757050 -2052314946 -303444935 -2085770460 -1211960637 -84930585 -1636461971 -1214923079 -1049902715 435801514 -1471475429 -2003544502 1721618395 -373829618 -1764189967 1261498721 275815009 -1946759014 -1273427413 1476532764 1094469843 
-134166028 -803154123 773903491 1899014835 -1670147788 -1786373684 791829119 -46535779 919342689 -680017711 -2005460724 -2052765994 728700366 877424422 1376976515 1558427814 -1245060438 -176232603 1370437542 -1492854299 1773651519 -1817395759 1575095069 -1990911765 -1108184221 

-1250008973 -21174637 472941357 -13598798 -626538273 1538655568 -1596705538 -319609473 1403778169 -1172409220 117796567 -265606586 1258069110 263346192 -469277016 -251433228 -810352481 1825858342 1120730683 680265141 1286966544 401278459 -438424999 1156747584 468270752 425780468 -1153108793 -140096330 -481408696 204993518 55010418 -1266649098 -992449872 1278244748 2029654578 1946518248 -1195599176 -159650706 823038282 
-1588376134 2013818639 -1357999594 -1125178182 -1298879767 1776666664 689902110 -545592791 -115559910 70444029 528981483 181001211 -120238887 -414509911 -1346315222 1284072923 -1916814157 -934621614 39480716 -301939107 -1776763000 -1946763601 1415691665 
517736050 143240891 167879013 -262447562 -1681734823 -605184828 66333479 2038966443 -1934051254 30435567 1471461510 1131096395 1351841003 -1036839830 987541209 -668881545 -1548649466 -561542834 -320078870 2086866034 1842707536 528767456 
1380115280 -2044557132 2127526918 -174160776 198499736 -182941545 -390238807 49165100 252148939 -1993971125 1515975805 658111405 1633862935 -740624350 -1855538509 -1474259793 1138758415 -1634532799 2107643997 -2145764112 -721449836 -1072936017 369449297 -1282532211 2124126672 
-788556332 -466190205 -1145008764 -1745510994 1773640273 1802318999 -533987614 -1527981990 -387774680 1774688568 2015730947 -469895026 -1874379467 1902789257 214148733 1019635801 -993363837 -62146673 -1240250719 -1684261744 -692297915 1050877190 -1559719789 -745478284 
731547280 36448403 -780997386 -365839604 1577729546 2097099710 -1494987531 1455846127 -1180912552 -1294067359 1965246490 351515036 -797515377 -1530119927 1487548869 935118254 526123779 -1714416364 774324103 -382999631 1126399475 -1306846977 958770583 -475538928 126990698 -591044317 708799988 -1754265618 354292229 621786260 1790184367 1881155103 -1616597319 
670595396 1581326906 1454926448 -1113631550 -1155751522 -555944421 1538561662 -327331464 1402922621 -927168953 -578748200 1297422986 1415946776 2082099324 -380351371 -877637671 -274187957 -977067815 -1705145123 1088256509 -440270891 1807922209 -325539214 -1086233759 -472733264 1893881809 -1733557890 617773690 756628387 206023058 
-734378443 1753309974 997109670 -492685471 693035109 1980372211 454337663 -1741020172 1597683275 -456646346 90971651 -1357130500 -1164381149 451617361 -1973529459 1858526011 -1332922744 353198333 -360020713 1803057411 -975894074 -855991281 -370587871 245167514 1682441170 933371178 -1127820566 678161923 1544798178 -872315393 -184857422 1081105835 -525814045 562853809 -866091521 
-1074019766 -1490511053 1047470789 1895004626 -1567972808 1551177174 -750242801 1074760757 -1926892081 -1493069727 -1260880656 772204844 -1021593861 -75292966 451790396 122053735 
-1539827977 -1899903661 1622626152 896379499 993809010 -244210719 1946275969 1050197314 -353751795 1749701163 -1328894319 616180299 -925542952 -774123079 1534032931 128038464 2140024268 270223408 800805991 861197279 970726755 345067710 -596709576 -419195728 -1226404366 783661594 -1276819813 1146487345 
395829683 1537054993 828034957 -1269139024 -1737088403 -1880474483 694759175 -1271379675 1692444049 942126328 -239729447 154975909 693830592 465356600 -2115553486 1193093034 1854540891 41219931 1826887620 -442354347 101064628 -1077355197 -1618637857 -1180850498 -1586704202 -661085106 

2136355297 -246603097 -1016965601 -884017456 1663321826 -77468627 -1782593533 -23444676 1714340191 1527674602 1346143243 -1688849322 1608580102 133725927 62079779 -1440955220 -744660032 -671162702 402550522 -141844106 407631965 -1482153282 562054938 -1160749587 
-864705824 -1375212168 -133242338 734615820 334553239 523645586 -10622952 3773459 -1513997916 106287547 828966974 -1116772591 -1911230998 -86319173 -770766049 1956028336 -816396377 -41090189 1614571531 -1762090040 -120805734 -1377965182 -1057387698 
1139663827 -157141946 148681016 732453484 -1485487092 298547443 -1248456177 -1191577199 -1919988004 1933808643 1346954812 -807117945 1054152729 -795962276 1271145100 -110799035 -1919801794 -584867200 -1882869661 -580423461 -483654856 130368103 
2038748575 -1930784956 1125779703 571793548 -369226431 -2015314265 -161892761 773401784 -1991071048 -1538885687 -1217616758 1866199245 -656448181 -1475156059 1186964995 1689768686 1808965907 -721716737 -1054740440 -926742158 289749962 602196510 -1863406209 2084566155 -1604032335 -1837128431 2113527339 949581973 

-1067615803 -935769626 192312476 1794375740 -1749966668 -728602560 -987756294 323090815 44063531 -1067467864 1363199140 1632943799 1404377680 -1045642375 -2098663485 -269376530 -713707751 -1087376808 1646429742 1820643949 1039418618 1623019306 1179742227 -1753140269 232858316 -1641868275 -57888776 1612219621 
-907721604 -912108088 1204531131 1542656559 265316780 -1359257616 1183252448 -1825404180 2126184739 135534154 -668865732 9431512 451151471 1020087866 -1755426072 -686772341 1896998343 -386855237 1971007248 -1730437469 47043002 -1048859364 917588765 -278274571 171335135 907949691 
-1144396945 -1964698285 312403693 620264340 281286754 -1086330939 939542833 2037220486 87026260 800216399 -1415685593 -203592556 -1287215134 1325845821 -981701716 993803921 -702480272 1657497220 -377224879 -617823453 1626749977 -884773238 -1445068454 -709124183 542000968 -1339711841 925876560 -548535783 
-1379589132 -1660685566 -1871511185 1645563809 -22785545 -1242462383 1211681864 -1265174832 -529397200 -942415644 -1181450920 -119656776 -874084759 -1106421869 1559086862 1475628261 1236873218 -888312585 -1714605936 2072565467 1555077155 -1994522936 262178312 -2038231555 -594974626 
1588236938 1236329915 1623884055 -1259764118 -1013924996 727118572 -80932558 -1780032737 -2047351477 -300072340 -1977356701 -940525514 -1559800057 893076262 1771754539 -1369056056 -1664458076 -1109391449 -50330554 -1307525456 -1192184446 1667601279 101436972 577181273 907783134 788168944 1981487076 1627383870 491792911 -1260865744 166227992 -645919285 -584257957 587078163 841196340 -797264645 
-1292531614 -1077121956 220132693 -1732704301 211021550 -1623526780 -221797990 -683666801 1822898608 -1801527463 1016923500 -158662802 -120358835 -1162180069 1000309601 -308591 687956562 
-989366826 1853410624 -1161337245 509705537 -247378850 -22448524 283387607 -250912208 946138599 -728042932 1876131471 -583250663 -137378161 1950781706 -1272966944 600175726 -146750975 -1761886995 1843513555 -831384269 -2074169598 -1494461532 707677523 1597228269 -2124277570 
-289084044 1410546038 -365208865 936312335 1325135170 250114847 -979451449 -1828097511 1944787444 -1230373399 126573838 -28810653 -143542589 14834464 -1810115660 1999663276 789576866 -994552908 -1204308980 -947905963 140421819 1781679059 -577815171 635846843 -1447067023 -889899740 119138917 1839328271 1079912019 -1058264811 -1548523744 
1998826714 -1487241737 -996115812 667702080 -19558408 1517896073 1423564636 1977914594 -1548718440 1765776216 -1633588961 -1176208543 1654288443 439016186 658093912 867348711 653514225 1627811550 1816682770 -607300759 -2123114147 -1149949962 1485730485 -1887693267 -708141285 -69438715 -1872833797 
-341652333 -1432422202 -784632552 1875482173 1938978895 -1480833125 -1034410663 -932254579 2125524611 -254949100 -263041544 492475133 2058157523 1093245660 1616002236 460122632 -898058208 -1675628985 569849377 602747840 1118310129 -967935154 1217971652 -399729198 1952218457 
-1663831284 -56437679 -1075822923 2127994055 -533647084 -1869829430 -1286861282 2136310220 527106057 1852237738 1035945120 1432699630 634962271 1341971879 -545336106 -648692337 3713738 -1203076196 1867069595 -1047367534 1298460221 1238357143 778207124 -600405182 -510059378 -698992085 1439554883 1790758251 -1579081884 -498141778 -1018745150 -262693719 357023452 
-1807585364 -1477732084 -1635105678 1005385522 1881431198 1687547059 1632545313 1586494546 -621186858 -805771118 -492183492 1687422649 -983687776 -474038184 1598784890 -799908972 1465929038 -1616784259 -521011867 1525601066 1711822138 -422004995 437325116 -1357371915 1997985496 1015321936 1188874153 1852266398 1110471203 -899843222 -593084525 
1286528231 -601728550 -1193861228 -1884950786 12216143 -245127221 -190108601 320892149 1208394824 -726380707 1650411278 -1769314949 -1945043949 1576655605 -1070239741 774450940 2035052697 410954379 289917201 1022154013 986344640 -2034195749 345043042 1780611427 
393931256 155780528 -1482930573 1717613882 -137239915 2111198827 -507367499 -1710805790 1373322203 -122233881 -2122996856 182309615 530158244 331922029 -193310756 947164812 -1389322609 -2123179892 -853416899 631153103 
588562176 -1370969114 86763156 728614659 -242756909 -701528253 -1580196183 -714427349 2135639792 -1576746156 1998672014 -640961845 1524977097 87039787 
848023123 424686916 1700833869 125635246 -134284592 1802647240 206257249 -1823742766 -1433361902 856534802 1344814036 1793184535 324759204 1336843036 2043829634 2107434738 390158377 -558989828 -1918870879 -414216496 -648598747 1868724021 
-1680955186 -1521654642 1128995729 1025225438 1945083841 905552835 -362904977 -1025815696 1111150500 -449523879 -1916801014 -2052864041 -1833135877 -99176578 -1786843029 1568299916 -857511668 -1791546057 -1758331694 1354397107 -1292137850 446641640 972711999 1670227287 
-502457368 194535932 370752306 -1804365785 -527755074 1261567982 -939346209 -922968255 2056162219 -1061835716 1125035036 964317218 171586313 -38845117 264639503 699034068 -1080495035 366404058 346390940 -2054763493 -32403370 -698568303 -1992803517 -2035298349 
-1012347290 1678391052 -236065636 1989448898 -1459986099 1688536762 1648420775 902718786 358155704 -465857714 -1712716385 -1873046494 -1977861927 1388584901 -331743862 -624975496 -2012065484 905608882 -1115684156 -1949471349 999061019 1995608339 -186114108 -733914377 1406203883 -962622122 817047971 -828795508 -886521014 

820133377 844516341 553768238 -629499120 516179484 -1490208126 -1896223720 1605838779 1184732376 -1405088891 1657619818 -159450764 675219109 -1486678957 239724048 1336221671 68972072 -118303444 1352609747 -1279510905 -753614774 -1092749436 1663711837 1610631445 
-1189109570 919697974 -1703339560 -1193153067 471016388 158570551 -499955799 1535263213 -786050840 -421282029 -64959583 1959559807 1543792205 -864606675 1383571662 -1832270870 -1450501218 807071564 -30918504 1486012863 -223382469 
1043125044 -1051069337 538648916 -98170115 -1640552719 -1360986602 71282719 -719967097 -1861576272 -143229647 -96325251 485719269 578147281 1864187697 1366473505 1118004589 26173734 1185150421 -76589916 -1046241807 -143371048 -924820311 -1805622509 -381985055 -189052368 -1488168394 36296631 -1575356840 217063788 677445783 1089271728 207615385 745710172 -509545728 1001514311 -1657629337 -884008059 973007621 1591451755 -673505831 -1235899340 -848680614 2020299176 
895360726 1377396281 -1576143009 -582208586 -492752832 -2133384732 -1988719715 606878847 -790157943 -808508062 -1114037445 -486501076 182304930 1906040118 -370535880 495486310 1106401388 885267718 494854977 -1373309488 1079761987 1869400823 1123031455 812967355 210509466 1307256175 2005467345 1939096183 
-2034448890 289814187 596753742 1775978853 -1722508180 1203446089 -614320141 -221060020 1966002054 -1957864482 -1967984451 -755344553 60655651 -1265085477 327879206 557422821 -1114248758 28793834 -1636290882 1688892400 2047518802 1969941605 1018222214 1678442367 -782715594 
-1595242413 -191469179 736221795 956778933 1313716671 -939035563 1315769762 -1908201834 -1184579553 139462295 -1441635647 -22871490 -2072067452 1334406000 -1115607597 -97411269 -1523546633 -1860179995 1966747711 2007466458 -1644469880 -583068582 2048159516 2020994825 1811078150 190146989 -54392979 -1913048538 1047680701 -1997577841 
1017259541 -1876400969 -237235298 -366815858 562203448 -1332392925 678801985 -1713599073 228773457 1322710442 -49978272 -1730136690 9138279 633239965 -1659457781 -1402089278 -2124332855 -1891342464 -2080044406 -1484459675 -377140757 
942354204 -1353390347 -1243002593 1003504312 -265708561 -2017211651 1016723370 -87490432 -1740222280 -1542728978 580832900 2115653772 321584697 836539609 757477150 1183236881 -1697268459 575146379 -1255755317 1021688599 -797725603 269581955 -380111413 -1248468689 
379000769 -886180166 1066808387 1669811682 1739138509 211769959 -1024674758 365444571 -2103039089 -874730751 -909442185 1973207841 1529389074 846862928 -258387031 -488966872 -1614912823 519480232 976284499 -1245036797 -1899962250 1673272484 401941007 
1650354740 1722339752 2126114031 547523495 1435718170 2002358647 -405668341 363411423 -1674599532 778691102 2077384401 -716705282 -141881059 -1522855281 506313173 837190147 -1839417523 -50350041 -934295239 -1214994430 -95173672 -1226284286 -1316340936 
-312180024 -594622018 -1111244440 -1989565535 -70825898 -1742116236 -826490414 1594474338 426398642 1951629402 -1463729846 1845144129 529323940 -470783019 -104880004 -1011271146 -73113855 
283071250 2123572685 1524528369 -794218341 302147556 -1839150419 -1438483677 -725043222 -366773602 1553631355 -1181057886 -892879237 1211337022 -1911681822 30864982 1061937048 475083412 -710881055 -654480785 -204141110 1707758957 -791313080 -23231521 -2119679005 774115856 -1422509667 1520300949 -930850063 -782032504 
377867604 -483585427 502938425 1838027543 -60825142 1533237453 -52258139 1610268210 -1124199542 -1713513862 -1628276777 -274825785 -26815179 -528342751 253296521 -711414311 -1080001200 -1812229647 -530511493 29251449 1557791308 362173915 1824586758 1431574285 -2145892274 
1545756838 -673491355 -1013166212 773157520 331711208 -1251199045 1403844246 -1931053888 -397357634 809367922 1919000394 31478315 1024659394 -1757308527 1131644129 1919284898 -8907423 -519186806 -1492480197 -269199878 -1303415040 -1127074595 1119354406 -952474010 
-174727480 1224291332 1794894565 -1266695944 223234116 1166506561 -2105752092 291146070 -1734325994 956022864 -1892659189 -655019501 1414227273 1280149255 19180189 -718734023 1741623219 -874043367 

597047412 -1615219471 246028017 307896994 1960304715 474792362 369832667 -598614695 1165606014 -377210024 2121808353 2117360551 -262618948 104611856 -409993569 1764675712 -1122805103 -1820295586 1163855927 -1050888927 -503107475 -2136209638 -1308224202 1066387019 
194412715 -578406103 652980571 557420093 -1980727832 441677474 631508875 -833375964 -1671900568 1073227219 760857278 304669100 -377950044 -21360614 -1927452406 516182472 -991092798 -1189387823 826903667 232362801 2072938302 -1912711715 1634377362 -1956389734 558599657 
33205622 -1475605395 -800176601 -1163321017 -1345805349 -441215511 -194158324 -1570685763 1260767516 -1485902655 -248790556 -1774206013 -186859019 2129095973 -540410024 1453381541 434166702 1093808068 557129266 2131196066 -688206100 -1580549565 679217624 
-1922116727 -1634464423 -1282300980 -1374215730 -1636620505 -352157467 25612393 -1614576917 2005072971 1703852439 1871468767 1357223713 590157626 -1517639574 537103118 1216123744 -812064582 -1821395701 -1596744342 -1242844577 1233475723 1717469242 -2137638180 -1552239520 1745503931 

-154919342 -1232341097 -1632453529 -334610812 -611121939 -2066795247 -639459659 -1288950767 414185362 
1732899626 -111186435 -169815884 1898354779 1785740428 1891928343 2106175554 514929606 -839594804 -892756344 88366199 1851565330 -120205895 -1753666078 441848228 -1076874547 -2005363575 1391404054 -357472476 -1773729411 727517376 277021746 867158472 -942726581 879922915 1705266598 1969990645 -1657790677 -1919896718 720805698 1234135142 -1557494644 1094790541 -1952192002 741091254 -1999234225 220646693 1084948147 -1417974494 922522357 -769529214 576780905 630530967 497764148 -1122440797 -1279992956 1650153868 -669634298 
1447481586 1530652423 829113156 -812937169 1684130468 1945002807 285513338 -1931592585 -1878125603 -1392701905 -389273302 1218101236 -1171701769 -1416794180 1264189564 -439714644 -3857923 79124730 148759374 2101105664 -529991040 1342852422 1159284778 -1602001375 161607328 -982253510 -1330611686 1884788882 89430794 -86421033 45049934 -100339407 -1176790416 1883895729 -1202992435 1062859126 319683228 -1682388328 1739483130 206479034 -1123198438 -1597847114 1545856649 -911679776 -59729567 1284856645 -1749132451 -730582367 -28512418 -475035143 -445820398 1266044386 -2063745931 -850966469 539243578 -2044582590 
1604237788 -791768559 -854839494 -1876363057 1496543994 -206959056 1228345673 -1578739208 749883178 -1176145886 337056560 -188028782 -338134847 -1429177064 -1067477644 -607086708 990900255 875564690 841536891 1328520757 -737763260 -229135465 -2072375234 1077646016 639811803 -1152947235 117042287 -221983055 1459511733 -1390785247 -1615430682 751922657 -1194852816 -1360902613 -1308826506 2017392154 1611466027 -188323455 -1018226425 -1541619281 1632535924 -149900128 267816041 
