-1239574380 967761662 -1572201620 -882973531 -1981333157 704046324 1018137090 -1236511645 884091952 -2034239612 
-2061450301 -1819594485 -1549061345 -131757032 1650005881 2090803608 -598436249 402577609 1276720560 -2058277080 1813652591 
-1650020824 1567312708 -1607932917 -1374499706 1579407148 -1762756439 558714787 1636724140 -898843726 1559387535 1040203514 -947060238 182883680 -39610013 381718467 205213723 -203672702 -1255996960 -1504970145 1482021628 -1850159691 643789699 
1232873418 -1122294150 1754541592 707643971 1082994789 -1065179644 542606623 -1600174314 1661513415 -1627525840 -794101969 893481922 1904848017 677212870 -2059581995 -1006519281 -1121808799 919317567 -1492619952 -467725299 -661592252 762035319 1899954985 -1758674713 



1558560211 1078686048 1674050999 -572405295 1997878336 -717592145 551427084 294619412 -2025667122 1828817176 1657582443 165420585 -86831156 -761097571 -1055352402 -519862279 815212785 -352933685 217123028 1336714683 1879119038 1316482835 -758973988 982352225 
713241664 -1048953931 1836865397 -370382650 373417743 -791464488 1723083862 599905427 2086053612 36821954 684206167 -820442410 -263014956 -1670701395 1280221556 277650739 -1011917187 -2063096528 -1136671370 -962853049 -340790459 -911424500 858804251 -1486822581 -735923438 
1707712951 186826792 -636370012 715806617 -1283024735 1343438115 -66040679 235706133 -1030974716 2125870100 -181240794 279317350 -736679482 1277746646 -1748173527 232628635 1243828656 1808597151 -1325526410 763275990 62000837 628790608 
857246690 1719849085 37589709 47358642 2030969996 172551160 686604236 773374911 480332128 314595025 1291820763 -893309981 1949237428 653065446 -861553286 -2027774494 -430965740 714710817 -1641730621 -1968346549 -610078344 760421382 -1321757328 1274078748 403195290 

857804092 -2147411756 -1865228246 -1229958920 2082247443 -2142628071 552438066 1440596391 273195736 -2131977125 2034850355 1113442189 -1339896010 -554475956 14810667 -1648398130 965620583 1643569314 -238124883 -1484940293 -1053368146 -1139062956 -221888294 -19146365 1402782267 1743284964 
2068655469 57357609 -1680108189 2035460898 -916776004 1933553513 -1170385507 -1374278 -720605956 840654776 -554488617 -1567566556 756587130 1383134078 -684667724 23652951 -1867472887 979555415 -1986247010 1166590067 -130287608 
705233289 1540202067 -1225445027 1232618895 -1215041516 -222934585 -1651965714 1543355736 -1483826250 -1803933483 -2142314897 475933588 500576063 1489551381 -1256783971 1564161569 -1525482577 375324570 1339118714 1242323014 1087953781 -1236885649 -759651651 -165915773 1481852152 -118887808 2112083583 1590157695 381934281 1265096768 
43933264 -1853835956 442533695 -1510157238 1832513198 -675216630 1267175563 2081666470 -752978976 -1539503021 1007703121 216101992 1123483180 7407069 -621898541 898952553 1714764192 -546055375 -508035326 -1386433786 -2046371558 -1376796458 -1844266722 219302675 1316665659 -695030295 
-285984885 -2122630680 -784495314 -1855242607 186129205 -1392122769 1245757878 -88208613 -1585488539 1173439331 -468722259 371896572 1884236849 -181666342 -741677284 2092344767 -1739034948 36165089 1173834309 583527841 371236080 1705312040 -1445823731 -41892409 -1430504711 -95346773 1624439874 -1601711163 -983239116 188942944 -406258769 
-178711633 548643617 1730051535 1859604549 1593669939 1644784841 675187228 25816675 1606415629 -1791499824 1743874524 -656451986 -983540045 1948549567 1103777792 -93366526 -1968870920 137347285 -1516105151 -1439668739 -968833309 -69453402 272814541 2079984395 -570398003 1824999538 87358554 -1895594953 -1249640581 -490757403 217117200 75502718 274363690 
1323559030 -1692795385 1801815253 -204327609 1333148777 -40119243 1116931449 -2078660571 12013158 -925968559 -130007630 -572508033 451320266 -345881492 -703551933 2023149160 531798281 268349220 -56705053 289355515 -1472792536 1737954007 470775882 1363046935 643598659 -1351014276 -1451305314 -476326646 1799952621 -560369506 1595503775 1951999958 785102452 
-1885687363 1455513677 -594045893 2073277820 -35418583 -1050249642 707952606 -3692225 1560287566 1611391750 497406438 -1417967982 -540435394 2064210308 1957990811 -53307840 -241203926 682421192 -426337040 -1097984378 -995932226 -1841257078 247290995 -1751301345 1436587812 1574292009 -793171209 
-2092972892 -1638314298 140334268 -1581715641 1873286316 -1299306677 1723551672 -306148716 -955279421 -1735304518 -1846410079 -951409287 1662125600 -1933901916 -1838201069 -1294741762 1446149113 351440747 1429986352 -1676738279 1910025992 2012488045 -75131709 2071197501 2049464077 1211871477 -705195944 2143325574 2064297686 1171930479 1238751444 2065828667 -1260641567 -1037661457 705998500 508103385 -1985054183 1568431706 1928104386 
669960558 -936229916 -1353658935 -822565934 76172423 -1654640205 -2062663496 1509733890 -2090990959 1948643078 -1851420346 -79413783 -756622724 -1729667795 -405556006 -1201324507 709362834 -1210567705 -2130606807 357347048 -1764331917 1195888264 -1952764375 
135979264 -1079856373 -869076507 -1022710784 180042743 -200391131 906942039 -1167982052 1099530039 425501954 -2130649672 -1367928745 -1576755314 -1928784934 2044657622 503041038 515776517 -1850504422 530402088 1530628555 -2102767057 -1980279522 1350327981 
1826021723 1038913168 45166649 2023612030 -1772310393 -1653042173 878861019 -103048292 -1875337389 -308195112 1018664069 1276579049 -312711702 -768504215 1561114568 267733682 495608095 -1523348129 1011290893 -832636547 

1786605328 744055152 -1462199828 459277213 -711817831 742853961 -26690095 -1519429852 -933782368 -720119498 -255853776 552793261 -1649279227 1014110783 -1771720520 1565066501 2020999353 -465163162 -1742293059 1794308920 276938566 -128442516 
314000873 -67411380 -705054682 -1888559183 470938568 -561211677 1416185647 -339014558 -765989935 271644930 1115339442 -790246285 621699180 -996415718 1611166242 1757825584 652278294 1331937731 -1197392687 -2039076242 349106389 184918680 898552423 
-44786828 -2095227618 -1692721824 -1791942364 847550957 1607379258 -1440567664 -413542275 1857207402 16555115 248850021 -192795675 -13422177 41887081 134198429 1769276039 507603065 -1123050329 -1971462447 127785775 1597364556 147712629 -378273818 
1289009437 -48728411 1626932652 127243862 830357118 -1404535680 1846201483 -1085244250 -2107188163 994883041 964406745 -378985078 -1842970150 1870222327 -1837596961 -467057119 760373862 -1338304372 1611702847 1660782105 -493853152 -1816565657 588428894 -1384379732 1560324804 

-1855256015 -751876724 -7262305 698838407 -1620778725 -1756190315 154448954 1086949323 1842965243 -743392281 1423234670 -540229394 901101057 1476162374 -1093484453 140317048 -1950415725 -2131103579 -398602261 -1952617326 -1924002565 960452112 1370574961 759485716 -1222391579 2027203779 1528031923 -1074499367 1030295004 833795561 -265063361 1393934240 1204907815 857913363 52248258 -1469855062 -1089503808 519701730 -774426210 
1160645643 -1518942347 -321569720 805879951 -23245900 1154387033 -132552085 -462337797 -635954026 -653375747 953230472 2147184098 1485175280 378974026 80041766 -1357691665 -1377001099 -891701065 -1196684612 -807406388 1005438085 1955098568 -1875478014 
-547479854 -1236380957 -1534788192 308978990 -2040733342 1243962961 524642317 357384819 205757974 -1411863545 1866559992 -206910434 848410725 585934495 146502491 286105313 -679987831 639375156 1844260832 -706485938 -1174538818 1400054684 
1553692231 2143127978 -1122540487 276924054 -476675794 1118209303 -1691140685 -1016792435 65973570 -2010058575 -1891854199 -810601125 -286317791 -1979307818 490057724 -1757532706 58451076 773554 -778898061 138988592 -478150220 949413900 -1649719917 1818091836 -1729186223 
1124423345 -417526446 2032453047 296774459 497586878 -1841497794 680832265 -957160286 1316356796 1253562946 -1001316164 1056053335 1571410499 1003196986 1411792055 347447850 834302868 -652611217 1401002870 665087162 -539140878 2086257781 444211616 -1585499687 
-1422601867 -1991175830 -1111430240 1149273042 1640648799 -1160906884 -1695250688 1364610056 955736711 -822036944 897544531 -1247753351 -1642907038 1106103930 682696952 -1008750440 -77481462 1206047840 -1889975134 -1519049406 1067198404 305464064 1964689462 -85197472 -2026191896 1145929693 1663920743 -1372172435 -852830896 -1335230997 1721308696 308610829 739349159 
817812811 -1570724044 -861240605 1424682731 353474754 -1982967132 797831447 1122966654 -458127191 -1083894850 860687406 1652536524 -2094711947 -1591736940 -641272617 -794648409 1631338312 736217794 -517301774 -1249007624 -1230264880 -746362220 1128731206 640886093 -1740831060 -2079122142 939871475 1105590244 -1911044895 1623756275 
-1535230242 826225939 1796460761 926845669 -309256323 1035849386 193931509 -1898093731 -1324268035 -581556987 774715790 -564911987 -1680088951 1704679971 1299832360 -1195144766 1503784179 1049861110 -1528826646 -1156143494 -449698419 685951940 -402807103 87172658 -2116740080 1023947517 -1755406303 191209420 -1743589887 623695006 -616091501 1344141371 239666010 532203765 -624908794 
-176002939 -2147164818 835798424 1019393613 1067593644 -1301450124 -1522621857 -513610469 -747984979 -1738657833 1078950271 -1952069533 1375914090 846207627 1330806604 -1339835852 
-1935550622 642896610 -2122426935 -1821542468 -272350310 1638856882 634137555 1664808521 2131008866 -673990544 -1834078027 -1322183186 839952049 40031170 2095151388 1135657322 813633192 1696979185 -249111774 1257070719 451243538 -814502290 967658740 -860549442 -1530905788 1528865149 -1783964860 1244193271 
1908651557 1705602362 -1488319159 -430360188 -1153078754 -1534571694 1693123499 1972605060 1423737180 1974102776 772316137 158260808 1800814024 553733399 353605896 -1752909866 -739011500 -1535487213 630079336 -158564202 214716221 410370662 1138577084 2037881870 -1754120226 -999640960 

-1981601996 679182425 499133984 -1577181182 -1144250047 -555054524 -1419445791 -1666195706 -1833167333 814745488 511025852 631156064 1384514276 -733957343 56419441 1242292362 193500694 -1179799106 773932907 -127129424 1567305228 -662037736 829404573 1598129777 
-770699550 83567003 207693781 -1293304825 1960477842 -1554853420 399513243 1346444141 279426463 1367709846 75706474 1236370051 566989118 -1982080881 297284149 1598147437 -1605680649 -967344301 284343639 549100676 480808556 -782262255 765506467 
926457738 2116192806 616769782 912721260 1238233393 -141437655 -1908147366 -1744978044 -1688232455 1732107703 -1092302963 -1347575994 -553883748 1769314090 173779749 1123853206 398414358 2090005896 -325321099 69844938 -232286654 -224056290 
244945203 754698682 1793844324 1216691941 2139157165 -1939669552 -621790048 1053957813 -690532179 1689690439 1969785271 -1635613953 -2070582901 960324953 -996459681 2073893674 -393110159 257964664 -681371314 -1803647447 -122395078 -1414211775 1035984898 -702487512 2143023486 1109789973 163146577 1163350330 

-217928812 -868898460 869347401 1965201895 -955380985 1976890114 -1418005246 577545138 786541072 434948300 886325661 -1865262505 -1687364374 -1197821006 -245860344 1509156808 -853089490 -609691016 164998385 -1136303729 743500605 -2028099941 -1598832599 1054008926 -1701186451 891747897 -1125124451 269742146 
1699512717 1667544447 -1002353843 -1374965571 670770025 -454782528 -436908903 -1463465608 -1357690799 -716587918 1416506907 620957058 -2045462478 399553503 -1458706749 -688701745 1084584723 2104506226 1643901189 -1691648688 -2036825558 1366723457 719180465 1917817404 -343900654 1224350964 
-310074122 954189086 -120835537 -528787035 1577307488 -67798939 133656774 -1586149115 2061017589 -1267370494 2001092456 -1198944627 -167595017 -1615835780 -384502924 -1447361287 -1687620698 1976757656 37561740 -737986153 -68628930 -1356675494 162039720 901500407 523189774 -1609454548 -802451161 1897271795 
-112888323 -453545709 -161381844 812758970 1472593075 -940057423 1959453436 -1760933843 -297789706 -1719308751 -753274519 -1871513715 -576530422 1834111647 -1129961827 1374110861 1340233801 361919769 1001542052 -790725863 -1817903291 1148827662 1640479774 -70840465 468139893 
1528645294 723617565 563964799 963208395 -57922043 205764842 -1133271267 -1482613772 257514034 -2053509423 657610462 -1189651471 1982193350 -408907297 556219270 801707964 -1404638557 -588883985 798033231 -2120802584 1302502388 1952480138 1334443322 1464415819 -1013954620 140530941 918075677 -1436276306 858911002 590172288 -532229158 -1286344350 -409518662 874650345 -217418657 1382954649 
-901236263 -1251408212 -556659070 995792371 -1025739218 492184939 1721083728 -1481005161 -1321831691 1428468399 -986011047 -206272991 19554163 1271271957 534068035 1236427994 -520946914 
-725596077 -1943958214 1913267118 -248648502 990611926 1771508225 1147323594 -866325372 -1934325065 271544117 -355194224 812077308 -1878775896 654801957 -1224715519 -2054913414 -599134839 530888166 1333951699 1184662940 -1452581034 -31774631 1417730158 -1228784736 1748872527 
2078028325 -1524910998 -784909726 347853950 -1076776992 1361668021 1822855409 -795347982 -69510072 594029349 -1036429661 -1296421870 -1291206271 -62311421 -2062746429 -1120665251 -968250067 -587616230 1102086079 -1588887811 -2082308586 965940554 383462249 -826458332 1248430234 -1465742753 -204209644 1383683724 518146751 1237741205 1295497688 
941798270 955024676 -986883911 -1053406224 -1832565834 -1403081355 -694509918 4261542 -2101132186 1052538868 946356172 -1045161038 -1557263477 903723684 35535904 -863017934 1171531490 -1391164954 987025819 -1777609688 -175621829 1013758924 1308395650 -1978940468 1740916523 -1954341931 428838474 
1330005994 -1945338234 -1406913984 -1956974707 -907708889 -694290543 -911258272 -666906338 -27553882 2000510726 643099580 -1472181913 1924160468 -2102829576 1744525553 -2061281900 700292906 1871099269 -1860767954 465102103 -1460246707 -858700486 2002714947 -1585031811 -1313695106 
305699699 942990524 -433607057 -238726218 -2004053102 -1038974744 960180629 531177452 -608180402 -1867650734 -1753728011 -469509469 659455199 -941267592 1138942577 -135261536 -1824647085 -582515142 -1860010988 -862512249 -1581327930 2052735384 -1290245370 1753009108 2112045541 -2014710571 -969777065 1621307184 960339212 -840810434 550601148 -1700241622 1521154839 
12639714 -1882844114 -126854736 980562222 -959351088 1770406317 17772329 -648070963 1499085238 -927757366 -725655390 2146050786 568765181 -1645090334 905729234 -100487626 -1623341712 1195961968 -1617544246 -1844988870 427878316 -1602314243 1644851483 -2080080529 783701568 -128428369 -1328555073 -406631243 299597309 1924024121 -1377515060 
-1897933803 -741872242 1392652212 -1644638855 -100562915 669788374 -1357740792 -179186173 -402069799 -1802772943 -1729150786 1145201046 -1853893900 -1212404769 -324683996 -856571385 -62299207 1835886240 1525492707 -896062011 -174506689 -262765756 -795418901 -279252569 
-856768175 486564405 102658612 286888204 1751535861 1957027596 1675288674 1367200953 1668006022 1517071662 -768530706 -1567098312 -1426493490 -639923238 -636173130 1903888944 676320685 1990673069 1162679974 -2084623004 
448345480 -1925583166 1470536493 -296404386 2092285171 1978951677 -1498639303 722845523 1461463889 1281103449 1828601448 438859205 -141805908 611014423 
621863368 -2079695858 1162258262 -464201970 -311538965 64064093 -1302750940 -2055794257 713353999 513728332 -1253246634 1564408164 -2144943568 1747950480 593338649 1133302234 1394601713 -1803942919 -484647520 286854562 -903968689 375959777 
489835913 1922244489 -1061540056 -1150662414 -1957776974 1845888475 1476383082 -1780693040 -1370589492 213064388 298182842 1956849877 1382152653 1296939746 2137641925 1202738011 -989051280 244213149 364791434 -952131482 -886715734 -642349576 1192848982 -786895355 
-1357602566 -49109322 1977483753 2077437250 2135966442 -116278293 97183564 1456816876 -984432639 -328843798 -317664190 -1642882850 -75082277 236343872 -806963465 -176458430 -674176926 -727281455 1448093918 551946190 106304869 -1327357477 -62168293 -309941162 
924896697 510864893 -857825655 1616388488 -672799013 -1380143361 13010731 760160907 -1959675764 -696339675 1444076643 1683015645 1582946419 854936304 -1492220438 1045784282 28709696 -459228148 279259032 -1778327494 1496443588 -1745437352 592443326 512474419 -1065714490 -132032526 -1313831534 291489134 1545761297 

-1863741295 -442537764 965168731 -229614693 -1741074351 735720676 -616855866 -1742105205 -209673387 400747740 -2000480465 929984042 -318711360 -1185861908 195622038 -1612519947 1791501713 -1711020255 -581003060 -1134019943 1648754553 630683898 1809570797 979096238 
-1726853079 -159601941 2030210602 -1121990127 990239192 541591637 498221418 -1108700596 811319089 965923033 1725244459 -1018012557 -1987960094 -1773529142 -1568901314 1523160803 2059414122 -841975460 2024296430 -2103252047 -986925560 
-1960509823 -36974488 863597255 -1512333026 -2138117107 1741403487 -834377391 1692637639 -1335491666 -1068325713 522960223 -449842413 -1717301286 1546422986 -962253134 2033679411 88747823 2115918077 2025316018 686445933 -2121986091 128799763 129906789 1068904286 488504407 -1833498537 1792874976 -1214147878 -915397203 -1763769777 1390940534 225688753 1191548882 485321480 -1059935613 1927828028 -1989211162 -209279483 -380181391 -1135896306 -1239506099 -882783677 1617474122 
-271847421 -263901707 949492655 -1902086149 -74164649 -181496459 1779288990 960199107 -711253178 -1852172779 -1030671123 -185752280 -2109779699 1699640703 542828130 -1564760826 646825026 1995684568 -94487644 649679783 631193441 1128759179 -158353404 -653494015 791141323 944849443 -734876638 1547639093 
1162758326 -1282339810 -2002884053 -2030355331 -630044734 1769551863 -16827478 -1929696293 -772842066 -1591531758 -1013101997 294689265 308421952 2035048370 -328183904 -136427123 1908593729 -812722640 712309296 -1476455818 -1526059646 -1196412240 748523701 -820590032 -347451341 
1561232981 1703719307 -252728118 -529603574 -1629350123 332800062 781295898 192173096 360752535 -796919899 -1938870777 -1206363227 -1991945961 1144110446 -2037086006 -1307945237 1669210092 1344702837 -2013378569 -793038011 620683637 2144493135 -1374413956 -1940180482 1627333278 -92681886 1350944833 1066589695 1760526724 469723177 
-492354262 1264314920 -2059418361 18888656 -1540230557 608641307 -2032178256 -2004572891 372915686 -809982223 -1311335543 -559260743 -2072653933 -2055773132 -2098413327 -1577125192 216229010 -611326923 -315626914 -37084941 783898807 
21262735 814690112 -251571438 -142921931 1456626406 -320977379 -250660836 -1334545505 -193694672 750948716 -1959083879 1775898091 411100215 -1368159111 -655218801 -1044904888 -1274446513 220912469 118029822 -975321907 1950517413 -1043072592 -986183215 795327287 
1449521858 1682091774 -719308303 1989682550 -2129825779 -1808445416 -1241929462 1151773657 1381497891 1793539639 1597204395 -1589011029 719031655 -12857484 1607908667 1362636013 -341431739 399727348 2110092577 1141455748 -1499085570 -1679328019 -31440626 
-1596505426 -34090801 769355416 848241632 339487255 -853561120 -582782091 1292098476 -171506989 942823568 1375489148 404901384 -784408445 904745351 -1022805121 1023519586 -551751458 1134952169 -1970300126 -1565206472 702663772 -1437778226 145363605 
272042915 294151231 -1549546783 -1590240363 557704436 -979666101 -1418659629 292581022 1497912318 1066936558 1398221249 -1051744841 1766742681 2089987831 1442711531 1990953112 -1024253520 
-859760199 1224499912 1426252980 995082122 1273063569 -512716012 152500676 -1634494008 480690643 248432088 -1824430994 -1206761894 498343969 1465602247 1257260307 -148471175 778633176 -1824019945 1765741732 -1277869675 254155587 -474162028 -462649278 1301418800 -1443365342 730434961 1782548632 1311968848 2013103988 
1290128537 1484816765 843026971 -2085565959 -2079360081 952479462 -107292398 -1700192342 -1230427505 1277955022 -1487934769 -523988869 -453204884 1819807779 138570313 -1927198704 -774828807 113000002 -1779113781 -181648628 -1062940738 1347223304 -407276466 -1651566759 -32412306 
1840593114 -1464260333 707454458 -64478302 -187776036 1871234851 802825113 -1309432156 -1554620165 -1950253669 -90158035 -1019441057 -91494358 176658817 -746522914 -1317808968 -1695926213 -347076626 -1733374530 25039390 688116963 231754839 459015675 961207652 
1783933237 -2011869405 -1636508733 -857695640 1587716518 1132396997 -1825638495 1243521487 -594466707 1612133374 -1042419763 639445972 -1499568154 -1968937950 153688424 -1408072281 -854393026 976842009 

-1043648392 1966360088 1237776082 1897246308 1136108825 410132581 540646743 -642762700 -1994941662 291478312 2140874963 -687538604 642457599 879798730 -1052047674 -1108840535 -768093030 -183678942 -46852634 -7649901 972225551 -1388955485 -358204569 -1699888069 
1819872165 2008938379 -2164727 -326244960 -1997530552 -759847691 555734011 -1550151512 -1574926749 -1998541794 -1721498919 -2018873665 -1096715675 -2080078569 -1212519766 1561974979 619526799 1879430399 -194164733 -451810999 -2022985260 489660924 1697477959 -460956209 1421774847 
-2013039353 -8499088 -528603932 1048513668 1539689647 1894495808 -2010097230 -1436475331 -1008414591 1835187561 1873443475 295438395 -594367277 1100762766 391415372 -1899718077 230653428 1109294963 1224406254 -449159956 -364628606 -1556652588 -1991433002 
-316952200 -1194893388 867419053 -398810156 1840442829 -772520063 -281481662 2055775672 1554573485 1362910983 -28343149 -1902357537 609198391 -674185980 1570503672 -2062649112 -717624976 235620621 1806644168 -1771660998 -110962954 861632838 697266819 -1449312672 2140358508 

154929953 902932246 1442186190 -423104793 805127572 -518574464 -710194914 1498344720 763820691 
491045014 -654379818 -797962425 -1411093210 722152321 299123194 300885086 2024529689 -2086489032 -365344891 1927016842 -1268107256 -1960387470 192774920 -1121451097 -882645196 -1693475966 1121969932 2040898611 -327658572 807020625 2075870618 -1264475281 17380758 -1010115085 950937446 981165827 -1096248371 -1546714363 1690334383 1236582045 1917681722 19199782 -297483706 -80835721 437862043 1247064781 1046724075 -1243364797 1469734857 -2022900096 -585041634 465028624 -1641058559 -131907419 -243077739 252899015 -1191955090 
1151768770 -1953552268 -145572618 -1497246643 -1935079105 -246448694 -490713410 -1166318236 -300189784 1682145322 -770466832 -1620710646 1783909892 -657605460 -2118199757 501474836 -1927707781 -259894737 -1298657620 1641627331 -645216134 -1307516584 -197797239 -1031876359 -1116698882 688018803 -1716157588 683746948 -532578042 1946023803 65475248 -961613781 -796892630 754089386 608667634 -851780093 -601456201 1386170535 -922934470 -1360877705 -806689688 1909326605 1165957944 -1695168204 965648210 894645534 -1411067297 -1620241058 -348512207 1776812449 1918254018 64106855 -174494267 90121132 -588067784 1205394740 
873357802 -1294419768 1225278208 -516023433 909974233 -1900942801 -656946862 -1752305862 -1398496047 406259202 2041744401 -1094014718 657240817 1541311939 -1356494080 -1260088904 -1798799788 440878706 2004749981 -558655119 1992945369 1301928750 1717975938 -117433866 -1853681828 864708462 1140128469 1179865581 1117086976 -1387967583 126374037 -469068960 -1005008645 -883527503 2019935061 633138660 -19998058 558897359 -1868484538 380364826 623415778 -1629274163 -1955233506 
