2089040865 -1652451224 -317361713 -1485954383 843698640 -106341548 964632227 984005583 1520588820 -2122508724 
-1062605434 -628587208 -1137005582 -1338082875 -1468898020 -860574065 1836465610 -1896197913 -2024295518 -591371408 -290766308 
532139347 -793905750 89742071 496926434 1627626656 1302057039 1177494749 -1840593350 902138617 -1200698907 -1711072494 679166525 1466862047 1762371668 -1174705776 -477424443 -328066694 1794189725 -831333489 -1962989892 -1025085832 1654995275 
205697414 -1125896912 592586619 1623000705 506015228 925075988 -765506549 1597678372 -692461390 -1868565337 228547958 1509648492 510880053 -417692318 283398 530833908 627558857 1558727593 -2106654007 1964961567 916178317 -359174111 -1410122978 2107642607 



-283442269 -1575907896 813074687 -1956089917 972923919 1003079217 1263964346 1032897973 528320110 -1470429214 -1290779480 -1005378893 -436161748 -2099101902 313611931 679006273 317165745 262160634 -898492311 -567199101 -1002664223 -264370918 1248683104 -1528204350 
-2041277042 -1196145225 -2058838119 -394044173 -146357951 -24058483 -1929432568 1892062199 672857016 -1788797274 -30960158 -36387754 116243516 1068032879 103842655 -1324513493 675960716 -783940517 1803759479 598120830 -689843562 1336216307 1801711752 1208421078 1641042920 
319649972 -1524430894 -1741436492 -1861264699 -340154658 -857478370 1167043100 -137894358 1253445236 -297728026 -1273517476 1932190579 -220482308 -1869711042 1348425763 -1936491745 -1629027192 -943277817 52532975 489832770 -940720141 -563071588 
444285614 -1968886469 -1869889008 -900035085 1595882231 887364483 642249583 -2011155953 1312511631 1360405674 1496270697 204391279 -1498944940 -261097670 -88754216 -68208905 -460490942 2020599172 -573444027 1657093730 556950345 1625349643 1010961511 624662501 -2141142040 

-834085484 1295237566 -451382109 -1056983375 587511540 292424866 863803395 1046642961 412529430 -1513310597 1859989295 983879188 1943134658 -945165691 567714626 1668731767 735585919 -319974701 -1982992727 1497166493 -2087864757 1143731358 -2125827206 2006403145 1635271101 -708634793 
238194015 227478731 1228227680 -1635894562 2010224232 -1509862525 101551204 -197834986 1427998 1974431476 99283524 -2040646518 519682119 -1361157277 -380223121 1557994626 -1428472065 -2115437057 510295220 -272167176 1825657191 
1372587301 -736844042 -1064653525 -1054428933 -352935021 -289048771 1094833096 -1707675857 -603357171 1244427338 -1491772656 1397254184 -455605861 -1024815604 -371941142 -1981935630 1877070458 -1448858959 1785768655 -1029784729 1489662658 750337809 -718592195 194679334 -1358509072 1768669924 -130085055 1956649485 2016503858 -2036070359 
-1378719202 -138031590 -1413715125 -183825100 761077988 -327209467 695678620 -1876728218 1050825949 114155816 1758597450 1687776229 -736130765 513455333 657502662 -1216667908 -1917998318 -113046277 -1154009024 446790086 -348353944 1160506794 -1458699750 -762039733 2085906230 485700381 
324682426 600955179 -526616781 971276724 358731538 -1091721870 -783265133 2078746658 -1883574386 245233505 -662045361 1550786048 -1991684810 -1629149326 -1831341687 173188476 -1118133492 -751836680 -285396281 1510174571 -54560771 819673045 -2144347572 -121034509 -1779124453 1313759077 -1644512560 -1098858713 1730462766 183693725 1262881395 
-397762705 -1624758952 -1005077645 423695442 331374024 -1878678090 1550923681 -332395939 502798068 -1996649084 -642445986 2092851855 2014449818 657063963 872134246 161932078 -58430794 1299355666 2003182689 545833674 18146533 1446485348 809170693 -86390162 -105802190 -1644850958 243913154 1112698507 -195203752 1030798290 -291445323 1479721949 -26420016 
1593464637 -779925015 2039773742 -610481195 -1269141118 -2108317562 1776680884 -1604543556 219378970 -2053165589 417991723 -1103533779 911408302 -1148360280 73847250 -336550905 708381481 -1185276517 -1269465108 1451994356 442717161 231239968 -1944309964 -2042111274 1025995589 1403719971 -2123754853 -315563491 349539564 1908394607 -353512683 -964884184 2147454240 
-1556935584 731125278 -1591321605 -2007382641 -1241472212 998608322 103575338 378736836 1316244416 66636076 1201553242 1539585543 1333269061 -815982649 -784036711 -2012821788 -931964067 698967218 -1161780585 -525475384 -512648668 -34360079 -848023213 1119098912 929260903 1679924465 1657467643 
-696113551 1657404609 -591064043 700925191 611660390 222304968 -280158270 20891395 -1128073265 -61285893 -1730456594 658812122 1556353116 -327705621 1703736804 1242783567 1989026666 2060639052 -1407813204 -744518390 -2124925076 -721081445 1232562037 -1558516836 -1196593206 1957051655 -1853671839 1598897141 1496023376 10498167 1850482415 1980629522 -625278401 311688477 -312810024 -1869442580 -1257153530 1189109119 -1554604877 
-571539924 1797615310 -1073229836 1451683788 -1252391828 -1471592954 1551455216 -1816588983 481783165 1427883723 -428848334 281116842 501544683 -1766352593 -1024432731 -1051118907 847374235 2125268598 1025116126 263038947 -1700123477 -642917165 -932370604 
-555083304 597781652 -2069624704 625921501 -1937753125 -1343020888 795659061 -1987566631 -1840546225 -145143480 -1595243282 12311749 1360332663 839557526 -993350967 -2126977533 -709231704 1025954551 -679712265 1851808817 -1668796012 -988927530 1806096650 
-716864589 -1014404635 -221303622 1026999664 -528047655 783283516 1270132139 2081781857 936768777 -1788646437 -106751914 -1962237496 210360735 -1727088375 -1466166595 -244509338 -385049057 88371917 -441763391 929005020 

1265258622 1830381236 1441808604 -1885370045 499570935 196152311 -710031875 -22151794 544362646 1089085860 1065130170 1082753223 -756632724 735929986 792766931 463316152 -1049788282 -860145695 -75827961 1679887861 -557288196 465647521 
-1906709680 1848612186 -1439371550 -1799191370 -156134088 -2119282214 -456821593 -1689118729 -200306569 2025822958 -74353231 -1404508570 1756503676 -1552397559 -1461265762 -1151480360 1148851351 1759950678 -1548288130 538347016 -313809828 -1450252269 606716054 
-1447078890 1877646771 1502061286 349835638 2140049382 1887550640 194856660 -1544114481 1441265434 937914143 -1701767105 -1667094929 -854310537 -1298482778 -722632826 833554067 -436818207 1554017612 306058186 1165637667 -678200119 169272933 554211788 
2037500839 30938438 600671489 -1159766800 -1996332410 -1606019635 832747126 43782468 1769609090 1864909999 -1775673641 -680021515 19108752 -116312645 -531215117 -1987105688 -843530220 1439787869 -2063998556 -1196095576 -1282926389 -116173960 -1563178728 -1871567639 1032606056 

-895449683 1700335078 -753923861 -1988447305 1044256768 -334046999 347160618 -877159769 -364239379 1395622004 1981619934 74324187 873804885 -1660470716 540388265 184203344 -459666784 437498035 -1403539680 1169110213 -1058245422 1377852757 -1235356680 602868102 -725168866 -159484877 -1443729723 235128515 -868250791 -1631589344 -914840145 -351733080 690196101 -569897471 -1200188116 1882698604 167571378 -34746869 -114663666 
534866580 -1448442210 -2120266057 -1136939151 -1881471785 1474151542 -1464942667 -1117118113 1093172576 -501651090 -387148587 1208113832 -340657447 -1020940753 -1305201219 -1392703845 -1427904413 -778403521 2052253835 -1304691310 1637509646 -27038013 -1032104762 
-1046743718 115036212 1194570081 2134985598 -959923309 1340537495 -1475539618 -2010320235 -684908437 1901296418 1064704513 -1194992621 2134315796 -160212840 1141981488 -2100258496 649827408 377198683 -316155175 1687502600 -1563583343 2146625299 
867717341 379887478 689307105 1999501613 -740138995 653783274 1323940593 -365176007 1215165458 -206749510 541051334 -169459543 -2132893133 -1437603290 796757718 1519464822 -951143568 -1177736291 -2111960963 -955305033 -76931966 1764223790 -1632241673 1227676390 -728576419 
1811441406 -1576416479 -502648870 -71449190 67053651 -99346904 1435289098 1194324460 -1261117176 1110613354 445772088 1412528315 -1203573136 981680745 -2092684717 -699613221 928645057 687512430 475744937 -1106911241 170415812 1144385758 357816970 1801405991 
641776989 1907800734 -1659563045 1748896991 2002259784 1918057155 1011521575 621871328 626494239 326917388 -1154890306 1011103964 345909027 -1715504478 1370507874 1078075527 134931656 65464918 702850319 -917353693 1292890929 495553336 1769857028 -1379531791 1488236579 1862239901 2111615835 752398752 -1789257083 -1228478627 -1734119884 -1800201922 -1266323026 
-1196420277 -1496918377 459129792 -903318984 1088975191 1843330392 1650468357 -266886670 1600941023 1712431999 1653559957 484062822 852654872 -1067046651 1382586443 -1459560152 1660626497 1542264861 -629104964 -436992884 1816199323 639888682 -1974302450 1626454729 -2054663655 379538305 -1051828715 1895971387 -1505544232 428681981 
-38817548 2134289275 -1737743325 1783183672 -375159430 -639809800 618100918 357427502 1356069966 -1649661470 156168439 964478595 -103292490 1602331198 1056092136 -1303324831 -646245226 1450691101 261467074 -1052350313 916683983 619625694 -243561934 585335202 -1376278580 1612211401 759143614 1837929079 -106965680 884793853 -117067428 1006196068 1824889168 631197262 832580431 
887505543 17938750 -1067565972 -581651940 -1680958065 127528182 824489539 -1885433780 2102111052 1001752747 3870928 -252540695 1668200144 1716085271 -1362564332 -1536874414 
-1790841164 -1870174266 -836987640 -2040364250 1725850172 656488488 114618265 2125104126 -547052897 1740759206 261585643 -2084885965 -1376980015 462058760 231450685 -771841842 -395375046 1737316010 1248391682 212923210 -1645369071 1628630196 -1853961365 80062371 -1037658714 -333916719 1224163799 844867412 
719065513 540377626 444085347 -1295359652 667482211 1075316883 -1989624991 2000728721 -55794912 192665775 -1857378205 -1852634955 585122743 2145337914 1308805308 2104252479 -1949560145 -1294798568 396078544 1591818480 563987080 1586984218 -1983721971 1671659710 -703648811 -1607629445 

-856161784 1695031556 -1306572898 -1169885072 -1872535675 771255466 1939152997 -70421434 1741030778 738356600 1614755624 144348408 1698643024 357328025 -2124497545 667848768 -2098854786 561107556 -2049779399 735208457 -1060847988 -1064834605 228298955 1540154702 
1087682300 1559418375 930602694 738694429 1751834244 966006227 1878031013 -893395449 1835010011 695066577 -632079371 -1496695984 1096463506 -413253170 1043856608 1181039992 -1757332147 -1487901938 1499741182 -2081986833 -1707160258 -177127521 1551857980 
-1529541913 -1288813387 -1361564125 1665957659 -1549823502 -2065001701 1491892694 -45926906 1712923854 -1171017499 349796597 -1817194946 -943353606 -1127481453 300208538 1160409454 954310650 1567249094 -1750321442 -309484503 -293632297 -2091324850 
1601670181 -1413054291 112263374 1499027588 86499509 -1774849163 -1297860879 267051941 1545236382 555098739 555319967 731369050 -1646647876 1388038344 183433661 -1397040305 -554523739 1976539530 48603356 -310436907 1424000186 -469285106 -293364528 1592713146 -1908641975 -2102182532 -649717752 -553605277 

1326469362 -1496565 -92494812 65793907 -972191623 292070669 -1302392171 -1125104081 -279549047 1339183804 830351341 576577320 1442614795 -1750571119 -1076966529 1448478523 -780633207 -1877987856 1401329641 1235704248 527887377 1806982914 -1794676232 -191306616 1336039758 -1531901728 427302162 -1096031461 
1305476589 929065750 -1433003465 311726674 -1838605130 997345341 -720093967 1629870862 944936804 355341129 -1196314278 -1897107221 -1238509018 1549369119 -1822191980 687519088 -35671228 -247708404 -1398124633 -30585240 1141550271 484148802 -456907344 1463752434 -1864116647 2114838490 
370447973 26243886 397589245 -2085413227 -619186234 2061317840 967638194 1265174395 -372629405 -1888365246 -823064345 -1916207074 -1546797491 -1257297495 -1939090142 1406171493 1645822113 -355802127 179192226 785364099 1623076130 1042232299 1869180411 -1554375907 -1799489794 -1622860415 480823310 443841510 
-2011741430 119562104 356241014 -1864138647 276712468 934600538 944277809 491292358 550517222 2039533331 -1107069830 1625772976 1971596424 -1928332638 -533171003 -826080282 -1503691025 -1038580019 -1443139130 259348613 -2066857002 2083590475 363846725 1879003443 1001199022 
-942278601 -421093815 1829688632 -1806544846 -1996892717 -1047148846 -585607822 444300502 -303380835 -1994179553 -1335266914 -1364535849 1973849187 -353903656 -1857849138 -641698293 20600387 1886376789 492514181 -429273479 493146484 -1861271802 -535976634 984123830 1082977660 -274031681 1735403104 -1905575307 -243333222 1812795849 -1336217278 -1455512899 1099454582 -1911179190 82676365 432051093 
1353641454 1739138667 940369409 -2098070581 -1859051128 -1612023921 -1119691431 1594849509 -1872131430 1779170040 1903125378 -2106301103 1390759144 -1555758990 1546363401 -595711835 -130677443 
-647031216 1171246743 1705697750 -855408123 632511340 -1727784928 1653004229 526464219 1607243426 -1293993379 -5595863 -961514027 1978706783 -267263098 1028415869 362861310 -1632034139 -2101164991 1845228626 -697590532 -1936206109 1640212563 -1924482003 2138532915 -523145277 
-1997355565 362689717 1164371921 1708549891 -903261874 24909053 1466649689 1499815422 -1202970610 1636124439 -137238585 2104147818 -920224015 -1907510077 1432531811 776682911 -789246725 -108269127 -561310961 1031194230 35771052 234750483 364322240 1527040272 -688450881 1309951771 -756448024 -135165793 -801975781 -264372027 -103731751 
2006966600 -55498036 -506443318 1636840945 1908522070 1779440314 1076874326 1684037346 -1862460386 780327065 -1335014735 -176308850 499822713 -683648658 1360831712 1669271927 -1956246755 -145535529 1847269489 147451049 -445202210 105889863 1400661552 324414561 -73551362 131443447 556381538 
2093185777 -1014507157 -905176514 -316148249 68247817 -36420266 1152219499 -1002997715 -10492977 -2059843280 -2113315820 -1328465805 -1237909423 1428757993 -506207903 883518486 1882133969 -1124320327 -1192183862 -98923261 -793484043 161766634 -1142877564 -1368935693 -1958389500 
1364781692 291271804 1155982157 204573451 -841857191 -769983965 2065229238 -1127383291 431943559 1883386434 -1883364204 -276946545 -1335186622 2120978590 1213523642 -466315308 -1437740335 1915600083 -1168249348 1630078786 28170478 -895436463 -846537344 -98420877 -958320528 -556902372 449988745 -1030409189 -547256173 211268597 127062669 11438503 -186059835 
-57080041 -1263562471 -1055011844 -1919446090 -986307432 1428564669 1636343632 1255723457 1551932005 -1756932127 1243283789 -1649904140 -1739419893 750251258 -503413318 -348621959 -200845446 -386736691 383392575 -401899370 367954800 -110646740 -1592152822 -1868665157 573187113 248312819 366650801 -1997057914 -144407874 -368519488 675377633 
790623097 -1981218597 829751937 -1897760863 1660117511 1701497408 578281978 1930779072 -151015847 -2089952852 414536965 1069229254 633736817 -703687652 -860333189 -143539004 -207301765 1125364815 -114903724 -676715817 2070409930 336080097 -57352254 584077519 
421903687 -1143955319 1479253750 670453613 -941127055 185274905 901471433 1987493535 -772893349 -1329305650 -1680052512 403443522 -597282084 116615931 -1450176782 1747280278 89093053 1609385181 901708480 -334292595 
412697829 770901719 -282045297 1899506945 519767461 -1371165581 -1738297859 -1257836998 -1183268329 538967026 224400453 1114322579 -692071787 -1010011475 
1363242390 -777758891 2131119075 -788069251 727411623 -424289645 1460063168 -1808172170 -1318353773 1069427902 1716859825 -501026087 583440247 -1142052101 -404739112 -413070779 1761236701 499849212 -264310559 -10724975 2050372858 -1943842840 
1940492252 310870329 1514245179 616448572 1349338444 15869563 84538821 -1091852115 295074785 -1171787209 -1288857460 310204531 -341585233 -529653416 -2104270595 -1912136243 1101411831 -1578171094 207788956 -175808330 -1082898949 -528016925 465778179 1696102357 
-1395669718 -957588155 -420064378 177256335 -1463464907 -1575862837 -1948861619 408852424 191847250 -1103304392 1658827093 1699742340 30956362 1114003029 364894026 1788959081 1262373089 -1733326794 1903528883 -309817335 -1145659156 164785140 625010265 1858429908 
761245414 1512443872 412528235 1378441654 -365955536 -1559616581 -1611170858 -1380499935 1548488591 1773483407 -1806359859 1948852248 -1261071913 1319725272 2010058287 -1650387469 1755707273 1036316433 1178541635 1933578223 -1030040872 137489967 93712566 -476305512 859890404 -307012507 1788782235 -154292940 -2130352729 

472117376 263123971 223379707 166047191 1086069787 2102076919 -2055298726 454533104 1091895368 639160672 -332086936 597489023 1210482686 283505402 -1098703620 -1889640787 -538585345 709263906 -2141213125 948642454 -1862535039 -1667481443 258489417 399311558 
-646321372 1853972560 1830692355 -1465459581 2143912709 1841846266 300338528 22085398 -1030557537 -707798086 1170147283 64226069 1999443571 2081167368 356052051 608645670 1085360185 -1030067486 -1656285443 -852612886 3277490 
1472137698 1992871710 1782405520 -316900115 1871244658 -1476456007 42685693 1237182722 -876000918 1447720357 816382551 -445315233 -2091777794 1779290070 1216455295 -91222364 356923893 -510480571 -478249396 -76429001 1299664716 -493870839 -1703278459 2140487431 -997704358 -323171561 -573477235 1202401944 522673435 1591832941 93947639 -1231914496 1951909281 -881728871 2045346557 -1114267919 -1598012091 637906714 1149976780 325579503 -2054691527 1751294724 1031056928 
1091400986 -643003190 -127417617 158714945 611243761 -163973617 1749454081 968963251 -1474889040 -577488196 1952316952 1654951552 -1464647155 1030401734 -1108215159 187282072 95655948 -1222872755 1277590870 -307191329 1091399812 -861764577 1968548705 1578958736 -1796307327 900657634 1582148402 2083665656 
593149924 2061713774 -1552369036 -2090110292 -1652350394 -1190887670 766573332 1682222861 492412668 -1523763405 1505764557 1757716349 -1245759846 -227870384 -359703314 -160975434 -1561708295 1110788108 857024982 1032725306 -679344984 -654152186 978974640 2038902848 -1716163358 
-2144938945 -1849891451 662641643 -662983785 -1150697972 808912784 -1657546473 310129430 -997569751 -319642265 -1381458704 -133317433 1855337019 1953019393 -1990807861 647107792 262918535 -1651003137 -338269014 1601122731 382675431 1829361336 -1846985472 -1102866578 -702909499 1904869699 863078671 -1560902730 -318256582 1456666832 
477942973 455850299 1545290553 -311181308 2051959611 -1918190358 -1341020631 -1596361725 1956273574 -1615210788 -2144768186 -1926869249 -619644430 -1031905615 643887500 -1971691742 591730751 1936311896 -1428314473 -2100162743 1980793904 
148239522 845002967 -152845967 -584437731 1366369774 1272388812 1840068992 887450097 1815867799 -2139423392 -1511136722 1111950608 98739130 -461402293 1088163840 1309324300 -1318820723 -1014101753 -2043253674 2031113744 -611689033 583308151 464238754 -381862488 
81915321 -920606615 -1599097674 644107987 -2096881369 -148856670 611479215 -259849898 841906479 1823933727 840322775 1657880799 -909171384 -494088438 -1884909508 -318506535 602519537 -1773924342 -486646786 352016199 -832616354 -231317703 -587256476 
-903946576 -395406362 -45699340 -1284822458 -2010461191 1013969924 1138691 -55645002 2086906737 -131933242 1598571762 455261606 760048589 -2095543841 -660417155 2131535172 -715244325 86117192 901289552 338643272 871655138 -463064640 -677667522 
691718583 1079648838 774234198 -1134612653 1094793877 270084837 -1266958619 1713342875 1235211248 -1081403733 147740289 1188922069 635617905 280186744 477773283 -2033124710 -280898692 
1145196968 -1716823217 2029740247 1924117853 -496454802 1001666290 1157384778 -1219031073 1746708069 -89520958 -222862733 -1140628140 954408155 -1880270790 1836859780 1016964905 -1605267930 583477173 1716915058 -1915833767 -527171282 598269569 1899100375 1414291889 1066316699 -64367836 -605488854 -1282932758 703712733 
533208167 -1305864067 749635008 -32969326 -1207488545 453544563 -1217973138 -159953545 66861259 -976664497 297560696 1252851486 435278780 -793131408 274730098 -1359980803 -137625451 1738145904 339992599 1536853929 1182191714 213543118 848045797 299709758 1546682120 
-241849535 275819129 -816688651 2066373041 514701486 -1174973564 402043235 67762145 805508580 -1731658422 -1287465202 -125453841 -1327293421 872415151 605896374 1072667191 1346636725 451817403 -274977351 1345924351 1001473118 -1614978682 1396470751 941356714 
2066529307 733301543 1804995065 1020457862 -1851800230 -1709292131 133038240 -445161674 1690152028 1214781043 -1198410530 568222230 1373161749 1320231409 -1125849187 1493400159 -1134838562 -2092873399 

-1245624398 1440486532 -2086852353 -1303829223 -1066688733 -416723386 -237048825 -2122964383 1765756745 1639304568 2058671501 1089496986 -1166058753 984311146 890423321 -379667517 1052763077 1938826406 1779789560 1960507579 -967720352 1228866338 -293462692 -544247699 
-146423562 1562086370 -1220966744 1883994661 2000399569 -1576148173 833066484 2046133941 -662372660 -1748573022 903987925 -526647481 1483368058 -1801319697 -773960139 541637683 366851682 -210396954 -247811525 -186855480 1439844392 1023333159 -726972486 -1453062679 1605554 
-962879035 211845185 1589351451 70235321 -1746403282 -180736704 -1521013631 1146009951 -1327462034 -1820620761 -1197195440 -316616607 1620682638 -836265443 -1404846404 1705546747 1135379037 -990987000 1481516369 -610102239 -1619880595 133345704 -1168716813 
-1462047716 775991348 -2058191593 -1993932782 -1535505853 2136166741 -1682986655 -1720587808 -611385743 -583182132 615911430 1716419966 223671681 900965194 -757718202 425010877 -1122110964 -675855944 -1763645036 269679423 1152030682 -2018466099 776242911 1599867440 1363821776 

-2042696022 -1903252014 -987531802 -743964386 -1131061163 -942493029 -417347718 283158209 2054899094 
-1428219404 2078694620 313577775 -1667224748 319697066 -443524852 -1083493309 -1069949323 188013086 -190221058 -264330246 1896233602 452556112 -1604921841 -1470100857 991346637 721155743 -509927760 1227462856 -663208986 2078832823 -208500352 695597422 -1776433580 -602732489 -1379923292 681811725 -1448541702 1641347370 -1337745411 -1157047151 -720918917 -1815032472 -1604926474 91243342 194585765 -993813409 -1242286833 448244123 687098495 64980841 -1772389622 2032397659 1638463319 -166429210 -1435294444 -676938384 1153767135 
627658495 1344128869 -42790478 -1481434683 1389968971 -89037000 1125083044 259540556 1917728722 1562005707 -220387790 1622263553 -1735768675 1611969535 -1291345073 1026051895 90121941 76224187 -1824815921 1219519943 -357225881 2110869247 413904547 160467079 -1076458683 626978077 2046804268 -1861498614 293520975 1243383008 638781896 154774988 1602875460 -326379954 455773112 -1941747021 -636342469 -548752718 -1547973972 -928034547 -1500691880 1827470494 -649763187 1423698207 -883469858 19535060 542465830 -1151213622 1380124169 -1742811421 1776882999 689463334 -1836398083 455907252 -652926575 -837481299 
-1525531130 -737460341 -543479618 -343426243 -1534006966 -1137514222 -1811994843 -889267309 -1287833975 1830287428 -15986621 1991006330 -1843515230 -1660247561 684479748 -1611169473 2022848456 1898504645 2097157412 943562208 1980698725 250684604 -1604808825 -2124607202 -101666879 333987511 1634534036 -691658424 -1232536082 1202582708 633516952 -695407438 1524411912 -1727576317 328669928 2057345314 180266199 1628822063 2141747113 -686535997 -593840041 -446123826 -2110379831 
