426653086 621447147 1379901576 -1943903067 247145661 -1485918839 848276485 -119714230 -1889874178 399358468 
-44480377 -1843273462 352595719 2118430899 -252169041 -1295022258 154301767 2094111302 2083732334 1828212418 -715490178 
-353781203 -225468586 -1707216298 -1689087459 679176608 732134077 -216472411 80414603 -971475623 -1199892229 -1044905381 -1886707161 -799913215 -333832408 250530828 1125148834 220324925 1716401255 -1617958749 1080649644 -808966024 1906833565 
-52260013 536356247 -1171374769 1505841589 -170814159 1735226895 514226468 -582993662 1313502863 1980131944 -1974326959 847294313 -1724081033 1394858629 -477026520 1572765083 -838411861 -1527501993 285981173 658272457 -31187282 1599968982 693202581 511444664 



2043538762 803179100 418904338 1080383118 -1403642268 1459627997 -1579480955 -125981087 1634149665 608851261 -1177301085 -197241473 -43238182 472415385 238893805 847547579 1666837770 2017409946 -1139165459 -1422993361 -752332359 278499131 -688791745 462130785 
1825600033 1060697749 -623974402 -427928678 1170103645 1035058875 -1673750718 1920716850 414277965 782505844 877731782 518236920 -1540491444 677403135 176959678 1562498735 1211214195 1813421647 -1019755750 -208490076 -2096254592 -1831509193 185599578 665669160 -1788772809 
144093443 144310984 -307156274 6922058 719701222 2096305881 625353991 1316309626 -578110185 692844715 -279062637 -711493366 1230877080 -1064551 -780144782 -20072219 -1188260290 -1612389830 1622351054 1243791416 1941673622 -47364585 
-1045010740 1761591826 -375753965 1302365672 1349494567 -1657677460 1192030323 127479452 211592688 996142195 1054786274 611145514 154062380 84346487 -806875519 -517009999 -1920394249 -1227790501 -1920370286 -591779428 257605957 -159450335 414930807 -287292608 -800548247 

-170110210 -1800093552 701796372 390241429 11464763 -454184946 -1458724396 -2122205015 -2142477334 -342959260 -1477811158 1174275025 721692702 612939537 -1564123544 -151809959 1574552550 1136877899 1325419976 -83291383 1854361575 -1452854998 372692326 -1038555381 -392228554 -547500369 
-1905289260 1942067659 -1792744825 203578004 -2129750193 1190800244 912100579 -1845532438 1421663703 -718247492 -2078407972 2083980719 -1079217467 3718519 231855619 109214933 802801850 -1949797610 -1191063035 1813841283 1113947710 
1889285530 60527673 1264887130 1646532878 2080743440 -1965864838 -1488234096 1816405735 -1045611964 -2005325779 -644689592 1085493466 840274247 -1824785288 1700942425 -419918248 -1238966087 1759149948 1651531993 1875369997 435422247 2112793156 1526073144 -1142247841 -431448128 2081152446 -1288473391 -1704120626 -861583433 1587257761 
-1649207570 1319156254 861102681 125546335 -453992104 312512358 -1434958122 -1743253352 1859650225 -387212312 -21267168 -1461920485 -504347998 1603248272 1299877440 1369148401 -1539532155 1703619290 -120002026 1881624078 36085553 532643500 -628622455 1899286308 1969334251 -1438846453 
1243690103 817466846 568953974 -852565459 -627019823 349699377 -415043281 241603614 1899177771 -149135248 524132623 -507131323 292350322 -1918321988 -286915292 2144242971 1866482219 -13918034 458520164 -1834768672 -1189141044 -211705589 -1478594633 857002216 -1013157477 2091183085 924194121 -652288527 -1491846116 2147175408 -1455221076 
-237126815 1182705013 106914686 -1026548626 -930647805 535144219 99938291 -1731360979 -1528779741 708594526 2058214260 40101995 1073653932 -1932406521 -35613765 -1726125291 -1941112682 1233771884 -1045593472 -1198637076 -537556370 -676943197 -636165745 358267498 -1254682443 1888063038 -394052057 -1524508219 -886782501 -308820548 -1985588230 -1179653757 -1627436646 
2108921527 -1362535399 55577627 588202930 -861253583 1443510632 492202878 -1343946454 249607283 -978309934 -564667460 1617063072 -1969135119 -1861937393 -1070614157 204984350 -301871569 -1366109242 -1003022930 -1614504868 -141349192 -624522985 -2094760238 -1613181087 -1739701886 1560475604 -147447108 -1142587588 -644687901 576005654 -1346107876 -1375892856 166929589 
2123149105 -1066801701 -1780428657 1108845995 -458539757 -119653043 124244304 1871519202 -1867173367 -293343644 1028048936 688662593 -1725446488 -1693337019 461549702 2113352529 -1141487393 -577963187 -1051000520 1286558989 -1405840842 -376942990 1964511562 -130508188 -1061698783 -1654508127 1432147106 
1353770586 -482076322 542872577 -678406680 1520100059 562692727 -300962315 434805591 976508521 -2021071127 1264339089 502112380 -1187825535 472047829 -765290115 1305619779 -1314716821 1057512259 1832228720 821425614 -1620532920 -253817325 1783408624 -522190203 -428306752 233538665 -668551989 -432254037 624989990 1858745601 -1611510429 1669339518 -1938645849 -1808872269 -691201107 1576864270 2122110193 -1200651131 -209777812 
373368514 751759688 1041488092 1488500745 -2114110395 -19672804 -1141581087 1528334367 1821199154 -243209352 -940131780 1405395517 -1679769711 -305263258 -415066676 -1114952095 -1372986589 596180215 677941124 -261223552 -1784139069 -1944973928 926524152 
126473049 -2091900145 -791159661 -1380853981 1688437749 1531515628 1529438213 -549812154 1016808612 527491740 1902623053 -568432448 -1782146167 9542690 268989065 1820250410 772696844 1861586653 -294315522 1958011849 937018345 -1026884576 -1746739841 
1996936971 -1282382447 613411861 570518418 -1506044978 622102251 -1177835526 1041684672 -1474402093 1513969252 -1024766317 -1073108521 -1263725751 374865039 275478436 1362726525 481952743 -2142820538 -942640652 -1642424183 

-1182893799 -1170359715 -393472409 -1668431206 -265406166 -1131739535 -301021422 2032991463 2035872137 1706754724 -1557701436 -1435498969 168037259 1118870887 331112008 -1393331796 103354188 1049761497 555074328 192997023 535544231 -1381216757 
-1298177962 -888907933 -291145502 -854853238 -1249971108 -845635328 990915969 1002376536 13783991 -1551291372 -1129340999 1471466225 -282706524 -456308517 -162760593 273490430 -1074442309 475932259 -1909509005 1226039274 302338112 -2011836218 419886985 
-2128164882 2038337401 650853373 -1504962999 614110406 384243903 1783883160 682738922 -837066197 1727778949 1061244460 -282647615 1027826261 1257516162 1204714694 154439709 -487396011 -1923671269 633651323 -2039156207 1973106803 895736113 2003273727 
-893326267 -316294761 -1569713334 -386896899 -1717826242 -835780295 1036197868 236329040 1372759972 -1611769644 748472717 -256260440 137918179 1821876458 -1451013288 -1435529735 -1671472586 -91335796 -337413304 1902200033 2116502080 312371178 -339512952 759781937 91640770 

1172332088 83847150 -1841793838 -126128465 -1305252679 -293265610 2076044867 248688286 -946745802 -1769836066 -1624777031 -218231656 -399468615 -255876911 -434235380 -433945685 1520270202 1487301198 -820076068 -836988654 -1390227490 -788306384 -157705147 302286026 -1243487197 -1465987883 -2066344235 1466322081 2022930751 547283774 967310143 1895680411 -1427344702 -394412924 1922232601 -1057264863 1754035804 662194838 159178729 
-85274378 273965859 1828608780 -1261524229 -1097867203 -1135608479 353153306 -2062512293 -2085848195 1547618917 1254479620 -890097062 -253526941 377440841 -146301482 -1568168684 336850062 753265581 887989686 1351405576 1121037239 -2010546618 -1272682131 
-1140616253 1280231839 507371660 1189659939 2091955958 1566254500 1534873788 793517596 220579305 -1453959111 1427158350 68564623 -1201714225 -498438034 -233704441 -115290430 1456442618 1965215445 422283424 261249781 271551682 -1353261922 
-803971901 1625910233 1172915079 -1616558865 -1317574685 521761187 -526920604 98966092 447842768 -2012243729 1228523426 -1127578160 1981217300 1947016233 -544875991 365971401 1704581561 547448203 966318524 -368566319 -1243351335 -1242628677 -1859233662 331790007 -1467838222 
-712430722 -1761163984 1815481031 -1645900295 1642228328 1228821100 -1237251140 -1696147396 -148002736 611451726 1823937793 -895856536 587676914 349734906 -1374589947 -2122241278 -345247985 1530306512 1529973632 -1943041662 1337945305 1292389691 1912749136 -1372149249 
203247629 -2036367874 526048306 805268009 2016546878 479508146 2132786777 -1871757822 328985724 1458909880 1956075500 -755949396 1788697275 -144895111 26149705 957590629 -218733562 1659069337 2138101137 1502861214 1380541393 -592866759 -1273726100 -1565774550 -238650556 1564387490 -349840700 739184449 -1641131229 1092188859 -1498671962 -480692547 1138448795 
-1133130006 -1546441775 1027770984 748653768 -1474732050 -2032870928 -1415534424 -718680161 808940854 -1879439895 -1246799764 -779244401 1208674617 -160276156 441015142 -390800375 -1994995045 -2107320500 1409552043 -1389235504 -1886850305 2019915657 -88168005 1264602404 -1522995663 -72560626 912686584 -248212139 91275656 2084468554 
-122239070 1205806966 -1940586271 954312360 1221906342 -1566586307 -929330620 480996429 823457373 1026582331 613513086 2065033180 104314891 -1624067297 -411979774 914578229 -851287224 -1252284124 -788026643 1775392518 -1828699494 -1394315771 -490622359 -1735296167 58138646 509606050 -638004464 -256822305 2037018204 -1565867147 -226162388 780253279 -340953538 -746151882 -1241696054 
-22765075 2025827894 -908727316 243057591 865141893 372864198 -108262314 716740969 464074856 -365796670 1871903412 1339032916 -1411193141 -1237379279 -867130509 -1025680216 
-538484394 925682596 1046990223 -65657894 -1650525661 2139123608 1627656399 1183339968 -175825149 -1104344565 1606002717 1836517299 -986194939 205404567 -1946411805 -1170242842 1957329677 1284034973 -1783535831 382378428 -897760647 -1121658468 -1918248696 -400697818 393911670 78777247 1980624546 367202350 
1314681815 -1971356086 1717497382 -1644879698 -100464373 567745952 -1363635782 560580594 -2089848281 724276008 886361663 -1703823426 1482957026 -1963449305 -986972378 586875905 1706976191 1258740979 -811073113 -1702365537 62088142 -1865682297 302005902 2036925318 273945194 1204895650 

-566646130 397895962 341504433 -2096236088 -768736810 -1303323767 562579041 280860099 296278915 250367572 -1225312952 51355300 131783518 -2056567329 -1725853988 1378493874 -1026152512 -1760965507 -822795435 447151930 -1933544734 -12379737 498115827 205253552 
648223631 627539305 -1871481431 668261584 679545055 339474273 549936513 274070754 2111843163 499856728 556250521 -1631842845 -1250245052 1209142163 -336782852 -1498999272 580524856 -1297481289 -968188470 2093217663 1592535152 -1321300562 980615816 
-901264596 414833099 700048714 600605714 151027386 -881077380 1659441817 -1500943964 -6103425 -735548809 1344144010 -1756062276 658072796 -1753948169 860993229 -633786086 -970867723 988330144 1220042484 -942893685 338343474 -632640336 
-405011842 656570021 190290891 -2049340548 -429294476 410711513 -623330669 -1825203350 187085620 -501035433 -752567561 -2028894219 1934206448 -856822312 873538984 -1057298603 349727674 -1572517860 2106324759 151471201 488933242 1362672049 -898402728 -1724822302 369933219 1285416593 -1338733175 1844938226 

1052874816 1212530295 245036671 -879411122 -796205131 -1460510277 -288187838 1933270952 1690553633 -1203843782 -532433543 -29507561 -97510416 357758832 1525638287 8414628 1009337161 -347179299 1384447254 -1211866201 1899513505 -788239808 -389268732 924132463 -1883846778 1631296230 -1166337952 -1129157229 
1364046804 1096668396 -1806054239 -1984203789 416749989 2090973237 150626380 2110069233 747325458 -2055493775 -964868040 -2118978968 800719317 1825019682 690333671 -1797604848 651837108 -1477787775 673086469 -101873799 1438344293 861316525 -1090412027 1989878703 1431669954 -1079205908 
-1783124326 94364889 744331212 -1955273982 710959788 1865212018 -1902279307 1547140853 -1016981210 1805665627 -1436519040 -435977319 599602990 -1198934114 -867903195 -1437363359 1721286475 -1673194576 1203713433 -1526483250 -1578864217 -112972165 1489094771 -638030893 1747657889 1270206201 1755253843 1046761792 
-125802993 -1026557455 1217187169 1871401041 -1239748512 1725927687 -2038909826 -189129835 1223002501 -1231043685 676800628 1428261487 -899839171 -310354411 1980146628 1654942937 1874341240 -777407970 1568912102 -1297595263 -524559171 1475979264 -1346223553 736123945 -1824189374 
-31119203 1900723001 -837580069 592102914 -1814183465 -1342585488 -984822175 1470627322 1939062000 1647594425 1995936345 -902452663 1315477125 1523110240 1801499112 -2028420448 -1654210501 584188719 -886252041 1221947346 945226820 -813810784 215357695 -1376089448 953460164 -1612529746 1952599697 659380754 718142701 1043871799 629911230 -1014656685 447637798 55192275 -658587865 355017257 
-1723610240 566332144 1138669654 2032584287 -1773587537 1820727071 452209402 380910469 -2002942305 -1225152588 956301108 871263322 -825487989 42696394 812014924 1812357441 1475489961 
-1437521759 -1023100003 78140970 1416960511 372608281 -968423996 -167913236 61241332 -1155143869 -709449374 746001795 1336414260 129005416 684311123 1789022236 802295722 -2079928312 -2057034353 -586367731 601314573 -997600874 -506367849 -1616257396 857816210 -1372866782 
-46977685 -321198458 -459654261 -11450839 1320751829 -1894089354 -1885032678 -1784096335 -658977833 684979125 797098207 -1259180403 -15052834 2135011526 -1019156250 -886433597 -1361625069 -963134281 -41691091 791876736 1219725134 -461589757 498096472 -281117694 -1708883614 992303915 -956633874 1996418729 516910649 680171053 1447618447 
444507192 291200442 1668063803 -441543563 342571560 -439332416 -2140996298 -268962153 1696080498 1889086489 2102950617 2018785405 228351182 -1379874002 1590370039 371615199 663205049 711607876 -382937691 728687341 1358348900 -116651607 -551348328 -2122946296 1032576324 -1243173136 206688471 
865658385 440824089 -155206405 -1188737935 529393729 -342169866 -178156191 -135901245 1972025892 1841660255 -503747780 -342716849 -1386325168 107306970 -9626904 -1498177826 1349593431 1999440314 174174435 1359224843 798824957 -1557178050 -365604018 -1084441831 -1083966694 
1983479892 -472476442 -1084328156 962437733 -418728492 2004014992 -924665786 -1894765508 -447923258 1571268397 664646664 1023409701 -2109998926 1165532772 -1462212594 887555413 -1306895160 -1408897136 1761029821 -1209731733 72633387 2015253019 333415617 1835284690 -1283529684 -1601643540 797486250 -442845830 2093601982 -1568074006 1380509402 658328080 50098111 
-1460969296 1141913736 -881641307 -887531724 420781549 1542611518 1770760203 -2089431645 -1922947505 661016585 -642316632 -1732619110 -1193323973 -675558606 -750512899 -1440988325 304967151 -1313594470 333806315 913316748 -1598363948 -64161629 177020244 -1850276282 -1303851174 -1298114334 -1380584178 2109845833 1300428743 -1473789502 -221862756 
2074990685 -1017510002 1022110821 1321871256 1721918470 169670716 1270785671 -933999994 629296426 1967244560 1564120824 -1153090522 949305917 -1448972921 1653287030 1367160503 -996149668 1240450591 2029787882 1941480862 500534371 276246878 1377662128 737312909 
229585540 -732128267 2008599999 -82250198 1716364754 659509123 2019491276 -556845043 1741905492 -942996160 640827734 -710079648 -144241572 1902405938 386064641 -1054666349 1333701935 -1565347518 -132604214 2693291 
1023223374 -1520541987 -1839370072 -178640698 -137999738 -1963532762 1783302639 -1838699652 1862052127 1454384662 725406130 -1307305904 1818232681 1128931580 
-857783471 2104692870 645539005 -211064419 -191026966 -784603386 -776754122 2078419655 694741998 -657425529 206103856 416065172 1196565643 645065314 -475365127 584898927 1329297124 -12625579 -497207130 -2029934902 1593807785 1847674995 
2133221540 -1023881973 -861916571 -815871982 1216551367 -890443337 486253253 -1094931606 -716530660 1904458554 -1053097158 -1058344547 1681112961 182937792 653530165 1176033872 -486491793 1184915773 51830477 595900312 43255674 1103290331 -1200559394 -992813490 
-362599701 -582637211 85258598 -936049933 -488255705 -1718708557 -2020696740 -1440131247 -151545921 -493239218 1253590493 -1960915128 -1762269772 -2048841612 243862375 -355207476 -387782079 1317701651 -91813591 -1357875675 -833559220 -1280811056 1693617716 -1381235811 
511818236 2042997401 1300043282 -1058558388 -263659252 -490628345 -1800441538 -1321737956 -1760711782 -411937495 793233643 -990291885 -1609172497 1138587082 1152949 -580151227 1413174970 1129193834 1615273414 -990941348 630945403 57601677 -5456742 -852449148 -738615792 -955239108 -812894734 1892597356 -1130627600 

1084889615 1472099276 998680291 -1229127242 -197969451 -1336871775 1779908345 2070316873 -841817428 -2042402796 676264208 167817607 1367969318 60913695 -63968864 -649727634 -1117893739 873711190 957742930 971463483 -1505991901 -332267422 2039547418 -599929163 
-307721929 1151396316 1382719912 1613099416 -31910644 664476668 828257073 -1663210906 2067893034 422496538 -1500016542 -2120079951 -1655873984 1970677866 -178069165 506742362 1074923784 -1650315958 2127511511 1332655092 -336214070 
-1978377808 1956803095 1865468360 1272656830 -1640077927 -736308112 722444004 1277112434 1741268550 1122945368 -1443608559 -1865230286 -1226016245 1705813748 -2127562218 -1088543731 -1626977639 1110872387 -1394245036 -715236927 -437936707 1513960143 154396219 962429698 45663770 1182662354 1485573949 1512949964 1826262446 -1563713424 458217467 -2046356837 -743335976 968039475 -1266775102 -1975909567 888324203 1154282042 437269685 -1507372660 1124328919 -1194284997 -1662137180 
2020018199 1530717331 1787197390 -545620917 -1456533741 1889278896 536923537 -2120839503 -456320446 -462811321 -1739103522 959591041 385109601 -1199108341 1068603174 1310993143 32132177 -672201831 -1375382126 -1035216822 630528933 916658682 -2133974747 -884065692 943625218 736385643 1801307992 -726177551 
534621178 -441059153 311256951 -1489333666 -1256933902 -62909280 129953855 -546515674 -1827402554 -1541361619 -662106907 -621891304 -1485220913 -2126361525 207195327 700730397 357267386 -1247037026 873366623 1373202564 -1398603159 439328789 155011805 -274439052 -1214168819 
254134756 1876703144 -1883258484 323782172 -1968002145 -310171418 -848310545 -2113579986 -707881063 -1984137781 -1869190489 1271118153 981377261 -1020922301 -1512231627 -1469054208 29884408 1370543995 1158821042 279930348 -535976812 1331462178 -2027780241 -2086150682 511647 1520397273 -570883607 -1832061731 -2137782122 -1601783142 
-1742823794 -1174900467 -2054995377 78913455 -1887562180 942238447 411254940 -486569103 -1050012947 1853716284 -2104521448 -35125633 -1791849185 1301711767 -1858746976 -295286322 -1720033945 -1075669557 1253038276 -245307805 106242810 
1600030638 -509707187 -584004183 373320510 1505462211 -1840475891 -1030050752 2039130016 -864528744 1494575170 -1466389972 -1444054055 1574261375 -653524371 -1651701688 -1907818165 -1916876236 479971699 859169887 -1144575876 1965256168 885529099 1497311579 830442636 
418111635 -802084129 1691867168 -516559192 1781125397 911862611 645610044 -632972542 -1118117569 1058291613 -93305509 -696854312 1225235672 -826953676 1217684528 177893139 -690823121 -1761048374 1965050562 -107238027 -1551749499 -1341039577 -1569693213 
394224593 -1193547103 1945896435 599496233 -171821016 1102359679 -1542525766 910667038 -1695051090 1130422489 -1968884894 -1705932324 1605248412 977579214 -1255823375 1389178444 -105534680 -1482714767 972384632 194011730 1076738247 658403152 -691849752 
212891922 360904193 44674211 -1401437432 -535644089 -336232534 -285551663 -320905233 -810827600 -1666647672 418913686 2079828499 -1746231553 333093317 1655757569 -1325675008 1183843746 
1709718709 -1395453677 -83315882 2063285546 -1416106051 -963346214 -137737832 -1778303129 -272280269 -1617917995 1632218948 -587979359 545672840 832922345 1207133339 -371940596 1765230613 1273706370 410848306 -1040243773 1559427906 -1785796660 -2018047154 -1589436354 -1593803964 1307867005 1372633770 -2123139873 1073597364 
691783513 -1000209402 -94268147 -667127198 996302848 -605080550 -1675633149 -2060913367 -486570836 -1143926826 -107923899 -1142131831 -1522761287 -340547611 1543372925 -1845173716 -1451809218 -579020671 1843023882 -1198726325 438913784 714857768 -77550797 1134687115 -461144728 
-305649125 1600303522 1912446324 -958527712 -414113030 32445252 -1598974733 570374935 1401560137 -378382182 1766247105 -1066200193 -1243433041 1040143099 1216449222 -1810734503 1561250764 2109222115 -1056636618 -90223043 646648077 1092749169 -1841615119 1229281741 
1997055085 -759125765 -1601846163 1780171184 2065386294 -1896838502 -1827679402 548764784 1697341589 1271981016 -320933892 -642797779 1818556274 -1116666322 -1388455674 -1492296758 158068818 2090287303 

-292873626 -2035290606 574479665 -1633639374 -585707029 992121476 740189588 -2023458634 22336416 -1344046968 2046221563 720871526 -1267605311 324723637 74186445 2027860012 -1684388416 -534792272 -1738535220 1291320369 -667693818 -12891963 -170125560 1885369412 
-785120484 -468436001 -1917565905 -568767112 -556347103 180506614 350800296 1484116939 -175581632 151777962 -2096767000 497268558 -1575189783 2070939804 -1982177686 791266591 664255950 2024051535 -2113480622 -1437867122 1901268121 -115486780 -698184679 1645552342 1644379302 
1136572316 1766216245 -1885199708 349745149 386339313 1471319645 -1906157248 543650752 -181900479 138235138 1218865977 1053217591 -609852613 470101478 154566345 -897269265 1388623085 -1346078063 -1324121709 -672196745 1481082487 1205286360 -248326642 
-586585635 1244723659 -1127345965 -1087150721 -1819026222 -613340570 -733460592 771786073 923009100 -466901050 -998505383 -2008133368 1468468915 -880246732 1700651493 -1357389792 172536284 -2143496496 300829374 -2113438473 1368940590 -1051715004 1411573676 1865830921 -1403834109 

-2006711483 392306901 725094525 108899188 203702290 -841144937 1043587318 -328226930 1120663121 
1300009388 1193024319 1100919404 1679249403 382953789 388694814 -1556850638 1707564420 -1126533241 -1646147836 -1871760343 810487542 -1805774961 -719026675 -426364975 -1734876242 390050989 -974256975 -549434777 1917190276 1060846726 1824081022 -1390288963 432153407 -687883893 -781686406 -525061124 416432660 -2073935495 1834765813 -1306259161 1508882422 1417251026 -606097120 607994998 940812227 1741595587 1899939832 466254297 2023886647 583052414 1545188289 592646878 1705746960 -235029791 1325405321 -1148760654 909641445 
1305336591 -832559362 407339070 1122035357 -1910985787 1419507217 -1069419087 487047978 1171311118 -1008958535 619002320 277881274 67404404 -1891061092 1495159001 1502558810 1551707545 -1546305709 708985546 51168909 651353723 674724723 384110333 -134392111 -1167248275 1943892568 -1234147455 -296550395 625778056 711495730 -782868125 60125971 -1678550103 -867538077 -1745537359 -852646788 -1483664391 -1710893318 1962021429 1387260763 1979015858 -1233161594 -97254799 -1741616454 -1979471609 -1577772969 1694361606 -1604807080 1554695580 -1830596964 1765002292 -609332545 318856223 -1063991010 215296381 -221368723 
-1487392807 1284527667 -1100316449 2113894098 -166135103 1221879635 -758464267 878991618 1432533691 286392613 -1015500760 835665198 1421846194 1092294857 -567776091 1384779157 710165823 2059488974 1258197450 574551359 834353574 -1515278820 152335612 754352996 -810895662 -1668152662 -1695216374 -2129969886 2042475701 1485571333 -429364071 490666898 -1936896788 -1503420927 1194623360 -1055725627 -655739641 -1796994820 -87907249 -447298029 1287697984 -383350885 101949425 
