466779402 1844136658 1344517914 -806365719 -2032721706 -2078668892 348433787 -1178262514 -1086704268 278689743 
-124987934 2034319289 -1570719072 415445894 2127815982 512922758 -2120655885 1468728802 1136628568 1953840470 -2098230043 
-1633694172 -34528538 430254403 756341453 178768949 -69090579 -1420287971 958120131 -689767244 -321275178 -1358359862 -1410510360 -1309665423 1534998951 -2116180230 1579456445 -1152399146 -541859886 93357253 1083133671 1129033024 508324404 
-2075058073 -1354945647 91623516 -908001240 -256613766 839112707 -1521669226 278428949 987696114 -521186164 2095224515 -106002816 -1832487434 -629446062 1527147025 -493478591 -1627892065 2045572281 831781813 2043503135 -1709776011 1122821298 1096991377 -1540843697 



-44909169 1441483498 1615275695 -1145268997 -1913671287 469959710 582587778 -1796655728 -444099864 711020557 510409243 -376543649 -1702401086 -237869809 160081952 -478761103 647181103 138627408 332872032 -525047406 1296926437 -317634503 -1483269224 -1906868956 
-1112100045 1595261283 2021460982 -1564826679 -1120775767 1372345913 -624452920 -671557287 192841016 1995574724 1154491664 -65221434 -1395876958 818997967 1435723600 -1500212530 -1729142109 -1336566316 59626842 1017068385 1316913941 1850243597 -1260857776 -1207452701 891032654 
433532516 -66122774 534115017 1962693262 1430107922 -648384525 -924572544 967138983 354086638 2087571354 1875053406 618042730 1829123988 793875903 -1387881032 1390861539 -710935654 -485370246 2125935850 -1377190075 717911746 -1429629363 
-516155337 1053972153 2101439215 -1485407181 1356726018 -1378504517 1722164003 -1548438789 1170194350 -1816434179 2072265472 171664835 824174910 -1629583663 823834938 1760373953 -1768211512 -963237114 -1643306647 1154637103 2017745851 -522655745 -1026667452 1435784620 -1531655251 

1449784126 -237567153 157046536 -2139280909 2080651710 -976171491 1887560345 -2020395111 955972470 772103639 -477671214 449199826 938740742 618763073 565522586 -937223112 1659658816 -496275778 -1820356930 1589825243 48973217 -496024502 1442481773 -33095929 -1948450418 220415238 
-867867057 1493343522 273336657 910936840 2100718736 2012999433 490760947 198021080 -688210788 -287779680 -2030705526 1448021359 738808228 1327313793 -1862867982 374667381 2096699251 1244583589 315478547 -614373703 -843256260 
-1273966875 1659212190 -1840306953 1120069952 1123862360 782723243 -1448541468 -1079128097 1550218900 521246702 -1756089927 1847729647 -2024674963 -2040803319 -1613549020 1671634402 -1246504138 67060937 -303529828 -1979375545 -1240012414 1658269283 380897638 851846351 -348684519 660107454 -1412364195 451798969 1005832599 -1404664971 
1740009560 -1624489929 -636734260 152757300 1374512314 -16588431 -2063352495 -1329099896 1171691330 -1641762032 -952651049 131168077 -118428785 -2062145532 21017671 -2009351372 -1306501224 163339188 169738667 916052967 -1416262466 -1640841360 -1932460518 -1608440005 -1175680412 -1540762485 
-450669796 -1409746595 -2044639117 -1383891486 144729209 -1265460104 -95024045 1813209320 1971790340 2126490104 -1806053542 1654971819 1391412207 1037156795 430001603 484516866 -87962588 1283596719 -1338079514 -1162621840 1522632738 603743092 76569078 713886880 -1259393412 1399062171 -719012199 -1129604383 -1135135020 1557104627 -1025696478 
1151549331 1091567439 -549803006 1947111965 -974844415 806946417 -241579078 592685585 1885614710 -1456739121 138977324 1465355913 1137194413 413318419 -843064122 1430740263 372980690 1436460754 -2012016723 -1928326165 -2013023311 -1479199878 -1603022837 -1034178018 -218455466 -1407607762 -1223439554 -1599941075 -52758499 1713011922 243441747 551294496 -1181720205 
1881446762 -1672834026 631036364 1599954159 1648710491 1800989630 -1004844680 1445228032 -400080547 1441655464 917725977 -845652822 -206106244 849429936 -1516904699 802388335 1631922989 146763613 358668859 1729571807 -1011565034 -2044844127 2127576637 2054655648 -342424913 -238819741 -2018305526 -163512227 -971608916 94472446 -1859411432 -1506764561 260727336 
744663329 -349892568 -1721197967 -457558129 1900281606 1714100395 1050638697 -864918840 1026362458 882751065 -1432436389 1684340991 -1472394074 -404579534 402952989 1737705793 2010147434 1055796766 899279235 1962626200 -1056986964 -1366618258 2092224299 1915921749 -453693134 -630618737 591718666 
-230992084 695982385 1165223312 697729347 -193567501 1661719088 158295091 -490297682 358852285 -123204724 1993187274 1285070442 -635637134 1531632226 -1224451903 -1072372855 -1150355261 -592188409 1661361999 1683324684 -1789407280 -1973473873 -36610077 1214527627 -288342015 1535562913 1169332893 -732674708 1800602379 177281021 -953913441 352770741 -1764214531 1835784479 1329372425 1033500254 87275340 56612649 583853905 
361541159 -1976636321 -737317783 -405551375 796705417 -1349054278 550874839 971826280 -97110133 -989129872 -232637996 89560656 -1863617229 702317919 991332107 672783267 -1341330109 789663487 1382953068 -80694371 916099002 96750477 1693137308 
1466360741 -130930916 805623684 2130213155 1348961625 1992953120 1596803385 -297056507 892462215 70746265 1303673942 1134130279 -1253133441 798279120 586892638 -970512010 919490880 -1450037078 818751291 -113116285 664774409 -1594100825 862984747 
217409429 778519867 779827685 -1183046999 27163683 -1326678519 -1340010699 2005006929 -1748775231 -508390371 -355535008 1074498137 754402384 -257286343 -1520488975 1241001065 -1714440729 -1387286900 -138577167 -1193149742 

1584441960 -800454889 993463356 -866611344 -1461295461 -1058317963 -245474758 915448620 1695340519 1428075466 -532754135 1492142576 -686788342 696457407 1568214187 802741544 -1441756547 -2130421652 1653075411 -1367272944 -1438036940 1885445392 
-1558932307 47416739 128872322 -1744323957 -684917375 2002596393 1363509907 246326393 -1633654546 1772376006 -719792875 -293239762 1962535077 2096914722 -1836458646 1454125434 -959955904 -127738247 -144836580 -1736717452 1163922436 810794845 -1722524431 
-1124391381 -2042321970 1193518138 -1867550813 -267901052 52956384 779748046 -233138092 -1652504462 -415547329 508199521 -1175008346 -297034565 982802647 274940401 -1096934126 -1329053388 -318790985 -695111013 -1931829162 -1087410404 -1025150116 599571020 
1742298425 1744350839 21451610 560769907 -1500221885 -842808880 -177083405 -1573652201 -632841941 1320882739 -1440551774 -1716066893 909781813 -1003298385 -1698356370 -1682787776 -1488382904 1672052239 1447976712 -808508655 -1688345399 -1618827248 1651875194 257503576 1017485592 

287379980 1839860924 -7158107 -1809570198 77479604 -559583207 -1639846790 -1049616023 294789467 -68209626 1104986312 -63656753 2036481167 1751059162 -631792825 231513640 329700385 1005666252 -696962132 673588394 27595804 104836535 1925740513 -1587916731 1675334944 33430221 379231413 -79180072 -445269340 1797394791 1725938293 1917134024 979552225 -2077231317 -1148275221 -269851119 319474570 1723562654 -145701518 
-314648473 -1922198585 1203857548 1741775430 1821044069 -1541687331 -1369684082 1161566847 -2065455608 1899247851 179794056 -856460401 -360664081 -1952552802 -1203319346 1836716924 -1119192873 542612482 1500635268 1529531271 -1525593938 1445168053 -2142338611 
1978903996 -1228625659 -1066007699 536166949 588439492 -1039423695 877283869 1890643491 -1844145719 -653423521 -670200976 -285242253 1967304211 659356187 1007123412 1448781112 446690142 1718412866 872767434 -583404563 -693984366 2060546860 
-357037835 1007322623 343004082 1821244071 -1401381091 -451280575 330067184 489805186 2000321944 1141171482 1224187017 -1089659541 -778264948 1615033851 -1744948291 1219577854 1887978846 474535647 -1033300647 1711116719 182200054 -914542510 -1293136089 -516133759 2055848476 
1970897471 -183729149 820668542 461519181 1049342931 486147477 -335804386 -1205969405 -118650046 -32544216 -317474728 1368280046 1401016966 -446380733 391993898 -1768757957 -1768524396 666776024 334115698 -594843479 -1453632872 -366296485 917619566 1006662870 
-1481497428 1378118846 -1525954933 -343599725 1643250806 540520560 382223006 -817005066 1333304621 -161471647 1161968989 980617632 -73392660 1017182017 -1692247086 768283175 -1221102630 976357601 -1438193754 -1464408498 1461827965 -1021581863 -1515803065 1739123275 1066250691 -258732382 -783506364 1266966777 -1433966352 420994669 -453845801 -1984360194 -2068222141 
1935754428 2089964910 810524623 -330590928 2495640 1202671124 -801216290 539606265 -111660840 -92267696 -1399193378 -774041226 -979821889 2105957986 1539265387 1707505989 1795307695 1192308749 -1447479897 -718204222 -2004450483 -1600057861 -434729033 -140478771 -1068911586 780922735 -730820934 -718430127 848554877 -590657812 
-1019439033 -285528889 -1614237991 919259992 -109535544 -855667247 591016548 -1415450144 -1367128317 -2048715766 1343938864 -1164452117 558723714 -827516127 409491717 124528661 -2109902582 -1597920082 180099923 -790848472 786340119 -445101984 -1833950549 -930977646 -49441372 1403108619 1732090256 1336443466 -570818589 -991855140 -832129737 996476186 626252605 -2095743230 -455328553 
2035299117 -7567468 828215371 1851961646 -538692940 -1334350917 217126356 -1883144239 -1473831267 -1156463700 -535744300 541241646 737938003 285422398 2034946530 1585000710 
-1684695632 1842156177 589483847 -714806252 524645085 1943114946 276025728 728120010 -544359063 2040912450 410379566 -1493498976 1847531991 29359466 1457149146 490728494 631300783 -155101345 954291106 518246145 233818336 816135357 1544054160 -387834317 1295474555 -1003262119 372428219 1781818927 
-165384363 -880565676 -30374409 -1778751302 1185736418 -446614875 -829359995 -308564624 -70557565 -1624113057 1073372396 1465648593 -212610059 1928232308 1007640462 -821493176 -940583831 1710519520 310472296 -1761333900 -1566530311 -1487886567 797215392 1262579375 185992472 -1581268677 

-2118647138 -1927680093 -754974116 -1201608048 368435905 424403480 981191682 -1843319804 94376528 -1737341452 1796849847 1082661539 1076516947 -1327499613 1442715993 1476669752 -687072276 375601308 -1233000589 -211997505 -1539968512 71304590 1875278779 -1496250567 
-1965411705 -1494230407 253398068 986815961 1494280154 556354819 -249442119 396161754 -488953038 -1583940327 1118336396 591721735 1015748377 935578228 -501032529 1348957770 -1210604537 -28405810 1918618390 -1374064546 741300041 -1178859233 -873323408 
-1231208608 476396225 494285616 1615851503 1000622191 -102288260 -1628408513 669886069 1364975480 1551757820 -1463128983 -582799630 1049823010 -848161363 1616687775 -1342582258 -718298974 1242258652 1050823378 1326039576 -736089511 -201239130 
-450032207 1319530584 -1874490706 1524107590 -1207789046 377290380 766611812 931881793 1898113416 -536302328 323748762 2023300904 -1588642804 -236401927 -239505936 -1213719209 -1632236205 1852629988 8088502 134326193 -324693878 1463449429 -621469327 -435691014 -1835349254 406997667 1602311872 -1743632559 

-64361113 661725678 -429694050 -1193789100 -510091437 1457621972 843570144 -552145901 -506376255 185839587 1368084303 1571231410 349846836 -267290084 -875340078 654594277 426933212 1034706010 -2081484931 -1214825407 1411497532 1986726549 -1750042279 254280630 287809710 -1936870241 -1077679575 -1141373047 
-2138419855 -553711026 -1783856630 -1789134192 -1958039384 -748583516 524906505 1351735909 -171848430 1558134589 -892204338 -1389318483 1150730424 1329897142 -178645131 -1489379753 988044265 1701644685 1306776973 1203688663 1345856372 -1217318117 554622761 847164621 660839142 2056260507 
1657807759 -1827426887 1255495127 683251865 1167116300 931154933 1671670832 439724336 1305899328 1684589625 -589652766 -1755988096 544296351 -1320893473 -1204286088 -54737722 609822345 882539839 59950948 -1463483032 1780739595 -1306771401 1374316339 -1641123142 -426388436 -762462084 1071011526 -1916340597 
-982280494 -1343878217 -67828301 -395907951 -1698833970 -210185944 408667489 -1297328695 1141693152 810054345 1427840544 -1232123578 -148295075 356462987 1425174312 -494759710 -277351388 439227273 797507929 -729053213 1721596496 -1152104983 -147692555 -941859138 -1759807955 
-1978017617 -1633282092 255685303 -689726633 -355101761 1013650765 -1942484970 -584907523 1730439683 -1321049153 -457186562 -819632163 -288384114 -472215401 -1253621027 493012272 515134388 2043314033 1710931098 -1060262175 -639756821 -1955073264 1167635178 1385332676 -582786352 -781542783 -449642059 1659160595 -291850730 886720746 -1805214907 -1887841574 1388524972 910942900 527985669 757287435 
344719218 -351897916 1183569253 -85458156 -1854771110 1079347456 -1458417170 -1254828852 -1014639466 288220399 1356949117 2123409906 -566902808 1796959288 -2024904048 -974807486 1538159286 
430438771 -226054352 -2111301800 1506073113 1592057128 206763663 -2060184238 -1265022466 1135637226 601233456 492361540 1111480296 1978995838 1003903424 -478102494 -903222109 -2051776406 218663206 611097642 754730701 -159428311 970896668 -615083873 -768537013 -113759583 
-1245122888 1422025021 10385325 1559306657 -2031452266 -1098543022 -1309298426 -190829988 1161486074 -1351877932 -1479597631 494670904 388308471 -360080399 -1088669346 2120644578 -667577021 -1047742258 1830836604 1997108785 -1534530184 -1015567710 -207774789 -326706369 699747349 861126984 -1326217795 1291971728 -166684631 -1041536318 1086369509 
1378642396 130384428 2007717071 846357232 -2137871953 945459814 -1246823552 2034725903 -722914789 -714760112 -537427303 1961711805 -312822102 -295734495 471277828 1598197628 570632214 673847173 -1468104820 -483367601 11116631 1931370942 -1907509717 -1103323818 60797187 -425977394 -883710847 
849435870 -574972284 2137056512 -654018807 514840320 -2066213802 714752817 -1998560022 809066522 613726058 -1460133868 1145703053 -1946708947 721465528 -1858391985 -1637606759 -1851048810 -1132761114 1528172585 -277114358 439349280 -1985145257 -1879758998 335909628 -1656191252 
1981346942 1503901896 -359913171 1437966049 -566572870 -586420833 1699704328 2071492896 -187959427 2075615864 -484635433 -1976083697 1861026746 -142107537 -2009982490 -858697240 298032225 -343137352 -786443270 -611567985 551758946 1630907554 -1754490 -1339625485 -690804436 -459460454 201150832 2126446896 393476697 729194738 -1170075214 -1138726031 1109874536 
-1698266395 -1770367972 -33380335 918021607 232423083 -277781068 -1876484147 1061662369 -1349703087 1020586946 1451228826 306945345 1540182083 -1660510943 -2000678177 -1525840019 1559314261 1439970829 -349191115 680928005 -724108683 2128769847 -744282768 -1820659526 1198207406 -1799096281 -1137507230 1243301708 2033116390 -1720280680 -1742684376 
1067158558 -1158218725 1603741698 240852665 -1281049247 1118208073 -2109416483 682163272 383299638 -246514606 -1985333366 -1294724611 -1320381047 -533941921 -1800169558 981832304 644626206 -508182830 685759477 1797451607 -1749935552 1483415323 714173461 -250010493 
-556131639 83530633 2014481301 2045378410 2145625245 -968850868 -1058902578 573908858 -1633880580 1787425326 1595123015 1294300813 2043085213 941202296 -1429190310 -1722203175 -361942097 1975292127 1169375185 1389484485 
-670352923 426399235 -1780991414 1206765516 -590401946 -1665301899 1284135911 1965988702 -806585741 1942602881 -1416638296 1087021119 567288269 -1934884346 
-478063054 1880016795 -430616186 -1015898689 -1902427015 362696091 -954359681 685435558 -78882632 753503433 -1960417040 287977604 -911265328 -1392197279 1138786679 -179307623 -1135035397 -1751300754 -760268003 -2117062423 -2001240336 -261978177 
1594207335 -1629211794 -1025239994 -367651940 1956750185 -1843881982 -1652722760 -1059852511 98481901 2108180329 1563948180 1095428959 386534803 -1020095582 -496528855 2059659029 -1203471217 544084060 776203851 1782740510 1930853023 -1822575151 120335750 -268715599 
-358274827 714756050 -468725952 974259498 280412504 1001373232 -1265519111 675141902 -1582789784 262077274 1723870285 1879622393 761195966 -762496201 -1114227122 1757264967 -1772898107 -2117974222 36133124 360242181 -512304188 546722188 -979876918 -83449660 
1691806632 -1139660667 -1860394239 -1966043505 -1086270499 -1408611885 1549457039 -333190021 -1553010741 698893543 -1626097147 -168455414 -180329917 1021555215 301915552 -2061779095 1107590175 1319024938 -911299048 -1844155253 1970048112 1647252258 1850480143 -1911595376 1047745683 1096361917 1766057267 1968547744 -1045009896 

1331562586 132312207 -2054008693 -1935459849 1963108236 -1399669138 -1121223426 -978392085 -1097258966 825358115 -703943416 215794899 274973578 -517974129 -1238809870 -1806355683 1666340241 -766995493 -1154736809 -1912358578 -1905139315 -1762233168 -2137584222 -128463345 
-560367284 266404521 -102720596 614581271 -264630623 -1413538852 -416075962 -2074955563 351691861 1362861369 -986733859 -1830138456 1510572368 242626734 -1714154597 936656276 1002985479 262495434 720812828 421711050 -1879711117 
975933252 -1042543318 -583880416 -227600225 -1681652381 730137511 -921150350 1747363748 -74505693 -223287887 -75704203 1102950291 -1375652763 795595198 1653446036 -209560139 306316687 -861266667 -1760608706 1786402317 682558812 -417962684 -775306208 -811497430 -1541085590 1160153165 43527732 32296210 -339743161 -1074100265 -1531681263 -819412378 1176486202 1790751861 -1315643925 -105053428 -81011274 57965179 774247460 -403915588 -1826925288 -1464431613 1418780280 
-693847224 -2107848919 1671418565 -1705412872 545362497 -416886404 21746382 -2035094780 -2018162200 1883009495 851397921 -358225446 152568116 -637242274 1917603820 -77588260 104086213 -2135055184 -1039806542 -1444010826 633975529 -2120895372 -1137980214 1778387951 609251806 -1980077631 1825735683 778848905 
-1833462057 1508000903 262324875 1831592483 -1221477931 -868091184 -1515063808 1757827396 345725279 -307023052 -1168861666 701642596 -1759178688 -709904285 -222941421 -1819028573 -1162939654 -236814 -953287776 -635872800 -957910909 1126536211 653784711 -1849703475 822818312 
59658368 -1418880386 1191914490 1901140030 1237556044 1330850203 1836065392 -455067595 600450773 -2054642536 -749534258 1390644470 2100770845 -1196420868 878532472 640251408 -28177865 660423892 -124197380 -1828985367 -1199878422 778817854 1640183444 -2067858687 1928334021 560305301 4404381 111935980 1742983421 263314699 
559304666 -1058611723 -1674769001 1222396331 1336513591 1434199009 -1265704189 584615726 -102334938 -909676965 408024797 -1090159930 -687719020 2123822435 982838023 504536478 -644236718 1851638319 1204656627 1410175078 294929344 
-886949168 76688659 -1257758782 283672397 -1747363309 188257227 1009797367 -1929850825 1355178574 -2140954281 -1691881818 -2067408564 511664093 -663653589 1914280642 477427753 -978972163 36784679 1388618815 1134416681 -1938327611 -1282701695 -843911874 -1263111522 
-1924618935 874480355 -783391076 -1273813826 1814326762 -1249280089 -892465494 1803361106 -1808191596 -2109610610 -113519419 -945369950 300549990 1344206126 929080811 1039889012 -967048966 732515341 -1435238280 -155987572 729979064 1794221153 -2059322182 
267889084 -1438855392 581402027 -1303668150 1315465850 -1052357735 -871006937 1201196369 -856188562 -237557296 1335993719 879155718 -2069416003 -1073380795 -88302810 2021253345 -1274961560 -1617168118 453811108 1041421506 -654703125 -1806076087 -262802158 
2135968118 -1648607865 -1263201231 1550591735 367497736 -2063545556 -628382889 2039733544 -1793423469 2079738250 1003069182 -311453969 -2117755589 -1576650468 -1468558406 504711390 262093607 
1759679657 -372962078 696641572 -1384121375 -1264327317 -2130216756 -1028964905 1360073222 1536129734 2086826920 -1820121633 -1798962144 -2103401153 -1825643041 -9158293 -1781378174 -26858078 1954466821 -1271879732 -753036803 1920111722 -2138793259 1346950378 -1639280278 867829123 -931971271 98787910 -2063553702 1997461751 
-1981901291 -617527154 1057005654 -1951193967 -1325755751 1785796918 1970285854 1978747821 -1433353237 -2048861284 896168686 1310576568 -1050494327 975089672 730678408 679864424 -583918952 2020496278 1009058888 -1041734388 302852966 1935821084 -1945345398 -1252123173 2131284929 
-121274603 1032216209 190470906 1652540643 -191736339 -1433205404 -1596218760 -1988087955 -1081434458 -1346653130 1364070320 -1098382644 -237239281 391272809 1077662724 592052049 -2073398653 -1713010480 -654896485 1613976806 186335508 1836152395 -1926505414 -586307556 
-2062520211 2112088020 1862260187 1050490543 2121121073 655889901 324114212 -943280082 926755380 1724155472 -1006143754 -136930435 -174376486 -1003700216 -1267615981 1966399808 733424079 -1476047624 

1506480616 -1972925169 1437435147 555226245 723382506 -587209533 1695561763 1847369351 1032023980 -1590877985 -917421099 1931380097 -2028663692 326144843 175687557 486128454 323053945 177646550 -136665844 -1071378995 1505648648 -1193157590 1813743196 -1653637889 
-447496551 1384296641 -66672588 -806741811 -328483173 189460407 -1011102535 649765399 -1040262558 1547639670 919901189 -2061811286 -1521846736 -1920635767 -108018294 -979974805 1897019889 1215136745 -1945123153 1152738196 -1288772212 1244704537 -91149760 -560813930 1914969165 
-389131123 -278544418 -1834661064 866331806 -766183082 -625050963 764902916 58601467 -2110504913 1780529462 1386560403 1239693029 975706130 319165872 1356021197 688194576 -1558007055 -354269854 749761037 146162395 -2137680179 -1479154465 -1048981694 
-1985708968 1675111933 1106667251 1822297582 -1539612519 7096488 -360087187 957218982 -2130002656 2059909676 -1508188507 1421110691 473279584 -1001130843 -718245954 -433817444 -222551058 784528164 -19720605 1128813429 1918847029 -655629052 -1251577166 2144515804 1120542448 

1448481832 -89937790 1001960619 -1950184625 45454572 -130493509 993812920 1471578929 1108943469 
-1462804958 1532585960 255547434 -1884522454 1850824859 -487561331 -1337059878 -1510507085 -412157925 -2095097360 -292756628 1454229437 1289871721 -737662444 1736673899 1404032243 2013197446 119514787 -894116896 1494309399 -2062928571 1899701358 2006302129 -552668820 -172224950 -2060223908 258384828 -451497119 -927846568 -1336422333 -1391843186 312931729 979988220 475228922 1960330257 -1979259538 -1189991091 -1026185559 -2126059838 1912920789 -145095377 511423475 -1840574111 -1456565216 1214506850 2121278596 -2083216089 -458800456 
1775709549 -13931011 1325038995 -250524781 1299544056 385793091 278155169 188149395 457089878 -1328487249 1247418737 -1703380302 -1525106348 -285587337 -797916906 -1362856862 -1905133144 -608884711 -942785004 -784341583 44640791 -1067258208 -380113443 806107479 -1787751679 1496876005 1162320834 1291955489 -1105090260 603427905 -779862839 -620553909 -885383012 644995504 -1486003143 -1073475786 -2088954995 -1997405236 1902199118 -1993509110 1464390936 -1853656410 -784419211 1829401102 -1000686050 62436855 -1634402575 193129541 -1320226743 -1120492256 -1873401083 -420718358 841055414 -164059248 33015935 1793113467 
-1795139993 -1229953559 37297558 -1223462519 1411045918 2027523383 696614202 743215453 -1223962222 1095844391 -94595563 1782817618 -2109675899 -1757557733 -560918616 1820977516 362546773 756176698 2076861531 1296984189 716682210 -398416013 -674951631 -725350921 -268903785 -2081371430 210740945 -174853166 1294861409 -991660235 -2051333032 542013391 -1977289351 456875655 -2074124295 -1955364707 -2070057394 1713559189 137633369 700334511 -493890966 500298672 -82658481 
