821842012 -739556762 1042635445 -1081841595 -880781541 674315357 -483067427 -268295403 603019905 -1027282003 
-1453705769 630579428 1202551779 -1517731893 669121744 -690926581 1254809199 746468662 330643723 2033113963 -1745765134 
1088934728 -1298171439 963725528 2020910961 1177515289 1174701722 1110470455 -1546622286 -104431196 -2022401036 1467416334 -1912101040 906171315 1947897105 1595824659 -941024302 291565615 -1677855664 1489193002 1954783487 403433887 1523044124 
268546508 -787641617 -1991011034 543010242 509291722 1503665138 1172864395 -880523682 1778805300 -762042025 -355971393 252225396 1646531992 -1655787596 -406491770 -1645048768 -1716049485 1159773705 -203214505 339365768 -947457202 919113835 1435568931 447144323 



1945641105 -2007144746 224473829 1830369692 -46401572 -1723740463 393341524 903607038 -131867483 -144833245 -157610559 -1781087256 381710672 1234903161 1691508527 1543478394 -1880408955 1017631225 -362938562 2102601328 -767962458 1739447585 -644671100 625025508 
198930291 2014798490 -1689453370 2081470393 -1782131190 1728738937 -1187565317 9155572 -1783949729 371125195 -893680914 2071971345 -1920910970 340066939 -2145735617 -912893052 330387327 -317275850 -382412593 -1846712741 2041733141 -852978676 -1291429005 1223942410 -1020794357 
1385850737 606138470 -694232562 1794915429 -2090081449 -709687629 -800288816 555460687 1613465792 -2143688574 1491346418 -528964402 -1161709835 822940957 -2144631955 -1809075201 -1953113424 616765885 -198514714 2047977548 878578679 -1706306449 
1208637605 -1418025058 214736976 -944470712 844925641 -1215021792 1665864552 -1137866508 1552153272 829640840 1211951523 1061951630 -1928253938 188692345 371660645 2078972024 -1294353992 -1019009867 -1714546331 -1716030109 627107260 -590266444 -64632271 -206459461 204736248 

405514099 1779084953 -1077480712 2036228118 -128500804 -865128263 616509098 1044971558 -1509024193 1814767913 -1814182514 -1249622063 1245513921 -533366308 -211717656 -1303186844 -623741924 1090372856 -1299246602 -6367870 -1201462226 18629519 930896932 -2038405595 -1265921986 2145638751 
1989944196 2147293286 1580888635 113985734 -1403151548 1497897627 477867526 1415585652 -1505501612 -51210262 1881748754 -1614388831 1391752682 -1991566921 190423146 1945031218 1008113787 -1812764220 -1866869478 1256496117 1774069137 
-1615983994 662331153 757244655 297813392 2060848167 1884737223 402711266 1979304741 -1374365169 1069513439 -1237360844 -814092192 -1157429941 647295818 1069410267 -101390291 -1532368407 -1066550189 -1362277210 1729516578 -2019682126 -766621128 58134630 1552114340 131799628 21801748 -52500658 -1915132842 653391152 -1274059080 
-1883674284 905196169 -122242781 380784474 -872246436 479119808 1722322108 614028698 -857929755 -1357547599 907167374 -1587810119 2031815079 -108000851 966439142 2138720754 580536088 -551995188 -1746618170 -214506063 -1550340628 883729228 1832925153 1476305127 884235600 493738402 
-1988155174 -1048938884 1908893539 1227267157 1544203770 352097516 -2012025092 215664398 848079502 -2034911344 1396697196 238329913 557151894 1581010199 -790288269 -1116414144 1376014470 -1447906912 831727808 -1162029976 433340129 -1669404425 1671968932 -1556373158 1232540479 2018597357 214761151 -2059866136 1848273564 728086378 -466956319 
1198626370 2053320848 129743163 1987265728 -722005229 -174761796 -1027869038 -689425362 -1962843168 -495471789 362155809 990011157 -1373078990 110323180 182822089 710186621 142776162 -688810866 403446152 -819997411 -26213188 -1414421896 1182020152 653571771 -1532051000 -629361523 -992052043 -1023582586 -1276971551 1164632750 2032426030 1985656803 -1537579450 
-868037343 2043738432 -1817822322 346942308 -666839619 2059806700 442657076 -1354612004 437385064 454885885 -1355750128 -1580214894 630873288 -221142821 1061615769 -12572490 851780491 784938127 1712249673 -342061177 892398706 1336562261 -865362182 -1682392506 827882815 906541568 -789237433 586830937 605431042 1792206211 2029113140 -380361908 -1672269820 
-2012984047 1746331237 -561348648 -442715794 -1315732403 -227091518 106166979 544317571 1001285914 632017041 2133906497 565047277 1473582479 1435677324 1679311178 1622733455 8756969 -1828841487 -609570278 -2091518047 1362263500 -789447780 -828032150 1365149861 543537820 209142454 1596484209 
-1718545550 -1971131834 -853181076 -1690523442 372074654 1187733135 -563569822 -1826991338 -475809799 610168280 1551946467 123453925 139677024 338311216 -1719212383 547652664 -1048118827 1029634821 128100484 -374313920 1522506741 -163994630 592772954 -1301676969 -936073580 824224831 1149238012 -1227396929 -813807832 945310626 -1812550147 -1012768985 1759197052 255955199 118270973 -2081041538 330835558 -1050044602 -400185982 
1437295607 -247111210 1944391253 -472138590 561989074 -1555854609 2127460565 -347927297 -1182227522 -1426196029 -646256066 777017784 -1598340791 -2014422168 240927284 -2101412225 386077310 1174067087 -238173238 1429915488 -1763967261 -471062576 -747483128 
-1320109392 526058147 -891789239 -1835449692 -2114324633 951550417 -99499119 1167193506 1035535936 1706936621 133193540 1210811117 662507066 -92888820 1372145719 -249989496 -435643171 737261848 -875248713 -1361919195 -1078079269 -1228246880 -1478017269 
1426392820 1839548755 233446506 1190808787 1243191469 1871617640 -2122638888 -1731468465 -2099850144 -1584968532 -617275941 -1650788300 -1357657874 -1445632815 828480571 1400532114 671686464 -1553422396 427159813 169613533 

2101206220 881744929 1579065914 814722530 1923843108 1776368816 526196206 -276779451 -810496393 590330153 102802069 -1153239620 353248489 1755905400 1943031664 -491600596 -2035491449 1934154270 1372226142 -1780841158 -2036595075 -1048947041 
557120651 11386043 129788684 -109662777 -254933807 -1505895766 -2109252001 860826502 -116486340 -556592407 -655235535 906446774 1594525431 579856033 -1389810231 988930400 1482867584 32798051 -905859987 2045201953 -159157525 1761270852 1110865996 
2099042959 -644464659 266075614 876286503 2108815616 339704276 152572127 -1708310879 -1616753083 -2068652382 -564269611 950125823 771690323 -1105026185 144547662 1763353805 743847088 2068481361 440190388 -911643659 -112752271 672526734 943423088 
-1793257511 -172692351 -781741654 2137672658 -1135184444 1560039322 789423134 1624444937 -1673294580 -1166036503 1094564613 -2089844155 314886837 -928550645 1623242569 745667338 -1716717577 1925834049 -1416841366 -502975856 811062535 791896063 1864596286 -239411468 474512751 

-969927636 -488173778 -1289259881 -1374410856 -944705331 -17352555 -207212691 735703400 -1472992225 340729323 -1859260349 333879100 -1875432148 -1727999784 985952648 186872714 -50988178 1004265708 -592246716 -774284317 515233896 632844416 -395527507 -2141798030 1976050235 2019046064 1532217597 1920597376 752228232 -1014729016 -947874384 -1355799650 -1974339539 -1123178842 1167229506 636586785 356607263 -137288145 -374354232 
-631450907 -1874732661 1429057996 1466334642 1938943131 703252834 865586664 1399225762 -1274082078 2026118175 -393538655 -1639837011 366540978 1681056921 1680247850 332276264 1071740463 -1472563782 898949202 -1902493296 -1020460789 1895900393 -784627743 
-1450358365 -1435733989 -1309808145 -2134506879 1647853760 -338484363 -2077440396 -641403788 1076789548 -449920649 2125794133 -839222059 -538935452 1138928303 -1345403205 953692281 626612377 1202432150 -1966591836 1415372986 1947738912 1177999597 
-1252575043 1555184009 -800648512 -253697817 1950253017 1105066973 -233591287 -1147066876 1736448684 30584949 -115514891 645261894 149735363 -815254988 1796725229 -1210172885 -1116266393 -1266387876 -1994875171 2034693086 1604390986 -616472961 1238894051 1812956733 -1462162872 
325376496 -1615854325 153974652 1307857324 -1152631346 1184543854 -1531251860 -1722236466 -1380165212 -2078424304 -601349821 -1188274968 -1122205317 -667974676 -946609391 1512715101 549058669 502585721 -549150608 -706200159 -703692871 2097122589 -1416752992 -1634819498 
-1495008360 2058262153 -773011985 1737550054 1507127746 -1765637858 -1275237691 605599573 -1521517698 -111539701 242813071 1976060755 707739979 -1700584264 767837944 -897294627 -495896399 -254309097 -584362658 -1152361127 -1229372300 115067938 198329951 1648106844 -90611266 139030231 -1057855449 1193589433 1342660041 -434737376 -965361512 1004892062 1449944216 
77930977 -140923495 1707138486 -981420769 -1474756664 1329712098 -1265719946 1609229826 -2121410342 960876726 -305411476 27877757 -1098328505 -1047883977 324533391 -220548533 -421331088 -1654533451 2024090551 1557054549 -1144069081 -1246063037 246554059 228783962 -273904232 1834789223 -460606456 -1438147704 -1452893063 -469609920 
948684089 -1746074554 1112487698 -1747236227 -1151830997 -1732593150 -366886472 287601191 1644742730 -1399008442 -315463953 1765787367 -1106750483 -635615096 1143676893 375425756 -1063472208 888284862 373413623 682100851 -494018777 -1403301483 -1647203911 868127224 1067589652 -890982307 -822784025 986083515 -2035991488 -941859925 -1889065789 -1036212495 -221643778 -921847963 -909645014 
1983215923 2007278099 1834357733 733657542 -912160541 251372476 649076814 -1589023719 1730774083 -1266469996 1218376151 1207648181 -201990521 679522205 1051881366 2083720956 
1520540161 2089797336 577964847 453605796 -689609923 -1231707552 -392513369 489327800 729443141 1385321985 -413341556 1132856674 -1853126684 96112162 1524685301 -669215645 -167502123 424786191 1580492613 589507578 1265349938 -748933584 640066532 2052677123 150883342 1404539601 82152476 84307556 
932771193 -961475642 959047275 -304291887 -1524939799 -536050840 -294531806 -1270735550 1565365384 -605836309 1166088848 1131203318 1584198411 990302675 693953772 -21878376 -1921673200 -1612450387 225794400 -629754751 1029520510 1956987547 704128743 533060306 -1695689548 -864423124 

462103126 -1864935062 252969550 -2045741545 -264399362 905962362 561588905 1836329425 613189483 1073123693 -1351818098 -1526977884 623713927 -1254637930 -441517827 957013476 -584715778 1340102842 2027815990 -2042405715 937305135 1055231618 509840679 785561966 
1550360800 -733609475 1894977265 1052258738 -1766417578 1761800862 -968010240 -505863831 1019447733 2056341193 977093425 -1771922364 2105197004 -1018511709 1793644940 197354501 -1924814196 -1955408144 1323004733 799475458 1965454611 -639560086 -874711149 
671833444 1295736207 1704399653 -1996803972 -653302163 -1899839403 196017223 73514040 -541880234 -1669815080 577404314 -1997151475 -1112490021 -1767257035 -906352135 -429134897 -15958558 48412044 -1994940584 451621490 -312035813 -102094495 
1040453226 -1516299746 -2006637434 839536308 254367910 1476078165 -480266181 -608377156 1622753758 -297257089 935392076 1810458890 1769647990 -511584865 1186151374 -448843774 1203521158 182619870 1961702449 1242940452 459155987 1056326268 503084784 -1377667612 -900426349 -924203308 1116688149 -117803337 

-2060998670 424650795 338900076 927204179 -1475552329 1677330038 839315635 451602385 780216848 -921608783 977093454 -614507691 168420132 -595541130 -985855638 1864389544 1815510787 1851833789 -437121049 944511812 -1889257960 -981451048 -256218953 150272002 207586577 -1798911703 -326483075 419046857 
336511247 -1020829659 -1583384537 1542307870 1729448232 914301974 2075550953 379447199 152319262 -1438612126 1146579268 -1587193494 219840413 -847879603 1104476964 -1296135431 -2076901699 1857562271 1243647985 619331034 1361150729 39481990 1795406117 -166173077 607156762 -708907937 
-1799085269 -727594104 328921092 1952333041 906256652 885336730 -2042446851 776450940 -2129164467 188910890 -1942665312 110275181 -1993318015 1952226192 1352724836 686057224 35667033 -378060974 1199088844 435676974 -51083948 352248097 -989917669 1178809689 -537529245 -1128442375 841519520 497499048 
1183786456 -897890822 1701300903 969844160 -1229237337 -502254456 1465207150 -390498732 -888511603 -1492872339 1962016686 204606886 -1018664369 1257483155 -381232900 1674187539 1739399939 -182045203 85723677 -1077649397 -463460685 1269792489 1219246420 574265230 710660693 
-487943760 -807861449 -1222891023 2022399961 -1580353428 12064836 -1382624458 -912010094 -1939464170 1436008866 609047661 -369950154 -1305565048 437613132 1874690633 694890455 -937936267 -1781570087 1435766578 -892087330 -700240701 -1176622810 1521335919 511606265 869533827 1071274882 -898751518 1583675819 809543510 -1124263771 -1491317886 -260622451 1696829557 1764382363 -1704674369 1263300222 
-429932897 -475645564 1160953675 -827046819 -866726976 -1390480712 -586630319 -33923355 -713540586 734959891 -451303930 -1973492103 -844053003 436823065 1893983282 -226099401 -1014239189 
751694234 -818895947 1823864166 -798705597 1982244303 -1251991070 -1226462343 -619530136 -1584123771 504762950 -300335014 -2024431422 916115011 -1981290314 -140743250 -1072068710 -769861406 1323306773 1737470862 -2083965983 -105454444 717265721 1379304960 -528060613 940185205 
-2044125606 -1782505452 914454195 1964230586 1382152534 -97540979 -1189873654 -1919832271 1523745504 -375455684 -538042334 -1890863742 1548469423 1981562326 -1462415906 1898300109 1906185910 808781112 -1805106395 -866337948 77342077 -600821842 -1789572338 -343700450 -1224638055 274484469 1705613934 1258162480 -974615421 -25374746 295917040 
1896970174 -1898618790 977978177 -151879485 1349637472 -988070985 -394255444 -220311171 1790410359 -473848609 -365368220 1032809593 -945932967 -1319679384 -387995058 1024550906 -308595735 -1702260899 -1936217036 -206522784 662104787 -64671603 594020820 460547117 208243543 -1885764229 -409933961 
1338411671 -335420953 1416232335 1353486285 660306483 404255509 -277341981 718012038 -422390747 746605907 1558900454 -505446717 -1719867242 961168872 1828516051 -1414479616 1013115433 -528035787 761264087 951987743 557554743 113056667 -1838223424 -509417929 1730412354 
353277624 1263950335 78252237 103548343 544202099 753668028 1794070461 1564658528 -1446457671 1852197466 524891787 -401602870 1650920206 -1682111202 -2140778571 -267779502 775904158 -1854099535 1950884235 -371008102 -180643418 -1619651781 1121679562 980444682 495725725 -1992574649 -1726549960 1422263028 1574783537 520603384 -1157194396 1250490300 112285207 
-1783354528 -1162102463 -941525206 -1322049452 992005821 964565576 436693775 651959333 737724316 1897155632 -628589381 998468185 -226233923 29789758 2118816228 -1709397010 -2108782777 -668909812 -1372186548 1053672220 -1942796429 -793783182 -1801538263 -1906516491 1073456816 154424077 1311916136 -427767047 -158150807 -612693218 1403657431 
-744533059 267825145 -1357104990 -487455835 842386705 1290081283 1518516301 1463136265 -1143857590 -1141341205 -106471299 -1350236796 1683747707 -1094517833 -1889603270 -1346130910 2076007771 -474811380 -1508348385 -2019438990 1962785314 661740928 2076201972 2074482310 
634999353 1512929989 728085942 -316444505 604623304 -1120544261 729471785 1401411254 -418045022 -1316278206 1516127045 1275727429 -1983259075 1661849501 -1988403303 546914784 1691879936 -2084920052 -351389803 -598722146 
1869687128 1365789696 882967777 -959235345 -87562196 -1798129528 -2114194941 -1993871140 1290613494 -54141395 -1363840537 704772648 505290847 35523649 
-1323729584 -579846187 -2073964764 1533012068 -1929579248 2022321104 1536542966 1326875395 1501701892 1568002720 1459300306 -314990911 119083840 1394207418 1010577268 1205076207 -1671400054 -430879065 436200642 876356575 1580698788 1555566126 
-592553697 1588536462 982823375 -1552699074 1716292260 -1673465746 466052551 -85775976 697151256 1629154886 -604554035 -348864886 1470322189 757801737 338596388 -1850536747 -2093694777 502715092 944747742 -613169154 1954099116 -1015896011 1866061673 1412289673 
33003184 -572818083 -2057570576 -543302933 -2111107412 -171768344 -1254048299 -716992266 -1283969440 1545845901 -562033497 1638603274 1556407749 1083143421 87569852 -501113086 -254127108 1169465671 -1812359742 -941317951 -456898831 -1967206632 623725568 -758119190 
1558182192 549825324 1890607445 -1987696332 947983916 -1731140709 333598146 1783321972 809002467 -416564391 251569951 -1802754300 -1171923886 -1910536764 529009506 -1819536523 965490902 -1964473145 1175056800 2000767740 -698223599 773634838 1254998984 -986805476 1578134033 318804904 -1836569972 -1067638051 457154691 

699484085 -155123514 -1716748205 1990841069 -52823324 520700896 -792368859 -238563352 1729872858 1563951606 911938415 485209190 346384513 -1189052683 -364591101 945662020 -587967075 1690325108 1872664722 1518004227 93577797 -1845034066 -1631029483 251415237 
1261762472 -1135878858 889621043 882918227 2027623274 579984611 -470355730 1639951708 -680910999 -99219996 -1270630831 -1122817299 -1194714155 -342561689 -147720246 560195086 1399617121 -1367642642 -836106280 -1471709287 1936786349 
353208770 -296419055 -1532749732 -1069132494 -121784235 -315563928 1757941493 1721543947 531522044 1237560273 1621299855 1898365331 820901475 153316624 1986532031 1965642606 -173639767 479740684 29871786 209977617 -1485386833 -1477280063 -1219147821 -470956914 -1463975746 1745232913 -239618854 -1949319911 1342286882 -136625803 -128667009 1119937417 354417786 390108996 -2108100152 1147049025 1789900976 -1286370364 11854244 -732171884 1903412061 -1585897340 1225146598 
-161114646 -471764071 1533946182 364777965 505111927 -1911498727 -1211703825 -1335973670 -651243399 805719632 2041153966 -1330914823 -1495263979 645323158 -1928827575 1784361500 -1645738413 -567356904 106580513 -1049014091 -762097169 827981377 907258456 932458193 1823222048 -111466934 -987506620 403318595 
906976403 -1931378775 1489243629 1809868692 -240430187 -1782606285 1697718628 1954178912 -1251069202 -1108270824 -524686044 -1279778692 -1433304110 -1803960983 1998543318 1319054187 1023510023 -1164429220 -1193461951 -519690646 -963682263 -1116751041 -691217062 -1677576487 -344686700 
-520103903 -1728767801 -246413947 363231177 -866904229 -75632418 -1159593595 299552272 1299342597 -823747126 308334382 -1239761078 -217624108 -1123421058 805378469 -2068990231 -1151970733 -1955841734 635389117 1764505214 -1596809431 -2130566085 340644839 1459226295 -29974951 -1571224836 662300624 -1166437428 322184357 1862588569 
-424861299 1061187943 -382597806 -558358247 -460141661 1873729010 1379403123 1068410261 -177071148 -1815435463 745270142 56359637 -1483375627 140574972 -1080585761 1977314864 -1169405215 41324670 1230544525 1353588343 -731889574 
1882856196 1293474487 1445584729 1387721334 -432349935 1073640215 -254654916 -160724451 1742072807 -1008174226 -1124955958 -1238175542 1659183184 8835722 -76644237 1821980268 -1829578288 1139260852 119902121 1792378679 1037410216 -38262464 -626363161 -1311427858 
-1931992016 1193867438 -1631602845 1073084754 -1061648582 1983068631 -1154001668 1022530258 -569136951 51685422 1607091193 100933220 -780093458 730714897 1500738289 359529461 821128080 -168807071 -149523763 1372672447 -786142062 1201991665 -302344172 
-2046822286 -1404157084 -859745773 -1876486800 416728088 -1059139165 566211107 875904121 -920038951 -290937540 -1832380062 -1543885686 1531060214 -1544026460 1851688437 -2051461879 656599286 -1114610963 1225299614 2124736704 533940592 307602923 634285556 
-846391116 -1076119666 534294790 -1717608086 502487547 -1126892720 1985346584 383571232 -1499386045 653142789 1127018822 1473926185 1602116664 -927345296 2125974008 -1404844852 1359910700 
179831973 1072411545 -481347446 283735846 338203762 -477067773 -458631560 1240499866 1526536899 -2006384742 1365995072 1497041682 -1098842964 -1147986706 -565217445 971488850 -960436898 -1829109329 1983192679 511722822 -853305551 1160344484 -1597816222 -1633970340 -197199786 409786672 -2110166755 2133808520 -1392103935 
891450473 3672197 197776832 -1993471895 315439649 -253718257 855212736 -1386265244 1391875206 -1890210904 548908563 -189384407 -2103888020 -274570596 -1426080630 -781055324 1759768598 -1784696510 1461049974 -272268947 -490255805 1003826759 362448373 1321577665 1416126612 
-372571161 -1599492141 -743713215 507520363 -1307523308 -30891489 -1403996866 1372784768 1620897951 1632446999 975765523 -877810227 1868569267 496340240 -1100743458 1945677755 976067453 -1290239539 -715747543 1858213565 1908084443 344573532 -1436686143 -1756990275 
-1733848162 180749146 286733549 -2141706941 444743088 880252996 -1267676919 95951408 -1797330865 1118030629 -621393241 151980728 -755513465 821412875 -653937692 1869761226 -161913955 -895220585 

-526313963 -1404820154 1475196311 -1894126975 445023699 -771514970 -308133879 1012818029 -1335655232 462135978 -551212336 -322585038 -73898642 1720595346 1896024935 -636168909 1783842245 218868101 1578617536 -971540739 -720275444 -1252262914 83615644 -1878203753 
470959868 -111536646 -1222301656 863035555 -1775038658 2074036800 -887823107 -405756817 1951610985 398484032 2002709257 918976492 83005398 643968884 -1427939356 -47694072 915000860 1241986371 476905431 -1826093942 -1017398423 1139164454 1247522059 -320943121 -1167017295 
-349518528 -1891355553 -709484598 911551020 1928800796 1405804096 1705266846 -833638098 -1097091105 -1649861093 729089871 -380506246 99709815 957448115 -73508791 -2043996718 -1880300250 -1044819115 -609220265 834261006 -981452922 1022992476 -1619367658 
-582529245 1829833272 1945435632 -1025594278 -1542277467 -44892684 214074969 571642515 -1834330084 -947266990 -1719498130 -163714446 1681149950 1129231223 -1657076342 -34082183 1417993044 858432022 1571222382 -862986230 2031164850 939175748 1342561047 -1200385245 564982485 

-347036449 -357813397 -458033039 333313647 -718504744 -1629421498 198237354 -1013640475 -1045247378 
61864186 1728287542 698513167 -1103873452 -1408609178 -1258107638 1718132495 -1674894959 1981076213 -1430679333 -713282283 1795922963 538670527 787890195 -1606930756 823905474 -1232111335 -1665924333 -1189172388 -162975336 -1359527851 -568089301 -1419776396 1146180267 -1022707912 -1050359656 -128287977 -874863980 1990355319 791740764 865168972 1082461493 -1881463209 1875798126 2075433629 1959209034 740384731 -206043616 -668232941 -1411361619 -604120926 -272242060 -581361939 1115466652 -1279958424 -662687052 1909081870 -1608249269 
1163576762 2045419647 -1024308419 -1435916137 1393786578 683732932 1010285728 559240596 -616185265 -1274662712 1848575140 -1192932989 627959185 842780869 1093259604 -401498808 985134029 684102585 -50246979 547903702 -630491089 -2042435297 -1015730536 -152254144 1962621271 1711549714 702571776 307803979 308687858 66795785 -174064750 477796642 -1631442884 -519712167 1536625737 904466836 -611653120 275698951 -100742587 1441107453 -354011795 2088061920 2070478099 -707799735 -323716516 -1589657563 96793002 -533369005 -1589233220 -1879754501 1469648379 -1974085726 1008476154 -955373193 -2085428028 -1465409557 
394228031 -1651791760 1335507951 2038451339 2033793658 887313888 1045192200 -1229278128 242904046 1968333513 -1502255535 -1906908506 -1033203176 -634140448 -322940736 483367499 2097584382 1679779532 523096913 -527919842 -1472041750 88789706 -118702820 -159214038 -587327432 773281741 1982782595 -474946123 831538905 -1406110211 -131596035 -31621889 -2052339105 39594659 -502540345 -608174910 478280143 1784474449 465215769 1288024092 2070782237 1229579909 85808486 
