1194976919 996681943 -1821641652 339481250 819666714 1923214251 -682963644 -365219640 -822596780 1232439808 
-1231235608 -1101072776 476859717 -1259864502 -1367886505 -1494457081 -1659440083 397057718 -140158737 1918009611 1206298271 
-908919554 -1974354616 -1248141936 -1695361759 1531674104 870895186 -2143818173 -9432225 -274819209 -1393882404 1484832364 1082471793 1064887118 1783318018 738954984 1169545290 -212045550 -1152731972 419630651 -1828963743 -574514829 117259242 
-37913392 1291928855 -1349974512 619231137 -1299395580 -496071015 -764734035 -1479581652 -1691089873 -1286280248 1077991327 -504895334 -1041929093 -2141930961 903077215 -1547132754 426391758 1809658424 714638486 -2073624233 -2024535431 1941107096 1318164622 2113435894 



1713157168 2134711209 584651215 176338397 -1037960706 589029726 1647088132 -1329605098 1739984408 -1283313927 329461321 937647045 743321967 133685672 614114845 -334892494 -1251091868 -1144448158 -2042984953 2129662900 1703135383 -1044785768 1759238749 -164633776 
1439398656 -958571456 -1837357906 -1426011506 749061237 1256952447 -547694161 -595593533 -973153051 593317036 188813154 -1909858264 -1618904953 -1522751779 -520988040 94625154 -1463712012 925721757 -1305505897 -293928330 -663055874 217861418 2142943160 90102320 -542009790 
927207800 -599972038 -808756256 -1438532243 -1482052736 1493206959 -966881953 2119757736 -468153695 375571568 7147154 1776839741 -1400655755 -301508803 -1139315476 -95279589 238959110 138799437 -2141060493 -1344012928 960676528 -1686537113 
1407738520 943587280 -839438091 148387157 -202630589 -1194230661 1617312958 -1582843715 -906085494 -1720031252 667366712 -1758512239 -745372145 -1760762258 -2118145227 301620115 -609136394 -87164564 1330767092 806850961 1962308452 -1234367193 -1457112974 -533343333 -1906842333 

-1468438189 -653438959 -953962330 1494309867 1270281672 -2105851852 -931849097 1724279318 -1470050341 -225190306 -2143684767 1706435703 697954325 1835756598 888892443 -84376986 1597982315 681462535 618840519 -781197342 491196038 1586817914 -784356127 -1130633444 -2112457938 1492208159 
920234536 -1843934585 1693793557 -2030162618 30627277 947372201 2035045428 768037188 1872937364 264029134 182775812 772131962 185008659 -873811908 -685201386 -410938591 -215573692 -1229612516 -273377813 -986265684 1248755898 
-17267187 1201994598 1219075168 2039939219 -990294553 387446105 11150277 -1985590053 1185061641 1807768358 797818785 991824557 1477833798 1514470159 -1444885168 452784449 -259737305 1724464263 -939360886 1981405383 1382135150 -72913912 -163662776 585219922 1575997517 -2142277669 1192397081 -18422485 658389522 -1213374641 
1704090268 725281542 -2114106855 565189564 -777530619 1719317112 -7713517 -692103090 -1873682971 -536491779 -883634323 -1569851201 -2039017291 -346976098 -258355200 1958015173 -663254130 -1629361311 1067308161 -892905676 -1564969933 -1771035990 827336501 -1437012893 -1557588749 1433029286 
-1814548704 -1338227356 1618403155 -1669574670 1379188342 -2050097454 -1668180661 75350128 2048154509 -1812536560 2088773739 1496183160 2124279574 -957936799 -1969607893 551114308 843480618 -1220027870 1228945237 26931975 -1236633727 616837266 1584013762 -207248761 -1456646038 -1364686166 -753901559 2015308686 -1073434445 2051473273 -2015842483 
265975528 361234700 -1745510825 -507078726 -2099033236 1328080027 -1758494874 154853286 -342279156 286486050 -1126992589 -1836304102 71580764 1999164623 -1678454762 1832324003 -1360942168 -1609916773 -1771122124 -599204925 -1164120589 291959875 -1230349033 -1953993231 1396809875 1998788095 -603218469 -1876367091 2067063844 721588392 -813420865 -52690346 1113756912 
356480078 1108551782 1326168399 -766164316 -378562737 869043865 959574218 -1147755383 -212689723 -745174953 2078413528 1892052296 -1779223925 -1772319561 -1620310238 1791445530 573367034 1550712725 1783091932 -717754575 -1453299079 -857109647 267676075 -983068174 724430572 780003081 -404613610 777359524 -1028815206 -1984296102 1470516596 -196364623 -300656501 
-1464865922 -968078255 -2004191809 1815920829 -242006407 1667353787 1267238619 -2090448252 1253363822 983451429 -122371203 1962073986 1441922982 402021291 -1816375883 -533989975 -861100717 -1093348251 -1689485405 1802777684 -1948225671 -1253281048 -1302116439 351682877 -1506954514 -1599643883 -306315172 
2065945004 1341865659 -554086364 -1860603081 -2022935187 -1403249551 -1869335130 1039921025 -2084731294 -394835317 -1079607020 2112648154 1926843032 -217930436 1395507044 -1433864106 -979033379 -1103428419 1073159884 -1591843826 1366498403 -387947977 770863320 1937562015 -431649180 -161731331 -187366774 -1896044913 -1923628511 -1147403303 -935742821 725957472 1628991881 764758518 1011860358 1856777910 -42511580 1812932626 -45230 
-1406813150 -1288573298 1468260214 -76061994 -1458747572 1072082202 -1612965399 -1583880110 -1783096697 -1335293480 1807842926 -1831014511 -1793527996 -128671325 696201622 144201907 2079280760 2054676554 -81106464 -358434507 559532078 1453029137 1951307385 
1870238854 -547435827 -2085826030 -1908744 -364453746 207799590 245916871 2115627881 449019064 2093531725 -536401010 988647634 1267794927 -664480732 406049919 -866377870 -1681344455 -2144040376 -388429243 979717203 2068722950 1212607530 570660472 
-684644653 507321404 -1374689447 -532103434 -1280613600 633638344 -555681643 -1582198226 -1199445078 321962082 -1558409155 -750053480 891133076 537441334 -1958949310 -835662108 -1978112314 -1824881534 -500377037 1911657120 

1394915155 -1700847822 1727935785 -1601536722 -1047701870 -2133162070 -2064632793 -148551477 1554929108 -317518420 777323976 730715794 88252542 -882889802 189965738 -2111202188 1399050110 -714244209 -484796971 946591890 1775984119 836543753 
-214900761 1971311547 1546656511 -1179264356 -553875781 460955753 -1008479389 -1930682777 2019735197 -2012842917 484896537 1424397682 1926731075 563263224 -1113838730 -178257883 459160340 913143444 -2078379494 1006581921 329485731 -875162245 -1391040900 
353638257 1391813453 744106183 1217322849 -752953338 -7140904 1287075936 -1155864603 -1904741984 468730465 232016214 92806250 -1647324811 944292343 1587398141 -947593966 -1365771123 -276442228 -1026147289 978418755 1357880391 -1455143948 -1718819553 
-1677143361 -1934720203 133515516 135971038 -1702646825 -1344515701 1407736432 -494022083 1788302151 1367881667 -1061028702 -1853742934 229660041 164771078 1690113186 1825965917 1221417755 -1606095319 1314121786 2074624586 1961376416 530754772 667880989 165928459 1445280937 

20959156 -16858041 596012344 -856483021 1429174798 -330379360 856408712 2128167067 -1087914537 -1246668380 -1137043099 -1941313829 1431535574 164698216 1278182309 1504357958 -577574551 1422920072 608916749 740715982 -1172103008 1674802206 479844570 1929273797 -1349044194 1576748417 -1928584682 -1539686827 -558943671 -94011254 1614316623 1946295524 472981083 566547529 2146149603 1088297875 -1162685973 1360707429 -1599183413 
-120900268 -847002149 2023087026 -1361715398 -1546842591 -1948804525 -1213923891 989349955 -1801331950 1597739079 608642239 -973370805 -272892708 460956770 -910484445 -1818381160 2011843001 530448307 -1473375384 647685967 392217337 -1558908289 -835915268 
11010107 1734201293 504333229 -1683995900 195264401 146422350 -1396223228 -146353560 -572906367 948310106 286996818 959418255 441453878 -173333269 -795911621 -387527537 -1797115183 -743659381 356806934 857780763 -904998839 1262107483 
-634144195 1390745833 545250607 -810535988 1697498868 -1545687512 1616119107 17406202 -1224990253 -525157798 -1227317408 410119865 -220298187 1198276668 1982776083 -891892925 -2052720138 961480260 -730551333 -1261620138 959526592 152478642 515650552 1578506836 1178536843 
1291258538 -694285741 -1387586133 -1279999003 1458183414 -825151625 1845167842 -221262864 -1204767722 -1323569689 1224999794 713728927 -1700026916 393583383 947878330 1023387809 -1777140887 277104432 1382116367 1728809255 -1369910559 504057105 2134679282 -937628725 
-1242671630 1738412467 -642673590 -180540823 544257223 2117700763 -1893332946 2050141679 -894047869 -74607477 -138452926 1298316542 -1568241638 -352800942 -1971673932 1779846005 -724748793 -3877662 1725979223 540151953 182579975 1968597983 -2139348327 60237389 -1189451981 938661475 1697277633 -2022174896 -399711582 -657592602 -20972283 909739868 -1300176441 
1667937596 918810788 -1942675272 -999120735 -1907574733 -1339367597 -433591505 220537797 -356697781 -880797690 -897747753 -621728592 -1338015669 1307176019 1648621435 1696343159 -444669728 2134418917 -89849529 847188634 -348146006 -1627758439 1434511608 1952989538 -1821112880 -1466417129 -830251275 -997702968 -801332671 -2095923314 
-2064493083 1449527619 -778226715 -1371083233 -522749264 -1763518179 -566614027 234794584 -1355265614 151659371 -388081415 -1498804507 1813447652 1962866678 -2097284467 -2000667681 221493116 -560783710 1362736682 447419994 489806028 1127401685 591872695 -972552841 1194064596 -2070898096 -1445378598 1614135614 -1642804624 -1121603727 -194475612 -1747562871 751902077 1063403652 861970872 
627097787 1660230090 -828697344 308255900 1549239357 566421407 -74450491 -1891557339 829574331 -592542187 -1675571534 -960206313 -2008189329 -74933379 -526519114 1678388943 
355636181 1908305682 -1084142110 1714000540 -845689457 19014712 591271458 -873468692 -2143369094 -2035962889 823963484 -2100838735 -55738803 -677587794 -285137601 537024354 894276528 1840991127 -653628827 1955504091 135884711 1784053838 1642682550 -942762855 597173952 1304030285 -1037726495 1609908970 
-1588860243 1222117511 -1098873487 845454538 -2562405 -309198020 -2145050950 -165435868 -1101821191 -2022586929 726917183 50013888 -745368859 -615829496 1763951440 575631270 -129060448 -352081390 -1862832860 -928254377 1569796875 -1828857513 -457739855 -1184485400 447249697 194756433 

1777505308 1308783986 -891866944 573583068 939251069 173996148 1802670807 617840875 -1573327683 -1437168267 1130918830 1126133210 -464437625 -556988462 762195570 2115500344 -166725406 -1003624133 44408419 314607245 -455978982 344843949 -1667901244 -1337652548 
-1702562758 -518159954 925451943 1400963423 -725483307 2058157315 775608241 -1858156335 1540597686 887450861 -1302767279 -1508691897 1333015209 81142178 772198859 963823093 -933146531 515960256 -2078373507 1087295817 -1468856145 -1175331031 -378177338 
1785375327 1898767307 -383447174 -76306511 1970326712 1893901201 -71007864 2073453577 -1730447095 -1026113318 1835490354 683612659 -1002213836 493188880 -424989351 -215317778 -2515038 2091000423 -234426048 -349651303 1392103704 -2046610537 
-1848677561 -43085477 1847437700 1427247595 -141430663 -966972156 1556603716 -405519739 -378736900 2015645796 -243112194 -301738672 1835084559 980529100 -1736368683 -2039228334 -1241399513 1303197618 539412092 -731312487 -190572137 467263672 -1597490285 159021469 612664743 -968377232 -2116166598 -368876537 

1836541382 1973531603 563733008 948118884 -856058115 163727921 -2015990747 1103343003 117392953 -732097331 -306466055 -964883955 -972979326 -449534906 -1817947382 699307434 1891682276 1954545620 635075925 1934362499 -851764928 143837101 -904535074 -680979440 -1733115368 -1290763647 1247874910 -386325965 
-309170425 -668298430 -780214704 -288475016 -1765685008 1273295835 1750214721 1609972753 1440179310 -1637945486 644044140 -466569430 62897381 1692389316 -1867586161 1144384350 1127582887 1647397342 1689024562 237608499 -17162369 568072251 1899228289 -887484248 -60348232 -412284429 
-1093593743 353848483 -1829721975 -2126795876 880274457 -1468339720 -608320871 1703230304 -543445475 1353530297 -18467638 -1924567848 -961258072 -683103900 1331280815 1383590445 -1636239438 -1908936401 -1471837682 -2099136833 1002660834 -1198929145 -2010419062 927478279 1098349229 -1401548625 471159199 1779622995 
1511808702 -1581785456 1234677090 -471759773 -2090622345 1948861063 -1779206957 -1045967048 1037650337 1371319137 -321316864 -2139757404 933825912 381718988 -145534904 1255032314 -1643174201 -1441632667 880387267 -358002033 820249750 -960605955 -151497824 -1236547544 2114107944 
2009597354 -42184261 -2061742060 38581151 -272911366 -1780063503 -252549927 -83578530 241965054 890456142 539440218 1332102861 -1372863344 -1807544627 289871157 1996369020 -182406071 -1157986984 -354898032 -1600425871 1228936393 -1243557281 1955394980 -1762124907 -329682848 30545337 1804183198 515076481 -1685005468 594472803 1839591603 1814546999 554054570 1343341213 1469552966 709374500 
-1989484205 445057276 75230017 -1521890471 2016170968 2104488348 -1038577569 2141760175 -572220505 1813237219 -1461486292 -715790320 2083560717 -371872465 -2120623154 2060519501 706554653 
-37147446 1747662518 -1277827244 -1689023524 876231677 -583279392 442659957 -1941520197 -1599498907 684245325 -1167523802 354585894 -385874208 -1984104234 -1815825016 -1772180257 332458805 -1412030866 -1438747859 719266406 -122914064 -1085951478 -1512314386 -424356581 -134199156 
-1739539651 1401972583 -450925225 1226162846 -1190682537 1526445949 1722087794 -844920096 -1605564923 1885992879 120090607 476004889 1073840862 -1778231657 -1910290369 -733232983 -460350341 -2092812950 -1765444849 1516229964 -92640578 -1715094141 2097064663 -942180540 389995747 1899326124 -1247941041 38467190 436609447 -1254347784 888835757 
79922487 -2103548252 -18357758 1733007614 733460139 -1440462998 1644883985 -1037941898 -1839323346 84324294 1851448534 1169401309 123634824 835496842 1852090274 -1460144048 -287936807 1200263944 993958042 325308779 1093175552 -1837433259 1046569108 -2074000580 1046605761 -251839835 1519087075 
-1846087745 -26581818 260763345 -868558616 1467160212 -1410156188 1531555679 1902854025 12647595 1952699932 821556134 -770303522 -1182833526 1597493871 1565434285 784200556 776384316 -1134607249 -992876301 1933915570 -1392087180 1759621319 263235470 1371733704 356577536 
470429007 -1694980616 -836067746 -1536335532 1801805385 257146277 -273604962 -1808837294 1910564944 -1225744518 455643223 -241379994 -1816687634 -1536190230 960992616 -323309042 -691526648 -1679622047 1615207160 -1612162749 -1430627418 1634712415 1486992910 1584065917 -819134319 119165227 1282662886 -2115874333 -1521013614 1091658583 -19427871 1584425531 -1756944170 
-443652599 -2137330806 251438556 511621727 124906274 -533392414 -1534775634 794154761 -1856938781 1742676638 -2028383509 -1819675151 -1375796360 -1391290911 -2094697463 -839764207 1810872478 -1010848140 -1267934539 280254749 -293928837 211250522 -945578969 1204895627 -1156220385 1006561568 -1907124074 950773703 -1786293123 -1108221658 -1395106636 
-846290060 1158304858 -1786994402 -235065163 929876137 560387861 1271787490 1097956635 425417531 -1965641305 -1368681608 -1609606735 1038754725 1441428023 -1391170087 18948351 -945215697 -1507567311 26027786 -1331547458 -1724697825 -625357100 -985832020 1177545661 
523078883 -1054110027 1029483808 -1187493618 1427721181 -1385589212 -172020568 -1489820817 -36287627 -683706250 1867825097 -225181355 -1618338068 756193066 -647747470 1256852864 -108464518 -322185951 1589124651 -963856124 
-820329100 -916831969 -778985573 -1165805802 80194346 903169907 -175595558 1346720519 75312155 -350247376 1154013851 -1060314055 278240465 -1303439035 
26587116 -2090431526 -606491994 -2126631925 1290658503 1930535967 909403197 -1613238418 718067901 -515992546 -2008608785 -1206339796 454839374 -1767662354 -325778626 -1062251996 -1221187817 -588746842 14332392 -958495751 -2045430066 878207238 
-1365896273 -537478350 -1740251236 1373426631 -1676983572 1773956177 261099077 1366780073 1080633882 730810980 1215214290 -1165055461 -1822451398 -1804877220 737677725 1943863483 1941549282 -198788371 857568318 653590783 1856234192 617735216 -1084181266 -850146252 
-479254683 608524855 -1131917811 1294242992 1126119467 -509536265 -1850038072 -1469653809 -1591458297 1198469041 -2114165409 1885005949 142832043 -584172480 -208396368 -147954413 934155727 1252644870 378719421 1159536880 43074921 1760290965 -336777352 -1294406365 
-1219775424 939136345 1400343360 1800153666 1672131936 574498505 250332133 284370256 -1185291133 245998495 1311534790 -1856997613 -640813255 1167564767 -1938294997 1907371424 1789109180 -2107055661 712072024 -708872316 -1397593385 1628664126 487270161 1354004367 -1263913212 -610474610 1220348487 -2028175108 1895962819 

-1275275127 842797986 1881497057 -1887545847 1802304397 -982581521 -208178099 434719308 83278896 936500200 -335607761 1594161891 107041081 -668627677 -1796573164 1601617541 2092266568 -1050184105 -504151947 -4112035 -1062976610 1709292853 -2034633158 92649535 
528270644 938094896 -531482360 -797078643 -1220993130 65203174 -535326921 -1943208563 -741106728 -109235048 1556131751 -1754387244 163163983 -1134279558 990571303 938179450 -2128598854 -443857097 163305438 -1700318638 1215111006 
564520229 1866607611 755881571 -1256339949 -32375572 3044196 -1526744589 -2100708886 -1628697303 1196135202 -1895450492 1801388848 510613091 1486371670 -105105497 -759972938 -2107772438 -1040510827 833487027 105774196 -952349585 -41308495 1788503076 -1190446016 -303132690 1138581437 1874116478 1163676867 -1510067190 930523026 -585601568 -530891318 -1195842046 -153468870 648400426 139821501 -826747107 -1339980500 -1928253066 -491017903 1299881533 2020154467 -1370509278 
-66752052 -1800703263 1914755662 1141393140 -2143781900 -1105856698 -520609115 -562249796 -526091362 -1899845165 -1220443221 -1916883303 1263524788 -1757036572 560597542 -616923434 -155444747 -1685529354 784832199 -1410630900 827944502 2062364747 -1379233381 1831438649 1131764157 -1482704128 -1026585326 -1406044118 
1827178014 716011272 1855780353 546282586 -914129910 -1861447994 -900574344 -1934885394 1618713187 2007688615 -60428871 1126555752 -2011399379 -1058992901 59625194 -861055368 -1878345044 2142009533 995299210 501081114 229768241 -66360146 -1462527790 545814704 1883695464 
-1157715046 -2027808861 1964394211 -1336162467 2069296577 1879114580 1082122022 178042556 -1580972226 -1045872663 1861898894 170313917 -1847104758 1260443729 -197945240 -2058623971 446627631 -1063016741 2097523739 733615364 146378770 1325033709 -1926674941 1998985142 2010781655 -912065100 -890896686 335772785 -588122947 982424873 
-62489494 -1899594727 -2088738830 88661420 37061383 1608444670 1040517360 -1194991748 -1889974169 2102700716 -33001284 355048406 -406347980 -790008346 -2147355030 -1680835699 755472063 1160023899 -25124677 1106952986 1954643243 
1056049944 898229304 -276950 -1765806752 80021511 -698056355 166667357 -1862686736 -1011125401 -868317214 2046646001 -779772430 391143632 1988525246 828519342 -2007551560 1962860144 -709806757 855069223 1471298361 -351341328 -709418272 -634031963 -1674843820 
-857505031 -1642271467 448212778 520505480 1069508169 -2062257573 -1870601326 -532534266 -178515319 -780855511 653299473 -811381251 -1776948951 1898612648 -1384550926 -1432779958 -2028204071 -1231873923 -327719403 -1043783082 2051306114 -900692523 -340884891 
1896580577 -250128983 -141759353 -1111872162 2037437464 -73534249 837495892 -1979596527 -481126046 -1447186922 92144316 -536952854 1612600991 329695086 -1786826421 -453396340 1835912006 2137295291 -447895073 1461969393 1854150136 -148641779 -1816297487 
5399830 328871546 -644830953 -1707361149 1038704115 1355902318 1274807778 -487385487 351095843 -966985816 -2129540661 1916681254 -1627366520 1371973608 117063182 -209254447 -645714953 
-497556398 -1860002125 796522248 1231480415 31999213 1153917983 -193991691 -424076011 -1931356058 -2013359714 1767877750 684674015 560686404 -911649223 1925946581 1232812564 60680447 161475668 -2026358063 1092000784 -860503412 -203696384 151133620 280969028 -1031118278 -879258883 1697226033 -1978963171 1284176881 
-728477881 -182522724 1712321832 -1723679713 1295081241 201218216 -1895347268 876659392 -738021797 -112602872 -1970994274 1701648504 1935022455 -482707086 -467880748 -1449851348 -1126080399 -1668701105 -469246717 764341315 -606225951 1816562159 953910644 -889276240 1281771515 
-1120234561 554180799 -993979123 -1069305268 -457444057 250491771 714381591 1806086082 1776470343 1526855767 -184616214 -1947254463 622582907 -518950482 1021488492 130056006 542004981 175612851 1795796243 -561918914 -1334113130 -718775984 1816745642 375025146 
-434297370 -1858031353 1142499566 -1898097312 820802185 -361808854 985652555 -1270005945 690803800 441514704 718697502 1742015911 -1951095542 -217125814 2098456646 1955062583 -108509014 -1873223654 

1716996098 -1011230392 1334834758 -1902986532 1140898785 -444521505 -104398138 1994469946 454486164 -533389876 2123738396 -922550848 2025274233 197639812 1443255748 -2084248879 1126466292 -1071441431 -1669221841 -123345558 -1951285535 277090012 753291020 -248913766 
-1878890700 -1251992449 2037350082 -223791404 -705896230 -1426288129 422888852 -1571041521 2112827564 951646472 1750019951 -1254720263 1977610972 -596670080 -164641009 1613376403 1569958886 -1972224118 1872766865 867413278 -2100414267 1842586844 -1953880745 -1548996028 -28401927 
-1307129108 -1975906304 137524390 1783373717 1062313205 -1986289573 -1601437096 -258403027 -662616481 1026474905 1800410385 756092495 -511100411 560409350 -2110024015 222097908 -1554989498 -1626409108 -100149968 -110017896 552803409 -1889498810 431297949 
190317706 758918914 1813759604 2134495605 1394108500 603026783 589050181 -1951855758 1952770679 1928686078 -366003767 753453356 -1864383172 2086818349 -1454194425 -381954995 851770910 -1869699161 778385499 1869610085 -86405662 365201835 -1595779553 -4934695 1283702310 

-141328730 -842025328 -885793484 1005308558 960606361 1320655722 364945788 424628602 -632772647 
566180959 59726017 731148457 -114322500 -1748441440 -1087734292 1742654682 1690511926 258655731 536851143 766544360 903488105 -2087929540 1781189031 -1807681507 13243282 -1308620070 -1026511406 -2023686048 363400803 1821812548 -877572270 -2050129295 -843850937 1567015463 -1429502075 291944298 988924034 809722714 -632705596 -390964852 -1447938498 792766934 665486402 -1584425984 973691397 564084128 -1719787077 -1135129680 -1505912757 -890220703 -1085088476 1578068882 -765036104 519032848 -1848009350 2098343563 -2053946392 
-323954599 1075275345 -287455004 904357735 -326352267 1944788218 -991618141 -344537545 923304101 42316327 712190242 965497767 -487816565 250421469 1010906381 1068110050 -48254564 729800829 1820300886 -1556533750 286978584 1978819287 419918638 -590513797 -741909965 1436859176 1047817518 -397390783 804359791 -390462515 927080116 177837784 1647820779 659073579 1526448074 -1724365511 634197444 -678591033 206579200 1856328268 1121068358 8462874 1589021523 1713289294 1704974009 600453879 1383941157 321540193 -1016107831 453285181 -1445142695 562719302 663650695 -1862779499 1346375247 -545728387 
-66752363 736156786 261662643 1703805688 1417710336 881918039 194547455 1645098421 28132787 -716535528 -248103266 -2001845946 21923848 -1797808292 -1891038989 410978093 -212608491 -49905720 1283735238 1607270562 -2122818749 291774897 -1528612631 -173554066 1017137396 1781525350 368864085 -492072912 1821185019 574960125 199472668 -1026229706 -1294466805 -480413510 -258983533 685094261 1823393427 -187127482 1129687198 483789277 516709931 1684428732 -164473941 
