1774354270 1543392721 -1486241745 -1137251500 1165997990 536909840 -2022363816 -1954052089 1557615805 15122041 
5831390 -492455618 114487303 1300983148 1814043194 -766630362 -1107041476 -1582432170 1527076024 -1152809098 1923230859 
1143491382 -256928183 -328942252 609985103 530203198 -2139007287 -767828995 -724716811 557156973 -1450567435 1532170450 1614366477 -329430520 543161268 226349330 1923764319 -1319089556 521300705 -1639959178 -775339090 1441188217 684110833 
-1394414149 1344115348 -955871445 849461624 614889971 -1964060688 1267376959 229270376 1444330067 -1184263663 -1860278363 143259736 -1438951424 1333576913 1290625334 -1950270365 -8430713 -1706947935 -130798022 38377401 -118710857 738025130 258513619 -1158462755 



1660807975 1678027547 1733399481 -816098961 135602116 1753337872 -1965457125 861129217 -3138340 -433138546 -1897914003 1045168927 1917531509 305426862 -1962183395 -1628587561 -1726748402 90863502 -1613206833 1124051356 1164624898 866591989 -1758426979 1374449367 
-1934598688 -1362322142 902861517 -1705977258 1119650182 420997885 -48591559 1777056992 1420046882 -1105279489 -1497643981 -1905019600 -1084406871 -1423563992 304438979 -2072478872 50189521 -816972032 -1217616341 -1564045511 2001104229 -5126300 1208360355 1410086060 -1896008398 
475599378 -1003674965 1492833452 -811980252 -1109464586 -2014326108 973938293 1478671024 -1705496370 1157431799 -725658582 924150959 -680003232 1656791406 -1818394795 1512864465 -2122867977 894014813 -564750964 -1916220305 1730663149 153651102 
-1773966167 725872780 1291845362 1328578973 -1480408791 -1082406582 944136974 -1426287889 1890820005 64922373 163960894 983552955 -1015949688 106632042 -1708026773 -785900152 -481761578 -1106055460 2056936773 -924537750 -292358345 -1647012715 -1502843815 -2115121685 -1426942695 

-261910542 865562684 360402940 -1400883489 130215395 234800279 -2090138943 -391925944 105107391 1315002827 -315474479 870697898 1749727189 -674307078 -594595919 646757163 2127966591 -1028182909 754073693 -644789764 -418706177 921690942 -923206685 -1146430361 1218941575 -1074983816 
-507656428 -133007729 1988360085 -987894624 -1335090313 359993244 -2023161400 -1658222597 -742867020 1318586531 -590080879 -85779382 1456512181 -558705373 -286651044 394272838 -833864735 -189629118 1529882021 -1273062373 1710117649 
298147803 1154855174 -1639737122 1740031761 1273367594 -608847032 -320341674 -1504257161 -1007841908 -1997281607 1596516507 1117489169 -885571490 528226265 -1475808544 -1188098717 -564606386 -1175359154 -1659497518 -1000131343 471515827 17023575 495414652 -389363941 150921018 720422322 -1649014816 58659528 -1015853740 -2123843957 
-453399881 -1303588053 -1030087111 -463150473 590069784 1088559648 2089225006 16192059 -861973096 -21176644 4517498 -1728489661 -125883974 -1740616138 2132245598 -1241109006 1937238229 -1639636739 -1232745716 1300774584 -1868787047 -1293449269 621033667 792376965 -1982689512 2089471012 
1557417573 -245278674 419572020 826491432 -953912656 1888665429 -787534446 827439885 -740251684 -899457400 -1435217005 794670893 876582025 81592997 -1869831930 81718608 371749341 -961951461 1934855092 -1058059225 -665849431 796789113 989655938 1003120163 -1046355864 2077342202 -798131651 -2117074729 -2055636113 1151642870 1822011517 
-2110536390 -662174592 -636044677 1248031151 1608211628 -748816457 273684096 1072880703 -1702208114 244420640 1607116623 1459623779 -1818668814 884539037 516536069 877794480 140227813 -1759706273 -404121470 -1894356505 1430178224 913189483 -1418445918 -2048125065 1272574339 -1340415958 80550735 -1027319772 1003918323 -697117305 -183330761 -447064051 1728868859 
348216127 910108375 -147702839 1554374020 -2076352698 -1192731250 -250124162 -774097730 441611348 812653464 -500574296 824009037 665119479 -1605013582 -1325987786 -1234263464 2021588499 -678332872 -383863010 32121888 2119854746 2127548691 -1730866975 1266699291 -1506766505 -1978237276 42063640 368480638 996519856 1482469166 1156869696 1722906309 1120155362 
-773968824 427458505 745492576 -1756364651 1256896450 935878859 -319345348 989839265 -1698227105 -1117878293 -652425531 1793538005 -1624205823 1579308770 -1683881525 944514506 -1687132614 -142350667 849585750 -2118018370 2012257372 66953307 -1062396276 1878960594 -1289167482 457543944 -495000393 
-1930511087 -792458928 828638199 -582543166 398118812 -1638998774 1163246611 247750781 24968868 -1076888575 472122685 -641250487 -1690900931 -2002599302 146220278 -972631155 968872568 939899810 2018770713 1719713600 787330125 -1286741712 2029524864 -1914263665 1669293791 -607060111 -153403688 1629839758 -2105091009 -1700787952 1518889016 1965287493 544988052 -900390548 779855973 -1700034112 620749231 -976904363 -1018881462 
-1841060678 1106182024 -1281577878 -2129298829 635897654 -1545578959 -1325912411 -560806281 672761875 -1292562179 -363095853 1277127262 1799916079 -1912444773 283890263 -643699415 -1043759241 2030572632 -1675101315 -661834461 -1703583256 1236974248 75161631 
901135886 2014420568 -1393155442 -750159932 194917131 -1230461471 493397598 -1479393782 -544518542 972005403 1912501906 1736628885 -816919504 1729159897 -524719741 -492811395 1949340840 1660109711 1006460191 -1921580352 -2040173915 -392427979 -1943506065 
956852720 217490977 567250651 684896288 1183534776 -1521050820 -85812275 1132853096 -581108059 -985139881 838687579 -865344575 -1922454801 -1233597438 1713764379 -2020693411 1054993216 -293168780 864097955 -1843688642 

-1115399980 -1522355072 -997071435 -237079683 -669385539 -1890991280 2082801511 -1054261033 1581052667 697174366 -1925948101 1036478186 224415901 1553207708 -1782893840 1170411429 747720112 -1860663818 -77734748 1742207341 -2100236356 -723676718 
-1120392184 -1699051348 -126905825 -222501143 1364920536 1561993141 1858162167 -2046106169 -1632072988 -1816650035 -1391162097 203347829 565910954 173325716 340523117 -794052767 985936598 1389213132 -1508603513 -1480414214 -1097621396 -1696970648 -1078946377 
-1407542466 1499455766 1737725070 1156769070 1858840026 -1435164357 1571708434 1418337279 140000262 801140905 -247934524 -1788337495 1994020533 -352256134 386627612 -1138866177 1807452115 -441400316 -1607355068 -1329960647 -1312443248 1767112199 2073323831 
1212609691 1406254126 2013057220 -1620204001 2059996215 -1574433245 548841948 834253454 1840815437 -1308149412 225705898 -1069586615 1169012225 1559927684 -1203388137 -48332436 245821138 -1779166321 877934837 -1084188272 -485138098 -306626885 1216656964 -1492793056 -318096861 

-1201302773 -1506779702 482053280 -1397574856 -1480028856 2047621545 -837635735 -1039706008 595546619 547577750 -891003275 392942447 -854048923 -557381707 115711241 -432265121 -1517453399 -1721569161 -294888537 1998979490 926673918 1668174461 -1637886167 1827835005 358771046 -1803352730 7927866 -1286565070 1567889586 -80154322 -577210845 310113415 -1336302705 -1409546470 -347561474 -829309713 660701041 871221889 -422855949 
1681369157 56232178 1741082835 579818542 1312192561 2036110167 885848882 567237435 386239869 -512656094 1579104774 1289032134 -1068980172 1286329143 -956255020 -1244288439 -1759046829 -471626332 868206094 -834649860 -647228586 1930541565 1787309626 
-1115070229 2060552262 -792339295 2083025771 1752539226 -437949336 -630358757 651094035 -1177777454 -1494078887 243500240 -1438467452 779624709 -1821594713 1114103176 -1168000529 1185147431 -1545124591 -69080969 972310097 1051902787 1806516512 
-614043172 158591463 1025069209 -701524032 -1654596099 -76346531 278263744 -1315610294 859782879 791059265 1008661136 223516843 -1844447440 -244553348 -1502422224 -1244174412 694570278 1640240507 163396824 562238930 -1422693713 -2091834162 -1619086085 557727478 1636829732 
-295628255 1561692906 650007662 -749591248 -581399282 -114857790 632808248 -788418257 -325685818 1761874052 308928802 713482938 940370358 1243921648 20389904 -1878388933 -280738975 -295043918 -1900938574 1596934838 1769120907 1693349253 -1076960102 240944005 
-476970187 -1268076126 489321125 1397854572 -1843619937 -1702690534 -1263985794 642289661 -2086948567 69604242 -1737220306 273934875 -255881062 1235728190 -1279563172 1342658813 1048563029 750329912 -1696019558 -471911636 -417928966 34375559 -1336203739 1671038400 1002368986 596618665 1318065670 1107741885 53203011 1174282183 118672742 -319712456 740280267 
206632216 -1327608977 -1307585046 1884428907 -527472745 1666935337 324800223 -293012351 -755974870 1660970468 -1670263190 -1955865804 -647695575 -467972398 2054095860 -1417481816 162503315 -1246363924 1240102797 1984307474 1250716759 -603173177 1340812008 -296479738 -334246067 -1107521883 -994125259 1847643127 -1073131335 1298898499 
-279853551 1860740217 -1088105953 -435389330 -1769729008 1504926346 1409432126 177563148 556176988 -1275524427 -965462338 -1670690651 -1912029835 2067854689 1840728439 929929356 18354500 1897928547 -1396918932 2031357725 -767929372 1938632458 -458442162 -1044862706 59243141 -1999434689 -1910341965 1861779351 -2011192296 -893102590 1286818537 1220905402 1747854830 -428989311 -916574263 
1717354056 994204659 78146265 1522025196 -687114479 -1529907107 -121184101 1549573092 -355509700 153245179 -577415773 -1517846751 -1029893292 -129774742 1911989731 -669162078 
1841324533 1233890566 -1372709235 -2132210212 59997122 1665353656 357492644 -421897298 -50827713 250263519 465909332 1422191880 1372742937 -1179216587 -928376708 -155070346 846380921 1660340559 735176110 -1657384145 1707610912 1552118393 -762696304 -624061496 -1856270234 -1790002387 -1996187148 -1279722178 
-905240718 1896824901 716653238 444646961 2050320021 1256216130 1221365790 -1663435119 -973663738 418515434 122710547 949388208 1583757333 1043679163 -933216772 1494659721 195790912 1100211671 1551932977 1877706444 -508558150 -905999115 1218109751 -1563197307 -32637539 548307999 

-649503867 1160520227 643119274 1753137174 -935243078 -1768684955 -1783519131 1475175740 135655488 -753811312 -1762901846 1268337138 1015004760 2111799426 633795209 119917798 -1643622576 -432506419 522397248 314714262 -1347272066 -663026118 -2072761039 -907963783 
-1338900351 -724046281 -352978046 1829163913 -20244761 -891089182 1681519572 -1170867173 2049684507 2112411149 1914309411 652065329 -437839819 1278175353 -29003159 404807267 -1648626535 42029755 -878759953 -1131376570 -857458318 -926235824 -2016297615 
568736770 1199622991 -1687013785 67755112 190564318 1292512378 1923599983 1325066591 -14151257 1892480002 1684976239 1986527686 614270410 -1189568387 585004509 -979044576 1571979957 -1960107196 357141287 -148758323 -1750367768 156011178 
-2082810881 861389075 -2076819381 1043971885 1762680374 -175434819 -1070377759 1831745954 914888491 1093872413 745240495 -2066736755 1645224569 -1754239502 -936510180 1832568181 -937377846 358363869 1800835865 1654671133 -1324578842 942492926 366113721 -155568561 -1718657550 1032194976 1269439774 -1614381397 

1161020418 -1560151510 -820599635 -464176702 1284014806 980976891 -2088894008 1945702975 1905896846 -692979906 -174342968 -1774491407 -439815528 414594404 -606609840 -817226301 608382311 514475448 1595956621 -185799342 -1759427196 614730763 1975334352 -89319236 1645010674 -734859777 2010231365 -906426586 
255439691 1926528776 365567524 -1632418314 -1711911714 678201117 1293297601 -1304177329 1077377593 -1487385066 75909172 -617675914 1771832148 -300119043 -659878630 228919084 -911333419 557242531 -554552178 -21861830 468359466 2022322733 -449839586 938578234 -1786350600 1903168368 
-402211845 -1726419235 -2108407799 1257102011 779698661 130205748 -1027238488 -819357169 153166036 412069965 -938250072 -2110459779 -1857836061 126614807 -1403160957 216684498 -1265293719 -590490706 -2042350063 -1726179348 925080912 500281468 -1250847443 1829002704 1256161647 -1334936757 -1361162326 1692698707 
-1396075510 1637063257 -2017911925 -1785625218 2016605024 -459318005 -606453849 -283306899 -1175074152 -1472481605 -1679216513 -828180404 1029255941 -543889265 789253784 525403790 -1548389646 -224108959 928042347 -1484360067 -64850363 -898165899 913762238 -40985550 985851199 
1057473804 -2062522842 440598375 -321045357 800555977 943222572 -1257190730 -1188865970 1844051818 345487941 1185899462 -678402341 -956016542 -533519913 1686847728 -77853133 -665812116 -766303231 -389792964 -923692736 1615379550 -1994111375 937082376 316167479 -304569717 -2102224106 -1073007116 -1068372452 -613572776 1104852897 1025252927 -2007276461 -1317084834 -487262340 944651769 16451642 
1590456703 1050655697 -445903264 -426299373 875139916 -698314962 -974636374 -961125112 -1970922606 -1642436897 668016989 1312998854 1011385944 1909722003 -1839651162 -1703350771 992981079 
1211617039 -887973973 -431382553 572231383 1255717323 1207938623 1768756920 -1970833032 887245118 1904046410 -202461953 -2005769830 715181174 102416090 -841679489 556009305 -1752082425 -1613059395 1207730352 32992750 681275448 -931904935 -1367399292 -1739643760 1140607563 
521616149 2002573566 -480808922 998825969 -665345932 1992764060 -1619056217 528073788 -966697279 112281538 2061026589 -2093503022 783658742 -1369620440 -719320182 -1714014756 -239345293 1237803228 -1506605023 -396972750 160971555 -1521648474 -962680325 -139794115 -1488295901 956452494 1203400127 855905518 1497849268 1040296967 1474832453 
-1350555710 -1277689801 -401391545 1815056396 1678025743 331469175 -1674072858 -422622306 977516746 -715499142 -1701058811 180815689 -271804042 -278159151 -1524256026 -620102357 2128537282 1618187693 -1399630895 691609271 1975812476 -2146195701 -901302991 -138890129 1878289237 -1405845452 -1517741406 
-705849748 -1317817295 867363374 -1920215542 -1347801233 -1978522223 -173943442 -685833533 -627849444 -1367689643 914874998 -1964835383 -238226051 -1612790402 1522347760 -665550323 1102711384 -1148746963 -663839892 -1738712939 1602296201 -921772404 51742028 142426857 -902402453 
867008740 -1483147655 -1151390164 -1564732835 1479176425 -1977645544 100473901 728887026 -120891320 386412611 1184647526 -1506773741 1919779126 1171840160 -1373423542 -1645654709 1692963229 829045871 1910049710 -974404469 1145918101 309840856 -859902523 1937026845 -1951073686 -1958983040 564730173 -1424188927 -731084891 -500587456 457646398 -1423421015 -527170026 
1632983996 1655096003 1777508353 638051229 1847679062 -1867513408 1423995732 -1193424671 -1824925058 1356632121 -1530232407 -1289329009 209271671 1279727834 1221196000 -1388316730 -220509885 -1050986652 -333959745 1175807674 -592926443 -1758376553 796564128 -1872211879 900008540 154507473 1321266036 -520342586 848348730 -1855724774 392799626 
-1939628658 -1392954888 -1436698776 316140841 -1315946599 1717660042 540223553 -589549381 -78026691 -830578072 -2078605046 -621922370 104061066 -170326288 -1647322894 2039888922 -1148142817 2128723925 1645607682 275338769 -653636772 832608032 -1706130252 -371021341 
300260896 65920757 1781618887 1200733632 -859157030 -2017027049 -1206804760 -1262176151 -1457849768 2098850295 -156502384 1984640210 1717129008 -627413532 1320250539 1298413680 -541956813 -1007561900 -549140682 1118407691 
-444992180 963250367 146466776 1946605816 1630738088 -1610983690 291202152 1658007562 1578562791 -1092307504 568328222 1965597313 -83129048 1274171949 
-1673087580 65268396 -1695221748 1327744793 1148412809 -1517979255 -1200212435 1687428427 73131214 1908512556 -506107143 1838974654 1179204485 -1037723405 -1811120429 2067259018 -1000355651 -971709652 -397168827 1769742952 777492061 -339785710 
2029080372 -1325794610 1650235464 953713955 671587824 -1389325755 -38813695 -855678929 -524448987 -247022164 1645591385 -919615021 1203147982 337621373 -1347717623 462110899 379085849 -1662158689 -1399575173 1501029334 2124244231 -942721261 -966347728 198011008 
186991554 -1189228462 -1182470082 96786931 -1373831306 1275003076 -2115930965 2145346755 -1338906706 -1062661 -463188682 1883028302 1834222037 259540200 -1855823149 -1306347077 105758725 -2108033418 -592541935 -83702581 1768893022 227726391 -1477109380 -598015868 
1639312612 -440992616 227659750 1805960974 1287283310 -894213982 -568498400 -463816456 -281149706 -1455640393 786031713 1077693716 -709046786 1011101370 874123209 1737856113 757175064 1241968746 -300922841 313922230 -420910758 -85324411 -649000665 -1758887836 -555281087 -1902669229 -1005926061 -1024352197 514784059 

1945656058 381595921 909188102 -21079161 -1125215159 -1738401209 -995454106 -152033248 -1385861877 -612204194 -1267683511 1376097153 10164623 -913633373 -631353727 -2110854392 -1782507435 -203222155 -810498227 -1847766152 -798442930 -1920209254 -1163944293 -1678479103 
-940529246 -463243775 1582802370 -1946750078 -1249261190 1686650721 -1718984647 -918549269 548438316 1002681546 -434928282 990284151 1885432585 -2086878045 1414102462 352769558 -2111902853 -267986864 1772641102 -1719487449 424627307 
-1278887714 148920157 -334611571 -1479462339 64504902 1764913593 -593738768 -2044808244 499758816 950734107 1521169016 -63613807 1122625716 1752165168 -661146687 -285513467 -513648717 809915866 372270793 -163427792 1562810048 1860414696 -1963826295 -2012356999 589151793 1406226634 1796536078 -1531377253 164678952 -572326804 704491287 -2027869323 1907498651 448526389 -2145484866 -1300782512 619275616 -1461678494 -1529237121 -688621812 12421627 -91033021 1578585498 
1570864125 -361276474 1954961581 838485755 -1944461093 1009538291 1014753801 -757333202 -1851935331 -1937046115 1634766655 1704927309 159732940 -1530963417 -1118577390 -1781948839 -1842463093 1645622531 1335599455 1290438707 -1523824992 -1150476449 -459196370 181820089 1814144432 -705408458 936872709 897528683 
-2024162001 -23677627 -1295210349 -1595952596 -1369367704 247151405 -791556632 483410296 1905744156 -1588897020 -1554968226 251061135 -1000505633 19898062 361276438 1032661768 340679132 -1307294317 1138127855 -1548336113 -1457759078 1081516140 1798932877 -724362914 -1669217559 
-603815473 -848805434 1894354761 -1872222470 1751063342 354186234 68057092 759458513 -906384631 -1053149413 1561520838 -1847294038 1868273974 1551772135 -1481240549 181179780 2037408660 -2035493758 194437897 1477012853 -2029508269 1410066596 373951201 1464253831 1998676686 1283742294 463001913 1397138014 1934963933 1700913500 
-29307379 1674215063 359067814 -75266646 1959964630 -137224320 1773257782 -399590713 80447061 -1038965428 691694774 -589534157 955308635 451041539 -1697703708 -629247300 1520222272 1977280182 -1072547882 -1289127916 2000544267 
-1705504583 -2099804966 1912468500 924489769 -553302257 -1911022898 1759543529 -274344212 404212220 -47020187 -1505108703 229033177 938010398 -1989024300 594656845 157108594 -1198107520 -500144822 77230992 1541830298 -848529051 1150686047 2122640178 -1598756267 
-2108047286 -1506352536 358524168 590615188 1758354403 518480395 -284774134 1994629180 846267498 189369867 1553445729 2057623384 -1120143102 1343224311 -772298154 -573441463 405000231 1996938533 -2046251270 709615815 228267582 668437746 1999627103 
-1322255335 -799178314 -394974491 -1635113399 -341468321 -1457105430 -1720892120 -1937236916 -849354272 -2020327948 -633810396 1410705130 -1101756474 1337960734 1314940679 -1441049146 -67111397 -1087465556 -1760738797 374982563 -1147540959 152702703 180420317 
1687314220 -1122192033 1906974942 -1482947824 -1712746247 -164317028 2082261492 555944562 917191501 1800808545 -687587311 168456405 -1336356467 1066374776 1579329169 310231977 -949023165 
-125693752 -114846176 -723963671 -1613267689 510211292 603331325 992047659 -1899527763 -409697092 -1100999208 -1074871526 622736471 -564114874 -1196576030 -1690473995 -1637429502 937011448 236426580 -806914469 314431471 1661835069 -1597413264 1588614414 1630754811 -1396026802 979174071 151292832 287580067 1419058423 
-1707866756 -987963433 2007610983 1023754130 -419947334 -1605041127 1525101688 1322911413 2081007983 1887223199 1944494827 2050424253 1024173765 -1695470777 1898616040 -138569813 -750360367 -307504534 474679285 1929059011 1485328875 744758371 -1406225887 1142184735 2076048973 
2141592557 132899495 -419438881 -2098057266 1855712912 1012796319 -1103417875 1056909820 -747568126 -599738692 -1527348195 -46498702 1056684258 -1469529463 1416989087 1426384565 1206651455 801204782 -1860504751 -793746872 627620999 356642989 276860221 2094448333 
-503230542 426171329 576436264 1565130901 728533103 -1391495109 486722484 1165700418 -621803551 -1052832171 460133863 566754452 1925647028 1247757351 -1463490730 165481706 -206824057 -628655098 

-464481713 -2005552271 738818611 624119030 -1965353159 344394009 1569404945 -872433187 807143562 1502102277 1192538369 -1615397576 103495395 1515611334 364574121 1868945441 -1979145777 -765615656 -661330027 2024764210 -1376237753 1032273901 104362802 -1118891990 
-65714288 1193186167 -1194027239 -1711743183 945663984 -725836036 474302927 1859012095 1086688518 -1568323793 1367405317 1906491461 -18574827 1139146454 -913190817 -1701128781 -657995953 231348445 -382106832 1149092382 144494994 -819713730 311979927 -1750507914 -326409155 
-1996910864 -50013267 824964682 -1134308090 1913660770 1642245365 -77033534 420656370 1110706537 1627727064 -1425639305 -985460523 -268100144 -718071071 1578365054 646509698 144372340 -217749805 208292466 1175501950 -2075117281 -1630717095 -1412489638 
778537477 1307288445 -1564829212 -2143421264 884722642 -1821892834 1649779072 762997330 -432799392 -938769595 1959905265 -356364976 -1729214486 9271903 704948763 544494375 -1692363362 -368685077 -282755212 -1442822718 1961810067 360170469 -1373280149 -1464314147 -367409869 

440466456 229940383 -26870792 1391258051 1005515613 773501390 621699493 1728766703 -1042054046 
2033485607 -1402684320 -870332806 594893072 124050223 1899753478 895681861 263895082 962100510 -266220850 -496757230 1331857002 -1939769888 1852411342 186976080 -1894439736 -2044168484 747428803 -1337914197 1947341042 1505710466 1043195791 923564306 -2124678707 -1392441524 -680727680 -964737767 2080895377 -1897840602 -118383312 160504013 1063993278 924245083 70693285 -1984197547 -2010374170 -626480320 1285327677 1876116414 -974537748 -1600687738 -1749162414 94335859 -1065350427 1130538547 1556057936 -1497681310 -165394341 
-121571358 -1626112929 -156645695 1424991000 -305046420 1907089372 -1412103013 53277795 -1265918985 2082681593 1051756264 -1608538586 -326380743 -2144665062 2025034843 -113167286 -692167274 -1696457555 -1819860458 -128198163 1311636448 1472764674 618937719 1270381656 1367911940 706732823 -93171711 1560715666 907206047 1373633138 -1044568750 -604151962 788263938 -481439998 -1907136200 -651416275 -929867974 -1344256957 579906242 -95205938 -1627525060 1154221712 565590002 639310391 419634880 1937256613 -888170590 2003481441 -2104575613 -1030710884 -1993745744 -752541908 350619460 1604078539 -320623076 -66697959 
1836827344 1496922224 -1114620771 -102208254 -1659409556 -40315605 -1261578857 -2110663769 1624935782 -1613102936 -1857250957 1355121988 -1696700804 -173937081 651186977 -103895195 -1310445466 -316968173 1719436553 1063394334 -467161916 -963383958 1882214680 -663356330 -1441994817 1685680272 799283164 1935379852 794842687 -321548993 -447220614 -1829511406 1852830179 -927640299 125336215 1435181822 749377866 -728879364 -656192399 -992143337 -1511271455 -1060314290 -676193048 
