566117693 595420469 776810504 -1780308087 628805195 194509331 -439892012 1197376640 264363703 1398376742 
-773460658 2134052518 331394446 -1947144002 122517193 -1245324765 1145743811 1948577904 -1451315074 1327678334 -1418783211 
-106409959 -1490645285 -302998779 1393242769 2016252961 1206186061 -908932207 -1723256869 -1791913505 -1336763548 745687234 1428831043 -92221817 1213927924 -930708719 -214904183 1912149083 -1179755140 182975551 959839225 1715349023 1247813904 
-2076516471 1991409859 1698521763 -788509809 -480617424 -1132155525 -38170247 -1378706845 -895903201 1086239791 -1343925262 -964003476 -982453733 1217638861 -577256153 -917439697 1317229982 272870832 -669207398 790779382 -934227595 -281517169 -1286737231 -285624206 



1923681150 -375832187 918689492 1360083925 1161843344 -2001510971 -1582300235 904726280 -2114914137 -51330282 1945061340 -1237324547 812294663 -2030490901 -1183459054 -1456348008 1184817293 104512104 -1926853207 745402047 1448871217 1774327253 2128804022 786495011 
1450912133 -113974762 116314034 -1837629819 -1106125622 -550333005 821675237 884394666 930224979 -1332584641 -1696041947 -269554297 -793258745 -2060486050 -370906062 -244331168 -1251643217 -2089847962 178596112 -92211908 829188034 -273772344 998113666 -728793130 1596611971 
411311163 -1093901909 1526184680 1621523211 278303157 -1641734461 -1871332210 636323868 -1966746023 -2125023029 -1177751332 1612111762 1577067778 -482198236 81997690 -2022187537 -143908119 -253093435 -644401807 -1927396333 468315750 -533972061 
844064168 -2129846911 -645340668 1117827530 -875439895 -785162296 -21909160 -1319866232 1219660057 -975231248 732331811 -2033923650 -1698609524 416403246 -203127181 1222942929 -693844703 1498378641 605986617 -330604863 -1720360870 -1161010554 1060627414 2000200439 401915537 

-1166483490 -2061861810 1847028240 -382906015 454885404 1102981772 1054742964 1696095740 1136365438 -445669493 -330273968 -1449320966 1569420986 833089236 285461444 -820484757 1044750805 197811187 -212525813 -1210572124 1841681491 -1054591702 -2105356303 98183369 1859237519 1910026523 
1494576188 -706579374 -71036441 858930029 619411156 -1058496244 -1911165621 1231479724 1759331820 -1825968017 1284573012 -1519001916 1916822653 85910642 882726854 -375361208 -1931878968 1416292745 -388854361 1717641005 625533118 
-875141705 1057334973 1592189764 1139020623 1740667605 1135285785 121961897 -341473810 -1032141710 -1797590003 -202323952 -1185306962 669258075 1842258203 2048594184 437281954 329588726 -1987299844 -282935283 -2079402421 -807592893 -907745398 -216365535 -294448797 1830867724 -1003370878 1800703970 -391945865 -962359835 -2137874641 
1986636984 -155404545 -1065607534 -1205848327 661920788 2059666402 -663305099 600090406 -226549483 1721856707 -1912216709 1031908933 1689841198 539145408 166404136 -1978279039 -2013017146 -2119284898 -463766883 -965787111 1868116461 1194320209 1861233771 1818929684 675792807 -1034292674 
-1595432070 38073085 972242330 -1696694677 -1236206657 -1189359887 60589474 301890085 -403356550 2116668610 -2011384153 -1677944429 -395194518 -515230791 1495667049 954462365 1027059139 -150590963 -2134225046 1340818843 776696666 -1640588525 435508152 -1463342205 535452709 -1637685307 629216283 -1547786280 1407710826 -843700383 2038248360 
-410620341 -1880457252 -1997936285 394536271 974224678 534855863 236860489 -172685257 719171860 1802221396 -628875928 1215311889 420807684 -2019238859 -1287523469 -1720047816 693964431 657109971 156018670 -1342740348 363323045 1048422214 -2024089563 1006770316 -1073583894 -46180543 -1110099908 -458291395 -411194518 463908118 -1946777637 1215328817 -819878346 
1357908524 1819571384 -2111756343 -1985893906 1508389486 -1740369124 685852336 -1669073906 -1339464416 -1063767543 -1701518736 -371337494 -1048472941 1130022204 -931480716 468286810 -1921359611 1482095681 255729262 -254734467 1667316244 39029310 -1067969733 -1168736401 -2017905772 465097259 -1916310941 -1682037550 -1427252489 -1018122895 -1419824712 -1412006109 -693056166 
-1334631567 510161505 945642865 836867641 -1748252839 -850159878 1184829925 1048210285 672172237 -1577461921 -767875900 -268830350 835056225 -1313323029 -1447251927 -1117476365 197067829 1538876819 -2006098011 377405043 280158282 -1487749277 -927792576 42595184 1446931208 -1498381967 -777419842 
635472505 1010368643 90248261 -121932994 -1653031580 -1045855171 1122924713 -1408912464 -1846347429 1411489455 -137035300 1200298785 -1047585871 202560151 990429271 1424913865 -1753053491 -1911449888 673585567 919264550 1777084366 2066767751 1049857799 1830496354 -1136038077 -219811142 -124975946 -223677911 -1525112288 -191939278 1921266688 1535889579 -796583933 -825385322 800700791 -1120084297 -775321361 1963575738 615508469 
1507390723 799931884 -797303616 -480835774 326915928 -1604462681 -1887825182 -2082973801 -748635871 1813246001 -989715172 669825409 70437776 -1090904662 -538806717 2046307089 -1474631005 -2023653232 927930092 -1930202744 1277060697 811828800 226928731 
180498021 1931316597 1481064411 2066743558 -1272257584 235313231 1878821505 196027936 612610713 740041217 -1009650469 -714358176 1669701551 1755915438 -1350229741 -971981617 -1512191336 1517055372 -13791861 -2090023831 1228640619 -1079502211 -1384095350 
1259509897 1996891858 -1755775617 618016226 1583322272 1238763548 1206162239 -580787344 -747860967 -108925001 1288536554 108665559 -1226873817 -1740224653 1257137010 -588989368 -1143505786 -1114827555 1956997950 1259222564 

-813088033 140069505 -1602997159 2083369003 -1563788684 1621054215 -1675142358 -1764304906 236007307 68886048 266145774 -258240947 1635643158 -1262385453 -1770548596 -1318628412 -1817059393 1291476292 -1485432843 610685991 -2068908031 -727405956 
403384073 1541030328 1863481684 968855195 -1713531328 2003871250 1054709681 -1800566920 -328873977 -809239449 50024146 1923689262 -577349375 -1343465155 -1963041762 -714751257 -1767050893 -1381905587 -1905023411 1161742634 -1645440978 1270138775 1541099040 
-1744458757 -187103060 2009590027 -64789614 -1985125004 -2020177562 -578785415 1100774751 1510436394 -326093115 -1794136521 1074897862 -1145145002 515584009 -1555261740 -466416302 687261749 1072907760 1019762632 -1810194817 1505541771 -1756843007 228856154 
245415022 334415728 1743251467 -1683171158 -726200467 -740874520 465852599 -2119970798 -866807875 477577905 -1196847149 -136331709 418303832 1456844869 167698761 970914291 1193133964 -1934297333 615182944 -1741713601 1636875010 -2060396665 1884688913 -863739388 -1453700816 

-1524833582 -1458393007 -1188677023 -452325008 -1042409520 24016727 -2023232599 1165838687 -400643503 -832797186 -391855556 242668931 140749262 -946945842 -2066661434 -1459277183 -428461140 -1360442145 -1223857907 -1077564247 1845849765 470238705 372369842 242217570 1394067497 -1534582036 -885085451 -938914422 1344038183 -900814912 -467297158 -689925953 1374169237 356652133 216044898 -934239281 -471088837 -776007453 -312659247 
1366367555 1756544465 -688756283 -960060932 -224330595 1417995895 -333650519 1616380636 459982264 906994642 1215714828 1500026125 669696946 -611574762 -632231434 638342052 -773944122 371995308 -1904416331 1404251136 -82556277 1240523964 2080445116 
-706648408 -1571289342 698818484 1497508254 -1900800171 141776404 1173022811 -504347023 -1247984578 -2052817535 -957166935 935250487 920783554 -498066659 466509250 -565152883 1512569186 -1796710128 988807186 -1005138716 -2080138850 -1941183014 
1602804137 292579666 2017878475 -159564032 -508407382 -464461796 1056341254 549745479 -992337833 342835468 1991149661 1431403325 211848566 -241117951 450457723 -997248923 -2070335521 786422884 1561831348 -1295705574 -547119889 -674349942 1432024933 2124769298 1570281546 
-142211099 -836274725 -1472447010 1230310550 629319536 137224813 -493098785 -1073981802 1536655351 -731942250 -622713522 -2057310291 -1786240009 333936715 -1107300159 -99484011 -886388707 1818988470 2035728096 377852686 -800933139 -1832439619 569602594 1308531737 
-1262619502 -512492895 406848845 192454530 65978803 1345037364 866297579 -1345113442 218019619 1112897009 670704807 1879024313 2037247819 -675960204 661444574 -1948605420 1530856839 1893730775 -1965050605 923967325 2058170845 1297905835 -1411739638 1563575498 -1505824046 -1904185507 -1998302919 -1797024291 -1225937104 1710473365 -759473140 218098778 -1472804625 
-738972163 2054915082 -1270477426 -797315529 -2048470689 939794125 181849700 -464884173 871080147 168155505 -282714447 -426605240 1110053283 -1085694367 -820154256 -1831789953 -2101626721 -666981707 906083299 -1113911323 1034233799 -1041255810 8832453 -585451448 1065415417 -1520195437 513151828 -1630388666 -1550353007 -244830227 
-974111228 -1935877845 -2057957506 -569291346 640869520 673096078 1304011593 -2112176331 -432608709 615629301 494947080 -1878198116 275112270 196759337 -81977552 1825597998 936767478 1498622987 632509358 1484266528 -286231275 784798428 -619938567 -1245951824 -1973457852 -126167129 1070496486 -769327654 1278807619 -1391064861 359563687 -1317313467 -1541192508 -1491935692 -894055317 
1745377042 631956030 128669317 -395472178 832963060 647251691 1168114443 908618857 889248907 -541736019 717823865 1768271537 1540128015 742308589 1812966343 498515402 
-948998629 559915449 126564414 -178588115 -1359422505 996280559 794009349 2033847351 878269552 -1852141063 878553878 -478477901 1695575796 -1199625510 1320527856 -613442509 -485558565 -992959429 1725422243 443190337 -290587955 1550740961 -99798253 1771667558 -544165870 1163382212 -1597586761 -1084124512 
-1051722965 1372464815 -1656725085 -247004015 1328306576 -2051017202 -1720725177 1415081464 284393872 -2049142641 -2135217652 1134967034 -670264934 -1205003884 1129751722 1086780180 1467406761 1762568941 -1715055858 -939404572 1773458897 -97559503 1309642434 -289880585 -1117956974 -738851432 

-1729627743 155967267 -643588959 13316408 719914325 1547141278 -1865524742 88591353 532165448 -589802353 882178483 1956892617 1786095216 1062079138 -118887858 -1240010999 181623561 -1565957326 2048880219 2054769750 1078026240 -1591329830 -53715747 294848395 
-405522740 166658712 -1247485489 2020417068 -1724174447 587395802 -958710824 -169950289 41929907 -1231273696 215115323 79600675 2023586047 -166129842 -969540688 1137638985 -275951175 523503353 1764207105 250703128 1046475856 -309820644 -245144979 
732233556 515091734 -64000948 -683577711 -1064300274 293297020 -134699672 -157901632 1427501623 -924401898 -1398811407 -1814071161 1190970746 -410326570 -1130878741 -1759149515 2033277280 -2098286403 99500422 65129873 -1274948341 -1970019792 
226798869 -989175126 -2064093524 -675083600 517638685 -2118833503 1729409691 -1929482945 1608111598 1519040108 -1548177210 -1856813309 -937696528 -1381458 -42158891 1393093527 2146158916 1834839408 -1602505298 -1045977662 -1891304945 -34325618 -1680876082 943749766 1181604691 1340773148 -434278173 830705637 

1523448116 826035199 2138566519 1590152373 696758908 1283337551 98328905 -1795954564 -395996779 -1843756395 724657146 -445171996 588992778 126373382 343149220 -915205144 -1192492717 827793428 766939863 421488803 -1950529879 1061462690 1578435119 1821166785 1069123506 1480333423 1980284588 -1267139293 
941743189 1348686081 -372522499 1294720593 2098344826 -93563630 1695105353 1770700972 1560310398 -2138243095 86549871 -1795440952 -2048273339 1845172289 1347746545 -1097797782 2075121353 -1864616707 -1724184663 176668734 -581391177 -1283583392 -158105333 -1079045942 -537096355 -2086254263 
1513178847 2013415981 -295408048 1427333337 2041354155 636945807 100427550 -768782328 -80738181 366856761 1727944797 144049633 -812286464 1536051582 -1797257138 -2011853142 1882359552 -744398118 -1353111252 -830827680 1051246094 872192837 2047182408 -608703856 -268070977 2091095110 989350712 1007590619 
1723432642 1189948024 365750701 -475244977 -659543299 26511107 -82118872 -49039850 -1940574142 -1695770436 1509036806 -81479895 -790950828 -1560129019 -865826859 1576098561 1474658154 -1259480749 795640849 1072936684 -2130128936 1413553242 1407494960 -587788408 -22829231 
815781079 2014835165 1448651378 129084839 1902152240 1642141486 1449682634 -678380928 -1126309265 -2035833959 1206579108 -611050551 -837163986 -1694337328 1548614100 -1293726963 -1228585602 -173672074 -465691387 667715279 920590189 -624471468 -1337704082 -425892559 -1522999378 1552072949 -2095426927 -846869627 -1200215291 2086569176 -1564289641 -415463714 -2049016688 2146574261 1767976132 525689179 
1707766216 2034945524 1352002490 1874190110 870212824 1092474513 1526345864 445898793 -555930514 393375409 1417971257 -1339013090 804251124 -1117031309 358669443 1531264371 -1895803974 
-1300483229 -2007213879 -1221682830 -1199788050 -958882969 -2018675696 1197564444 1942304567 110888411 -572613305 1293670454 1877279906 456149546 -1640778212 -158286281 1095282266 1160825307 759598055 -966025357 -970017132 -2036693586 1628470995 732748345 -473481800 634814136 
342155319 -457157181 -89595769 1816678064 -163527237 1301869121 -1314708357 416095998 -1500960953 -1144398539 -783377395 104775799 -786689861 -1388120101 474346382 -1177054989 -1162649044 -1295121770 116541517 193090576 -95671423 -1897935166 1367888580 -1527500605 449341647 671946161 645656551 1378126956 -459532610 1555361775 176766565 
-661621222 -1279126184 -277586569 -1597759638 1895216122 -1271383414 570460935 -1205913544 -484794102 739635923 -498003780 -271193500 1524817322 926568530 -321696573 1481466069 873650398 -221473975 -101378905 497132801 1814905899 261753323 -34825064 -2090448385 184397182 -285046468 -75525878 
1030357210 1746974932 -1210224708 -1108581556 -1429833712 -1462094282 1959674836 -1891885594 1182195406 1944535209 488788792 1198249167 374407206 -1694623686 163837618 -1169590000 1171644764 831606812 -2107935886 -170993158 -384324822 813207731 -795749117 360372453 204788073 
-1131569125 1104830297 -790546258 1490622058 1834977661 678345037 -928730194 1411248692 1863568543 -880738357 -577749137 1329498029 430428577 710219995 1170738382 -601757824 105050183 -281765427 1414762630 -553407637 -613721851 860099124 -70415569 397910768 -252211799 476821584 2115469894 1383215453 -1497457821 -1744760176 -1128073201 -388099677 1402562318 
-1057899202 -2135304776 467332819 796379383 -200039326 1607227608 1271376500 -1855699693 1513710086 -1268001358 -1678311372 1938392110 1123386828 993749422 -48537406 -101902645 500774849 864793560 -2057630456 -422380841 397489718 1870597986 -359376810 -1880764107 1460309438 918994734 -1620734972 1132985342 -731333640 -1612917951 -1391847113 
-1134438678 -1203348333 2006346522 -833370391 -2070801392 -1199656887 -1574525301 1647047182 672964552 -380022838 1131090103 -1855589623 428709304 -111433480 -488751603 -75953699 -494573261 -1953963295 571807655 -1690458644 -163304687 -552997057 -1216809351 2134838881 
1955678997 -962310933 -230726716 -1008766173 -1178150633 186740261 -1665823185 -945159070 2073402953 857342793 655178845 1459831952 -880173956 -1514256981 1798700372 53392777 -290641314 -1636997251 1647083129 -1399097503 
-148729935 695939848 -523287656 -1730547253 1063919888 -1197146273 -34633411 213825089 -1047607868 -324357664 2034339996 441374696 483787303 848070010 
994048364 459079162 1830715981 1397237467 1967785527 -1669504819 -1107111914 904139840 -1350807361 1802156853 1667975764 -899975485 457244183 660378265 1068385745 1775665429 1049820530 1684789393 -2030503279 1254688329 -1330243903 -332354121 
-826690955 -414100836 1709967762 1485321853 -1067110696 650632880 1757177940 -1725388836 259584084 -1709714789 -587959425 -2070660954 -180000131 1383607244 -2032602850 1885095944 1880686257 -1934919939 -1738805506 -1229501069 2031594394 760493645 1120180232 -1082825615 
-626922545 -2040296388 223871922 -2087078191 -219827687 259345900 -1921714830 -192071453 -1990910432 877556722 712933015 1162137439 -1535209907 -2098759099 -1273209615 -737580400 -1771448145 -826938230 -603436447 -1709265182 -93901818 512046832 34912359 1115765422 
1047194684 -832524472 428876460 -1112825906 1306850881 1830114721 -286914001 -1393179874 -1296678880 -840207962 1805494142 -536890537 -859594868 681944632 433778953 1491541586 -941516607 617833528 -1886401301 -1811292187 -1934056982 1465618872 1356161816 -854582715 -1039826129 587956881 1622704704 -2010981197 -360288343 

-2076889247 609589808 315824173 -13572294 355977961 1975204704 -7717879 2000743988 1668571902 384090761 -945727920 1183262130 1659324718 -243250481 -289744298 -531253271 -1347490367 1247145790 -723044966 281733824 694666281 -548409957 801202295 1899614611 
-239344411 -1450251345 742885643 894930006 -1358137270 300261891 -16870998 132061343 855270553 -238319098 355425134 80382917 -335376769 -443588965 -738248075 -1756164796 1319759161 -1433634683 1879878954 14702659 789328660 
1974015090 -1252769365 -1641469039 -1269870297 262438374 -760091079 256190803 -1782726290 -838350149 1502885162 1217603204 -228588356 756387736 -2001698458 995910616 -1458194228 1629856504 -1024401871 1346908445 1303212780 -256882137 1370739371 -650056822 -259383598 -1809791600 -2046129221 245264902 -11854202 -1046009124 791105261 578793383 -1226482884 -2116062758 -1746187457 -1619564601 1877503195 1116205702 -1313795333 860799571 -1920192356 787184815 1381218985 1709327000 
-321297988 1045241738 -28587935 -1522301689 1409757831 1205217168 1489232206 -1114251333 -532191998 1702447988 839439107 -490180038 -1427546578 741844779 736735894 648273398 -1958473115 1819221527 -490360822 -1261004670 -1032976053 2023458347 -2074115556 -1022901196 -1648817240 1349947212 979236505 2058528972 
1718121880 2045501677 14954547 -1879868878 -848476087 86164606 -1859909596 -240048220 39718710 -181525682 1333203842 1593528915 -1164221608 -1878398986 2074810964 1900214831 434547781 1990350270 -1140719796 897819734 97635921 -1526674840 -148153022 97301765 1521197998 
-342370669 -92621642 1662118490 2014803460 692919788 -1089779264 -485878533 -23043425 -1568075639 363226057 1365494580 -2087792252 -1602297279 -581436584 1023439536 -1370596203 -313508229 -1494677368 -882041657 806428913 1776618586 926281205 -1262375022 1951270676 -1987640069 -557162457 983552501 -1132724789 -506656452 764712715 
746669759 -1673033157 -1553763810 1897578950 606054065 -626320747 -301903962 1773093592 79603686 -1995138214 -1079765675 719451316 29540950 1901650380 959919993 -1809564316 2055574928 -1495443119 425496382 -746480632 1828892731 
1012828541 1700765670 78438076 487008245 -1622477890 146145790 -38435882 1950228450 2031040277 -922032424 1874906366 386766729 -550940569 -671871247 -1738807618 -588331216 161934307 -531396005 917345775 1460436376 1309813457 72411134 1647257368 129279574 
537409969 1979753898 1173178558 1993303122 -772053164 1216521350 -556025291 626578550 -1925061453 -1378738518 1556484622 -1576444135 -641555789 -151283082 253482714 1848231032 1217848645 -2060868014 813449193 -1589194302 -1290761798 439856776 -121473995 
391336226 -1643969797 327229381 480327993 -1660684398 -517159408 -1985438285 -18813413 -736866576 -1183484491 -798927432 -112605354 585745941 60672227 -1575768458 628078561 -890023070 -247744038 1758126454 1060384884 1970521901 481151327 -1737348394 
-1624942136 156613038 1196903676 977462890 -651547539 880805614 825157051 1856436699 1868891082 -1441169006 381088820 1576396276 -517546170 -74716909 1276682678 1771783165 2104426224 
370490495 -963714445 1252182910 252449168 -1465944412 -371648585 -2003548539 826075281 -6342223 -1421275896 2017462305 -839898247 -1658251477 -1334659831 -439091914 -1783369765 -58810130 -238584033 478968252 -1001468955 1884034678 583144630 416749886 118905468 -337140341 -1896642363 201236020 447114356 946050179 
-1367041211 -1430124655 -1478509807 -1469734935 -1294803546 113492805 -213078690 -943975175 234535998 1842255412 829686930 -539711875 731711517 1036088917 1434682946 -154829464 2000631477 281895998 961346066 1305259336 2055950756 -1479897422 1159283248 1547686428 2091774739 
-1744062411 -1366327457 -14673410 425522645 -746926488 -551723361 -1574660665 -755754966 2100355684 657606319 -1219479315 -1798740830 1047148845 460582166 -61987661 1789095371 400837938 -1893677209 186176579 -1386525878 -559238184 1112678935 606110757 1818412777 
-1722890532 -284968936 1165341736 -1519544676 2009166318 1005435971 -1565260888 -1340708854 1422461669 1268351088 -1228698711 1078239795 -2003913671 -1612142776 558161660 949557993 1212748124 298342209 

-1612808051 -1149349068 466972947 -784063970 -303494826 383830180 -681535522 517227127 -2057295161 961659217 -1990902708 -2098955687 -523296879 -660047881 1943959842 929242122 1499413261 -1487289034 1101517104 -1209059995 1418148967 1341749388 2137370780 -1422400862 
-1806518435 719554316 324358518 -1299278840 -233251666 305017712 160082251 -154108876 133862450 -2131005222 -204476247 1256434185 -1478025335 -2042124585 776611479 1867430725 -244298589 -1917672477 994715200 -684632179 1084596754 -1146038798 -1058344623 1750573694 -1849658007 
-1957277934 1855494186 629781778 -1243613738 -1949748913 -1617103120 -825089375 1588617891 -409755001 647134092 109641022 -2016062936 -1177519371 -2073636819 -424682521 -1349445315 -507361366 1621200866 -1880704062 447450961 -569518991 1748316575 -1255564276 
-1539189600 1791918581 -2005636984 -1930952712 1463407042 -364113966 -1793288268 -1541820013 -423355776 -1669440451 -687539614 -1979960221 -1813083904 -16405522 1428192225 375266975 -771511792 1527417381 929347713 -2012271407 412185903 433699767 -1022248006 -127112368 2058582942 

1497771417 -1107212368 -1420197460 1709467565 -551270502 -1554676426 -746486604 291675257 -993115493 
-481118959 683292091 -932920194 1641280627 1386727072 -1927854786 388673217 1425800710 522607417 1273142086 -1548791805 1440165618 -919957089 -947272780 -392580293 1418923847 905406059 -1344287120 1380499561 -1967509439 1750371424 -870926067 884585745 -2090442957 -2046331674 -1429592008 1808571016 -447679722 -896512711 27284959 274179900 1517100936 -433491166 2091262519 -1044056087 1350947860 329186711 920520531 2011967391 1375865830 879785440 146788930 1772908562 1185411404 1359999689 1910855039 1019722779 1195850245 
-2026601971 -1073013685 -1193457994 -1512911306 1381990250 -1976294221 -1939577386 48747383 253734432 -363673899 762190804 2068383034 9325119 -1918431362 2063532573 817009292 490005116 -1421835530 -582988049 1390190442 -1522227709 -737843445 1020941892 -859420680 1812154005 -142101009 717224803 1623093143 -1043207750 -1341315470 63782906 675975435 -1082719190 767340096 756630559 -1924203469 245086220 -534209409 -922823585 753891818 721080786 765683345 1877187360 63607502 -70394413 1010299212 -1527644583 1940692926 -774172890 -1744933614 1820726811 1709884364 -1805827908 -1592231001 -1170046890 410721563 
-1038285746 1479079363 1708514586 802620919 -189776946 -975971220 565559262 -234626828 -1640205480 -1207591680 481392906 687784489 -1635936891 2040586502 -1199508333 -109315277 645990211 101452821 714785660 -139006178 -743130260 -987725360 736556659 1009341019 1457363181 1149197872 -1383004906 246704594 -897493209 -1937759389 529509105 -1521877730 -1165217467 1880577752 1454235935 884882395 -54838267 -1687403118 -700776103 1280789633 -891862649 -1415157192 -616098897 
