-1577672825 2046468805 -1894432872 1979994385 708587534 79118866 419817756 -1552156254 1877857865 1040535532 
-1431182467 538707634 422613446 1659006532 917056878 507917397 -827559427 2052331064 892865046 1268732306 408257228 
-2117707542 -1366102258 -1584051411 -1433323815 -162460446 1808058710 1725435225 1842877233 -971071751 2028687849 -755984204 -1675255746 1185509655 486392273 569659535 -1165183158 356466577 -2063349293 369601778 1130440607 2004558649 628927285 
-1321282323 601057542 1567334721 1141241495 -1968641388 -270712778 119598549 -397119869 1463023231 -432880984 1068308514 1166639597 -924935500 -1529520541 1617948871 1595543232 -1634262393 857911560 -451173109 -1910833577 -478905944 -922000389 1266190832 -1608796839 



-823563005 1371665814 -1781868806 -2030235603 1063764381 -68396494 -602174125 615457116 1340308904 2003805947 2077012207 1169102372 1560550652 -1701990644 1040648723 -1396557615 -489317080 -1300014397 419215191 1895949980 -978404188 2019438404 1575766066 1477918227 
-753997984 -1902291746 1518643015 952497157 -274577577 816068422 -671071189 1893129693 -2136071726 -817298055 -514990497 -1403258822 253574450 1059274559 -1004953672 1851918401 -209826364 -1158936425 181425949 1001559036 2059729508 -1081967157 -268590029 -359800296 1975544861 
-180650808 -2114851368 1434088345 2134849747 1280256570 -659669327 -1632439733 -1861919146 -709808618 -1545111239 -459558634 1011095661 -139200650 1003154128 20622626 695777881 2075905302 -783650771 -432690703 1806360741 -1052795577 1784088136 
-946577013 -566249892 -1616718366 -673969060 1890839996 -1053610476 1028985832 -1636385590 1673299723 1204632657 1146696004 -42946005 1270979422 -401823151 1545534936 1979017585 -1883305231 659411636 -71836604 -643970539 -1473892951 23042092 1595935453 1537667087 484464846 

479008085 1675298810 373491259 -1647034855 -313035773 364601081 435552238 -2024451265 32919991 -509903057 1702497274 -709496694 -1770869331 1783465915 154235287 1119214781 -1600948929 1633576764 1979080910 738178050 -317162271 582043152 1282081451 1318226168 137018231 347423466 
1946090106 655605654 1069000395 2018083528 1475913257 1708705871 2044634057 -1199030313 -1322504257 -700401415 569344906 -722830438 -1930747268 116277914 2112937341 -322647402 1633382033 182787198 595973151 -1824765725 218887681 
-1515294805 1871389648 -1949641652 -141856018 -440337405 774562688 443604826 187943304 -1816942470 -2085643452 -1122916862 -1852690115 1635859809 2135855424 241633244 -1005817763 -1902729750 313696621 -1279273024 232707874 -624085375 -645425325 -1768614006 -74464926 1863109571 -1243598843 -1490092853 -625349000 -1788795940 -1219530263 
-279667139 1406492845 655453364 -1657859689 -1735001772 1253424310 -453004804 -15390840 -1838576931 302113349 411165954 1529032117 -430733070 1044405183 -263980608 -152559575 1155444607 -295124301 -791144234 1195494458 -2104296865 1049243477 -90270722 -63043961 1100037898 1563658933 
1642900334 -2118558772 -532318462 -1171121966 -1039705387 -762006002 -1996086546 1428154597 -487932576 -1793160516 1319715543 -261472527 -1003612251 838029754 409097378 -98101014 534761228 -1386138308 -1998985502 998646241 775140768 -1668583071 1788888634 -1172304450 563168170 1566216530 -1272852932 -668621076 -784935799 1761417538 811413474 
1504621125 42067995 -157845302 -452391212 -93498356 -1254328133 1560225695 -1680393786 672317026 2035352820 -1992320317 -2007375495 -16823617 -884981884 711874901 -134798349 279359479 -1679997436 -1136872237 -1164584927 -911866098 -831219237 -1627061667 -2105597626 -1994216267 -1579821824 -805107330 -1382739607 -270338832 -1677803130 1564282142 -1430701860 1811156290 
-660423115 1218304044 -1186339888 567518612 666281994 -2095135445 -415318340 -1506016247 -1915780727 -304029441 -1713186488 1612613757 -1145682508 -1174527924 1320361517 1095194593 1885429187 182567814 -1429926008 -237359068 1606505378 -932662931 9187937 -1215227178 -859627405 404417185 -1558671601 -1180693618 483411698 -440020066 876726131 -1247620008 305233483 
1171909192 1977710127 2101208783 1346868528 -1117006977 1987975731 1600321771 1137724431 -1361335149 2094993256 -273230646 1772504149 1160472864 891971129 -224043756 1389642367 1429714073 44780924 -779705819 1018493625 1234425048 1013971453 671999969 -496344028 1845333493 -1781222998 1197029331 
-1988095748 -663650866 805908910 60345275 -1589194814 -366657329 1273790591 -1683505728 2057715431 -2142690959 1568366887 -564534157 939920604 -1649027169 1086527505 -68272907 -1580845722 -1311648908 2098478210 1397003069 -959871304 -532491534 726452441 1718300511 1762992259 1856967961 415532284 1628400195 263869300 69461682 -689377294 -375723304 141030970 -689061468 1496457181 -2088479522 -1218741318 -1945661361 -1392167157 
-1964931999 -885444493 352702324 -358930180 -1093667419 1993747708 -1731983956 1079483515 -1508628272 -596245933 -1637749239 -2073760846 -1750971654 -1213613847 -1551449898 -131586630 1540700519 -602157325 -1129285243 1601142139 -1154331146 -748057374 986095282 
-1889182662 -1326187386 972066934 -629246484 -1870067187 -1435095430 494045644 580435478 410843967 1430414329 -1344243361 467619333 -845501764 337866295 -272445083 -347383892 -1674391443 -1533853128 1036629394 1646468308 -1654133493 -1454941120 794609584 
-882368939 921705315 1490166765 -1212063067 -136477437 1392252767 545977769 534787898 1283455594 -851115824 -1872274923 1327208264 -926994669 2132721830 -864831943 -381474086 610448015 227971636 1079659034 2109702381 

922978872 -1284921011 -1590452490 -439036243 1722004694 2050160878 -438074162 1653804309 1450552154 -1948670119 -958788043 -1443647433 344898996 -1538916953 1331754672 -318315276 -1823667951 -185260900 -587729765 -1172159060 -202508869 -1788362505 
-1596036498 755865289 -1855627203 -1914569927 -452409784 258134503 2135142252 -1564466656 1285810443 -1140382946 1586685858 -687571571 1630719209 -586828294 -1269198569 -1980233096 -1803811886 2053891948 -384506617 -1761498085 -1791996482 -2041394796 -2142794743 
-982304832 1285845286 -851467224 157895671 -2126577126 -9185296 1438209714 -1974207749 2056008495 94027707 496505275 1426230677 -1304849936 282705224 1383012314 693098700 1103960430 1983294079 -1681931751 1570895622 122554946 -512212544 -2069256631 
1632637742 1314776499 -70958111 784336570 -145175269 -1328767016 560033207 333154106 -504976849 656646647 1242906277 140211323 -1653477562 -1636714316 -865652348 -308363109 524113935 961143250 -240643890 -1933336816 348514663 -1885441796 943027374 255312398 -894191196 

154151695 913886117 479408114 -130297590 -1578506514 -330147175 517578993 568523335 -1409936588 -838143458 -690543442 -226990272 837172960 1406686294 -1122598870 -987142867 -2128642257 2142481705 -1741643807 100526070 -1020081738 -1057317328 -635071361 153020327 -653583686 1313774819 1398382581 1799271594 1849004229 1789352152 1709764075 9816785 1379237602 -959363517 1586928172 979630612 51775669 81294527 -455258206 
-821513376 1015163729 1265507170 2027877946 1288407810 -1428995937 1415932318 -815943560 764934685 1057305412 -1220947863 415617911 -2139247990 1351569885 -1486314761 602178404 1861812931 -771294591 -2105235962 242121738 -836900016 -2039869157 1804164259 
1077197753 -1191652004 -600017322 -1537619743 -1592472470 1880640147 -360369470 868012259 -392889994 -1670099581 -412256620 -908661340 401938167 -1341319263 1242274124 1599120942 1602627029 -1360522236 -301748734 541954352 228348092 -843247989 
-514456888 1011873541 -1818229999 1257892971 -1204057110 -614411435 65769491 -654794821 562500141 -275388944 -1266829566 664638888 485608279 -728700900 1851251693 1179846409 1429772473 -1524700869 -219958784 129459361 1061623564 501675067 -818867709 2090635499 1460941402 
-1955896785 -880141628 1583236595 261359356 632462021 -1812349802 -1754975562 1316038982 -452647454 -13351808 1713327178 -345536327 361501623 337197064 554273400 257022503 192535563 1174430263 -739959459 898211035 1795944119 1953723516 -1794328545 1280970997 
-1755507272 -551991866 6576789 607911844 1693117096 967740965 297837677 1117325533 19048802 1496520845 489706055 -785138362 -1015263379 36838709 -1098990837 -398419279 -152774943 1400835135 -858221294 -872112052 -2018277008 942190822 301173064 -257708402 1399241340 -2114079919 1068662106 217663303 -802630225 -1961979348 1379831265 689304398 451326348 
-212071042 -919587472 730922336 -1345522592 -1483282071 1592307677 -880327714 579922966 1908658425 -1142469443 689871132 -566241970 -202245269 317955732 1693699690 262516888 -615910916 1017695799 -180269994 1845142392 230569562 1401106881 -687607819 732204822 2045024806 -1488126743 254904156 1220570852 1714278649 769903876 
-847953259 588132971 -1240254290 303329604 1276946689 252068401 -1607750102 1039076601 -1188622795 613424951 -90040250 1992370797 -670510667 457578755 1133014139 -200199849 65255811 -22383910 1127497519 180920575 -67452140 -697495460 -277159725 946932130 -1186850091 -903627758 -1703121190 1514275022 291005055 1054361630 1979524993 1459378588 1379374513 1742410903 -1068455111 
-881758486 1338085180 2140243206 818948813 375060152 -1439327706 -1731479037 1258364468 1259550283 -807873857 -1178737787 1882245534 1510622211 1710032314 -1085032245 -627256021 
63465871 850864804 -1368339723 445050140 -1239186038 1024442543 1762609210 1611563649 759634651 -620538344 -883635415 1939466713 -376542015 -1448283549 -1730432750 221964981 842005857 -1981293563 953976078 -1995188779 1235387894 2030001548 1758649518 1049301511 -1515468806 2137094029 -319973196 -245560037 
-931599929 -1698053964 72501339 -1853068815 -1003348948 -224429506 1899497975 1629181794 1701895105 1436190633 710854884 1737531192 -2061765042 -730792525 11208877 450696961 -2052550968 -1215289401 1626835944 1182223697 -1797021329 1391964406 -608545210 1673256189 -395529321 -1267097911 

-1037435532 -452225929 -365669685 -2095333255 929399712 -151025912 -1444890316 -479473674 -738670532 866081003 170607263 -377914922 -147633715 -368300156 207707475 925241289 745030953 1557036994 2053923824 1505979052 1989336374 -1859850660 -1889289260 1574987964 
-1153358130 -1919703011 1374461576 -925692832 39149880 -1127378067 819165022 -1369639866 1935481350 1327052959 1402180255 987841932 1194433344 383061330 -1808751515 -1453955969 -1248982567 1609546929 -2145962361 -324947238 -427602883 2102554200 821102040 
530981254 1332884054 1167344052 -1766693751 859439619 -1766266957 -115393669 -1746574115 -21257486 415755127 1114689509 -1902532312 1414506331 -1323216997 1419261737 1436909793 -1640045955 974252022 -138410294 -1387312663 -995770571 -754210074 
1722732877 -163255857 720926482 -274809462 -1107345400 -2143765902 -788159406 1147868351 -577372061 886170901 1951967433 742770616 -1445451082 -1441265915 -1301578555 712019706 -1282193198 1868643808 -214416268 -680888707 1185675479 659179663 1940982437 684523056 2143214582 245930007 1504450356 -2112269554 

1261107946 1710122939 -600751023 -124963061 -2084789113 -1368829559 1560705116 1464838241 -274629090 1364490194 -937589167 -1480463252 -1363682176 2049820735 -1268805128 -1145015722 417639758 978947102 -192951176 -1452933760 -852772064 1612410738 2000636978 -1985462978 1040800902 1485869429 1243790921 -1724605571 
-1002263780 1910192576 557993062 360845078 -900824048 2052779719 534400876 -1688108165 114727950 165342778 -2133556805 816817932 -1075475066 1548907788 -1041862657 -1939514759 1767624147 292059148 -1067788166 795242665 -1954386583 178740299 -915778027 -917492235 423672982 308970454 
-1973006005 -1888236294 1272816514 -1588380891 1949428561 894670561 -1014187869 -1783177033 46809606 1034559813 1267862285 -1169940804 977246619 1165470787 -439920310 -1387643455 -273664775 -1609995210 251677042 -622816402 1406943511 1202405579 -613247303 1877060917 -150821691 2062831278 589450512 1015543948 
-1071397908 -828196568 2040649928 -1715899497 1170836301 -2147174698 -847750422 1575988791 -1589135811 674670200 -243791771 2087840105 1347548062 -716094110 -663069931 -444577342 1895973471 137658985 1100347874 -430105134 -1690650603 741725812 -80324581 2132037025 -1527527824 
500411128 -1245447321 -1346972049 -1497297094 250686548 -972596307 -1984292929 -672913651 507524129 -748669004 713656485 652590376 -458651140 -1852983557 -1671701992 1914892434 -353518349 -1738827636 -935227827 -1404680485 -878016647 -1470932869 577699762 411026751 -559638391 567279437 -433007444 -1027410060 -772951802 -960101070 -1811110566 -560689360 -126160094 -1502037808 -662344624 1414290109 
1145091319 410051400 387347896 1448920407 -1876179929 815282701 -109802124 -814600716 -996547018 211845321 -1454864593 475164268 2071861071 -1441510991 -1197740296 713901561 -1737584103 
-1210437977 1297793673 1821098091 279862310 -1663868735 1692141652 1570712439 672917102 -86951348 395599060 -1567428142 1040956453 -2136706183 -1322465789 1447093345 -122352013 1388601755 1618089304 1123175507 54226644 -1891898089 -1020361416 -1170554699 -2117575718 174877818 
-700259044 1387178888 -187420809 -569438392 -260439390 111152549 552443549 2112297313 -1596229693 1311402663 390320672 -317158674 770759108 -1165532852 355418410 1195883416 1287902639 103431738 1244715376 -254819566 -1701834015 1169885792 -593435909 1958183662 -1115681571 116832670 -1312167293 -589520280 2106060820 1694107767 -2034986785 
1548726735 -120132590 -220979968 129357683 -1672303265 -2053517813 1856293832 -1910420045 1024965931 926413041 1716130323 -2120943156 -209950522 369012175 -739304578 -1788037947 -1613700291 1201868191 -1846120654 122126257 1048721543 -212303918 -1007592135 -244748056 1434067353 -5009696 -1293718778 
-949432155 -1619699793 -1318072450 1865618533 1161633890 78994264 582038591 -140713758 -726399469 898233725 -658505444 -477572292 -1816209094 1920515290 -456635911 763202616 1531013955 -1500884710 -652982148 -648058840 306252326 364237871 -238312578 -957453633 684787274 
-1697884108 -2068387673 349063707 -1189581207 283139823 -1457389887 1754462572 -1215143238 -885768262 -34257129 772502352 108119318 1602162761 314635501 815471371 -1491268653 -401760355 -1225103605 -1373996702 -1471609626 -516940429 -346576893 1488311537 -1819632001 -289012207 1648493010 1842417300 -896315422 -288667336 134934644 -1470236688 -2031800466 2077335596 
2015778493 243965436 -1762786890 1368160582 1013243393 1786474242 -715410521 1162158557 1145705266 891646165 191170740 -949007247 -547748210 1049797889 284067143 837706300 1138850439 -383571856 -1373507501 -1155074567 109472411 721180609 -444222630 1878380408 -65311426 453391353 -870954673 2036063546 -1862015332 -891321052 446945444 
-2058196398 1445820173 -565777364 -520947499 -132579778 628871574 1340605612 -1406760510 -1818538544 -54244222 1417273299 2130623526 949162740 1498868993 1425223336 -406377708 -268506303 752533876 -1602130249 -1919058153 1723047541 1361841237 741130486 -1051874736 
-1083419510 -365332389 2045034583 -40173019 487698134 1288765883 1750498664 463945977 2117478875 -1910442417 564532473 579506838 -1623028904 -1146179659 -567054804 -1722580391 968578798 887116807 -1959656605 -1194493589 
1873561061 -1472544663 1079131276 -1562823253 -908210794 -1520789350 -2059219415 1074976286 1631822473 -2085020594 -995150160 -1238024931 -2024618695 -339957722 
-1882185340 -1167952604 685812129 -1650031800 -118944909 -1099568118 -753586999 115698074 -714676154 268737676 2098338591 -596682396 117543511 653523497 1116037188 -1237120914 1870785206 1356400623 110842092 -1621924685 837103574 -1713643550 
1795135334 -1406779240 -1229063011 -873543367 -1090136433 194602394 1043465013 -570892534 385004526 651080833 -519875421 2121237840 -571441273 1769228722 -788906461 334792238 633514918 951141016 -1728153893 -1422964356 554090075 -1623463064 -1954950048 -1485040756 
1996427599 -692346327 -1954408360 -2072769984 231312770 1272653995 -805623592 -1526867688 146324146 429253850 548189383 -1312447025 -946596326 2073413266 -1453068370 -923740926 -536855289 -47921386 -1209345507 601437837 931553307 1955058980 1143205869 -1982327656 
1775694447 1338956783 -953045962 417955621 -1891648514 -1568630459 -998195953 -1837849298 -1038260041 1900402100 789162002 1812882931 -1567440711 1008414481 192366048 -1646850177 -1253585691 -153716430 -297418637 1248149406 798855414 -717861156 682486864 1799559935 1625544510 1233223360 561968027 823955434 -269519764 

-1255263340 -852445023 -1944591172 238629198 -664899744 -475025988 -1481341013 950444340 1903805570 267532929 573399010 1099881418 -2012512027 914904262 -2113489236 45067916 -7530140 977948255 1096454234 -2154515 -1641284565 -1839785636 -1780032507 1871750800 
723788135 535651563 -1961523185 -66814485 -2043230364 513626085 -1200714735 1114266494 542525346 -1156170378 -950045045 -1280735008 1930955228 -575951884 -2025444871 1343825357 -2095719962 1658564164 -1301374904 -2088410146 258420173 
1189103956 -92480414 -1667266397 1610438137 -152245189 -221717408 1638862660 607334812 -463492503 -71213918 -1220222805 478913716 -919730933 801090697 1007785575 1554511692 -1973207335 1208893070 -367946714 1865570907 -487673374 -1937730971 -263516626 319669338 -1485378983 -1323642023 -57463971 1373083094 -2135581210 1613469859 1904238874 1642436134 -29328109 1814270342 -1659734081 -743647349 1155114434 -543058497 -135266519 -1977362083 -760641312 2077956128 -22736516 
-1451346999 -1369192376 -1845706187 88933934 499897130 898080336 1805037260 -574281099 1574608530 -688696288 -723166659 -1607611256 1148026694 -1558525511 -2113447228 -396831135 213362185 1469969200 1781811683 1746319079 -582489908 -1711388928 1242738869 2035488192 -1468844056 2047263871 76919483 183247450 
957517522 694407944 -795083211 -1286002774 -531333616 -2010834366 220064252 869604988 -1548843128 -1229658188 1045490730 1226115428 -487674441 578163537 1744971002 1121501449 -62718685 1676848536 -2067060862 -1390381794 1627850606 26344180 -756589959 -71264254 679855794 
-1854951824 -1365701981 -156179704 1742781508 1835036709 -1820756396 -502678957 1177729289 -289618089 33514827 -2089795369 -468702654 23373464 -1858340319 653173940 468941422 1877158507 -1903818483 1110095749 -533210632 182178115 -1580764897 -439098612 1899621340 1162219160 -308144675 -1656976113 -581910949 -358066362 -1025224116 
-358489935 -1563484218 -1513796134 -150046390 787090867 -195013245 1782758786 976635927 1691680667 1627182 -738484287 -374985444 -989143862 -876726423 -534030080 376020144 -1186018758 995605905 1219626876 298920284 -1129095795 
-867486436 1435902642 1511275998 473049054 2103437702 1440909100 1188468226 1774572496 1832649773 -1672818120 750610227 -1152139614 2072921803 -421247698 -1331312608 294999101 -547781992 1760779693 -893585199 151650565 1157368534 999997032 669567494 -83594543 
-623342470 324178065 -1864033056 644173836 1513323636 -1648188553 712073327 969538106 -718585576 -1826777101 1831307721 -2095362487 149319536 414566173 -833385788 633684825 1852714030 -1385117505 833197762 -2001808372 -211155743 759191195 1446964179 
-494122024 2018673986 203160799 -1007189409 -1918967370 569941206 1415683350 166280679 -157425845 -1834461156 624820380 -431315366 1554403344 -100896591 -451815777 -1113859825 -1260307475 -68526999 1860917969 1695733333 1398161015 -35338554 -1704494335 
70679631 643692962 -563301025 1473822831 -952718244 2056600003 1179087379 -2001350703 1597551612 894777718 353508899 -482076754 1002123770 47032330 995197503 -914443743 -526067144 
371657098 480770533 -1818914168 1673928889 1020552127 868730145 -2024675321 -1697796566 1303213171 -1454616459 -2072794530 -1003765729 2144512134 1159344528 1542683274 -362721988 1073171934 561985782 843228012 503001212 1807517755 -1102304480 610508300 524490401 -443738695 314692395 1917512365 -1447392325 -1625404001 
2108868017 -2019444928 1225173165 547962262 -1914382852 -1946178486 893729129 1179293601 -1882466864 1850008661 -199359514 789488303 996721379 958364935 1887318801 -516727072 1269818577 -1841056233 1963751105 -530136936 -493780023 -1884705148 1229484041 1014484496 1876955492 
528820793 -147788834 -1940818572 269467239 2111941237 326591924 -512703725 -1737285935 387265346 -453433258 1049674403 -2090763754 -1915037187 1571384802 809917858 -975006669 -938068777 1737495913 855287050 206359268 457605458 -1069650289 -296225526 -1845833777 
986322394 -1403452285 -2045106863 -1944751446 58614243 -1478719048 1384213350 514812688 -615737054 1456091256 -223691332 -531587621 486884272 422889781 -2147025702 -1059695184 181994486 91773579 

-1890105687 -1753762022 1895310067 -1342582104 -265179429 -418695665 2142565921 426052622 -1016670427 1906133424 1177122210 -1489317104 -2115563995 -1019351303 -2061851158 -18714681 339825672 -639296609 -1964987999 -1919660048 -976918735 -877855092 1035763151 262003796 
16118588 -1214133798 259555064 1676222067 -1534150633 1045364000 79426356 -979124823 -600996213 809126224 1364513478 1234536349 -1393757924 1877765467 -366096049 1601051992 2016568138 892908756 1256959271 -2058476955 752370599 -697564004 293962187 1162916619 -2080866494 
69510977 -623262711 -1373811532 -1171583833 1813237281 1770129365 2027150471 -1420891488 269179409 -650253142 -198185721 -181673136 1069589643 -831129808 382749562 -408581880 651644237 -539719264 224731301 521732267 -1000982647 688199639 2103343724 
-233816910 114889525 512589948 366044107 -1778506614 -1209416490 -2068780420 -152406855 1920075406 52714265 1402350618 -928518813 1717515074 1231644561 1791949421 -469817600 1526340894 -945685856 588383734 -767810204 -360567001 2042733098 130152484 1033546021 -631469518 

-939926882 -1745142178 -1609743106 -564056015 -1815870306 -1047495982 -232952839 1919999086 1723218989 
-1931082120 903749 1720721171 -61879146 -265081085 254190156 203451922 1816314497 413125181 345590800 1201550976 -1971347999 1496566733 -487603892 1422827083 -139919539 -538638690 -1630938719 -222343250 232604322 -378005486 1073271473 1285874621 -1389610830 1520904453 1696602453 465911809 -1495358701 -380533010 -703059918 -1335062176 -1993898066 -1331878839 -2001802154 1135912847 472683308 -1876126562 608104143 -723484903 1741583016 -837300799 -281192827 41794032 1702278935 1853447126 -561729107 -1667211431 78923150 
-1219163101 -2062517456 -509284650 987086450 -1649967971 -1001625524 1831876641 -281417863 -305464177 -45108423 1222864389 -1778493317 122625422 -896270188 1789745937 -1287260765 -265968087 -466323210 1426792063 -1194953877 1575064415 784421897 -853335334 1072179243 2062596103 1249421902 1891041782 2059361297 -1837420119 2122184783 -710284587 1741323633 891813770 229947898 764587815 1441141463 -1397731092 -512457872 -994482902 831610606 -517497262 -979378089 742545328 -391337358 -361771514 -100647157 911792299 -1869731185 -4779396 -1436249549 -667558281 1776139340 -145444552 -2111672233 1947703871 140824098 
271085945 1551550782 1542499637 -652436145 -603885684 1649323863 -1611230111 -1333343600 1036363294 1387955546 2039488140 -1929099765 -10617802 1608495548 380524106 111565951 1476806674 -677892040 -493150744 505851857 886293140 -1454892185 184187296 25331749 1749544157 -356675815 1097085891 -1804696890 1541441725 1984919096 651507619 -542155946 352460893 275765402 1703464910 715512621 -2036684377 -1427189940 -221491276 1077620718 1202817427 343342960 -329858544 
