1315498622 1195485950 95652132 -680303969 2138387444 -652232789 -2117699537 -310672457 -947142192 1684182860 
-1986012167 -1342628665 -1141744919 1720074654 1095302596 -1571689492 1768420343 303007058 1923933932 -418605239 1991637146 
-1381679465 1781187852 -511642503 -220188369 -612785737 5712389 -161646101 -688964034 1256768343 1869721548 725591137 -124939576 -1571185345 1128962574 708298740 -1888472902 248102143 -2018540562 452834203 2013736905 1480286188 36834580 
-1977820183 41628782 -775959803 310414923 -1145885964 -1714825956 542187621 -20116288 -456626063 -1541324895 5736706 1378447202 -922724244 800185251 -1244192267 1200536961 -1548071777 -700209981 840311497 1740041189 1759009555 -1975977215 -1437473242 -934878235 



-1281394756 160078786 152383725 708913536 -424705969 -1830152042 1848746425 1519884127 1614083120 1189281577 -1417673206 607405941 1583909990 -1229109844 497314369 758744952 2071825214 1700057073 1667034192 -1144997582 309965898 256751874 -1163853526 2001790810 
-1989869361 407197151 1414287497 1305821765 1577347058 1713118365 -730557986 324326099 -232094973 -1300913226 -1037585291 -851162475 -791078273 558784408 -1671609488 -884259062 1865186481 -229579656 380245642 1240919269 144807963 -442496459 234593814 -698645105 -17844202 
1817900282 -1349727924 -1638961882 1202419746 -1116422956 564434023 1173972201 -1367614598 819115165 -2118018169 1662877928 -1626543199 -516023235 -169958047 -416622116 1869027418 433652250 -910886476 885388343 -1088558372 -777488172 2090042801 
1789542533 53160015 -944828225 1405217722 1182779630 645906297 1346325309 2143346234 2095518587 -1113728417 -1327670723 1665258390 986269199 1965859697 -411333837 -1062106923 -718844481 -2119787197 -732547974 -505280929 980812358 508168607 527329213 -1945504368 692795888 

-460623980 -1947925027 1277761129 1308180137 -1867066836 813291156 1546722306 1643523192 -714122385 -1250118785 -1017764866 248313472 865084947 29971829 182472811 1629305804 2145125167 -365475254 -939271498 -518438057 1093034429 -2055428386 -1578886987 725556049 1634766750 -1038597665 
1681472517 134015948 -1608739610 280411853 307720858 1237721008 -1274035781 870601863 -153998188 286880677 1470883312 570586794 -119261751 -883497174 1596449696 -123731030 1701447898 1178925679 558225254 616540642 483533553 
1561188028 -1678948808 2055700543 892466853 243502035 -418494894 613038253 -2031159928 -1779643189 1503828910 1066488539 -295915639 1772743279 -1276628043 265095280 -459739520 -1275360869 944277237 -271694631 956999271 -62122159 -1223776921 485700255 1786146028 -1193490166 -1588707631 272118591 1440719730 1943617428 -2106349660 
568932553 -1851501312 165253943 522043572 1254248938 -273918208 1694981809 -1738529544 836782975 -647681655 1973785701 -1784850874 -1531188097 -959090082 686838684 -1307739276 -1585079941 781918946 -933394579 1728062795 1423482077 1650661614 -1484609606 -432813845 -1507870600 -1181296284 
-461204918 -511676617 40863528 -975065989 1881639620 -70888322 541337511 -1710955371 -1376506601 -1948467425 398689412 645821522 -71231881 -1034404765 -954818710 -2012981872 -232120306 129153277 2036757382 -1123391769 1969303515 1055114930 -716903208 1756358621 -550381825 1242639821 1695130355 499934853 -245573477 -655520641 -1926207303 
-1549529947 -1993381888 -606401998 1917660518 -229800819 -1935897617 2034127942 1710733945 1850462134 1952848655 -1395228415 -1335863031 -1937179190 -2008270316 -1196615760 2001905212 1358848469 403215042 -981433296 -1551533153 -1909849003 407706709 -760008137 -965624545 -516436347 -732676857 -855625885 1976187075 -910066477 1158323183 214257062 1783913380 192280178 
-457651615 -372023514 109538194 -1759688424 -208310670 -1465253205 440843830 1317336344 1829690782 -49380897 -1535525012 254527414 -517632822 1162446420 -1652966099 -112993294 -551657767 -1723213478 646283287 118785793 560356620 -961623611 -1092153011 -752057654 -1678223445 1603656989 -948456173 762418731 2033051242 2067125748 -588018543 -1758980712 -488332255 
-1643047718 -1588226124 1607588448 -1048446299 958369882 -394198355 1333410380 -706302003 620312382 -452069510 703587663 1494010347 -1660500530 -1419584906 -254957238 -1709551897 1213307374 -207809663 1665525061 -1939677697 1726899871 2053524494 -1985304202 1617667113 -310835599 1307958833 183115344 
-943926100 820330251 190878218 -85771925 1902851785 1430818542 -381558151 -723728977 1460060230 1601632990 66437871 1958575840 759221542 211164918 -716511870 1462866742 1936127943 963004770 -100077675 -471391833 1325311126 238298722 1260304891 1757391522 1604198639 -1989628335 185133516 276546137 -1462269915 -1429704629 708909565 239121273 1591979546 165606043 -477431331 1890047742 -50777572 1007988763 -1560561107 
1175072702 1679743954 532943681 216361515 -1749915563 -1928508149 42593341 1285547641 499801417 1906318739 390857840 -1698928573 -1183308792 2023951424 -851351008 785056303 -1057796787 -1011124327 703403968 -558706724 -241148479 151217288 901062422 
1426085548 -1715655827 182903007 315475860 -1666127392 -585653045 -1758347328 1238439843 1546214588 837486806 742263017 -607092272 1450427580 -1684482791 -820300107 2016954929 164619702 1002104242 965574251 -625471794 -1453996915 2119101859 -1321828583 
1943469071 1696762676 246132881 -1807249258 -1960968958 1703151199 2144982167 -636072045 -1927543363 -99163574 -284980832 2030372051 255182679 -99522709 557835064 1169174664 -1334595406 -415620114 -1438708075 -2089633127 

-1500133550 228177894 1855346645 -94742017 -757200626 386087812 1842674182 349141297 1468066835 -1620637708 -1117113703 -977179958 381286324 -1917326243 1089976092 -379910047 1550484847 -649398710 775200532 2086231602 1545611574 87474715 
893259596 -1822898905 -1532078085 -828499945 425942202 -99973861 1097289181 674788602 895383940 76019546 -591977404 -1055424063 1472239310 2031980033 -777322244 -1629885191 1415958575 -919362426 -15895530 678303189 -985453899 -1297636590 1081148997 
-964579004 -1558988866 440134803 1695062517 -1510588815 1955729603 -1577481783 449104147 1601328340 -599321809 1975186881 -1424214825 1101896261 -926669516 -1294799626 1197802192 -1298424660 -1398509952 2580628 -2114207387 -899238330 304557080 -1738773750 
148646453 -1300409061 -186672891 -1978231769 -1290876459 -150565031 1511490766 153768454 -174163615 1647088882 693360870 -1191182416 871307614 -217660118 -1053653128 583644557 -2088296907 1573815176 -590129640 2074380382 569079985 1420635776 846060101 1167721606 1431225168 

-1206251796 -1747414359 -1527028159 -473389264 397151053 886938207 -805993653 -237663555 -2135790274 1485034137 1120279542 2100982185 454815090 1429420898 1038750304 -296077950 795682390 2064513724 120497244 1422894010 -838751834 -146852338 -654011705 -570920968 -522922161 1436259055 -418333248 1246336056 701681869 1593807763 1374739090 -1979127854 -931453955 -2053540339 -523179011 10125862 -693527571 1745188802 1408257672 
272382128 2112597135 -938657102 -1176294849 -1409008063 1494958601 -1321535604 1617484317 -2071226897 -783150856 964932478 1667427602 -1978621109 1977773574 -95135339 118411984 -1638392152 -1524286466 92728984 -1604405485 1717512453 -1949342561 259381641 
-580198074 -917217733 -496413551 -523885972 2058983503 880809626 -2135903138 -422045986 1858015802 -1408212437 -44364296 609855257 230942362 -732413924 36018270 -2089443634 -1148449266 -683435272 -1466558497 63713328 804092898 -1949864229 
1200403867 -955571556 -969348507 -634543515 1158166595 584354634 -1892425486 -1651877507 914383035 -1661691537 413131259 1772666248 1430520347 -1024947260 -433217382 -1433158196 -946611831 -827266985 612441859 -1597550398 -1157360662 -602656585 164981517 945098245 -851337830 
1645653617 -551655874 -1558777404 -839791076 -1212253220 -1300842988 -877518908 -885101857 -1736199943 -25079239 300063477 1795211781 256243500 207477849 -2053601722 1621243806 -2054075991 -852618080 -686936652 -202265514 1134506909 1328413947 326481922 -476514906 
-1156100443 -1622903252 -1050326029 -691158050 -27314958 -721540597 319117697 831374597 -1215819860 -1840118883 1333247026 -1653738604 1876634407 1822456440 -1104044881 1661068421 -1695605455 1733712394 -816016237 -1252100221 1766374370 -323732847 -788505164 109180736 639421679 -189004899 -1426631442 414300175 -989370748 1600527982 549864898 -1033167432 784894417 
-465033728 1368902772 -1064001471 -360833249 2030019287 1226461164 -1049475337 -2102126622 792887171 -1324373379 1387613907 -1103712715 1839758960 675525197 438273210 -1424400472 290991413 -1718138595 -892386227 -98513186 -1527059326 -1575231287 1974432835 552428146 -117787877 -1189378642 -101793845 -1121515083 1011760481 1168059960 
-1760779862 1237442655 1379798841 332350695 -1791179355 478126985 -1025999866 -22715748 114499850 72324203 -411649791 18491350 912687979 -1537014233 487186467 -226690153 361765934 -1561103022 -115679398 -1119976057 535937978 17965709 113494818 56790413 -1716561192 -240585395 480743255 -1856990290 -804251449 2086066522 1045243238 1007570587 1254701486 1279956490 1754070529 
1817789194 1824759859 -1763197899 -64588581 -1848484090 1614950284 -651964794 1902316147 -1984033757 -597267434 -933626769 -31480511 16969546 628007702 -1289921454 585656887 
1783107623 -303625160 1535840360 374411040 77787561 -1985143634 772711777 -1920056276 -161154279 1280076971 1890334397 -522567008 -812700987 1328007191 1727905461 1469225040 427460028 424832898 1767472629 -41386931 2057392464 1597038082 22574595 -1628755876 -2023238312 -214844177 1718029257 -322555479 
-1870283416 -144019016 1232071289 -1081954230 -1500644343 -639324278 172887698 2037832115 -46323141 -684930936 -205443771 -1618280084 -906380212 -528800208 1717773196 1805631680 1820672319 1356625679 1473545915 -639272937 8954403 -682647399 -733926831 436249753 -1885290472 656573840 

1421719966 1558459892 -1088188590 607074398 -2146344082 1392362235 -1740997672 1782123013 75954814 -639272424 -1788332579 -842613010 -1818512572 -8543301 1935446330 498953462 51423452 -1332978103 -312710619 1474746385 1162375533 -727953292 -189412913 1270524861 
1412429344 -694741329 -1878749390 1852928694 -1988210096 1666589348 799500182 1306410433 -468305685 -1684631278 1240915765 -2063481847 -939138236 -678680709 -1328208337 -2113384577 877356285 235432648 -1807297199 -2120097480 -1034097069 -1039930865 674353710 
1403689699 113558445 898972508 -1755232492 1092557560 -886856482 1531272410 1489100278 2141660653 -1075638209 1282781890 917769838 1137669161 -1978812568 -948478019 -795977998 -1130313859 -949940387 -1606403866 356187561 433723546 -889117793 
94291820 8544807 2112896977 1736235516 -928969729 -1404304749 911556258 1112326165 1591764486 -919802799 1538187291 -1998158745 1891563651 -1623396300 -1463125768 -1021256412 1554568014 1990219137 -964043430 826074895 105816292 1874601439 -587939179 548615642 -2032420084 1928003352 307153910 -651973757 

1066822413 -1745441809 -389474253 -709270779 1835842745 -1411261582 -1905969308 -2042882072 -1880830301 -656009720 555512970 -1725788916 -888942254 -969461141 1470460616 344611462 1346060757 1012849645 -1518826654 976944893 -527471385 -1122503280 -884999611 1108495705 -1741685840 -474295243 1408375406 2040787857 
-2082082905 2060002106 111584330 -558620894 -2125998440 1027104489 504470340 399027554 -1109867077 1275061878 -1398153283 -107696010 -716506018 -1553380795 136422077 -54809682 1046163050 -856861750 1010586721 77222948 -162121460 -1152720410 880012247 816163881 1604220105 339298067 
-1584522131 -1379390137 631948007 518077174 1013945178 1462781061 -347756365 1835326286 1316121830 -1652374841 746487265 57668662 -1048937307 -2087278558 1460876247 -380649487 323031479 1611094635 -800142587 -1817569449 -1878028774 -2042240755 -1196323714 1759073823 631648934 2141179273 1786275832 -1485601472 
-409714798 1211572346 1115280728 -1965508427 1058140095 1012751735 1897194090 1544395887 2042554757 1668134160 -1252398875 333745004 -2135292191 1566873379 -1117664434 -792134561 2090900953 -347947924 -700704288 -73045540 -681574633 1326687729 -500079632 -174658248 -1163700337 
1114180556 -1617812568 1219262566 -313742481 546151652 -215443586 -367798338 -468708519 -271420154 -1712973022 1225293319 1429503245 -93019534 -1278531332 -454745369 -2048046375 -1629425357 -2137868684 -2095910008 2096441207 1474089270 1134078304 -58423077 -230108243 -628226411 436541653 -282075461 593492460 -1581121707 45858204 1943165272 373210219 -1636743860 -181770931 -1468433946 -2138963416 
-863366423 -1727127138 1577676842 -1303433985 -1949222131 -1880451927 1200789902 203167075 1046398651 -1082965417 -2031205368 -1445628247 1814562179 1154695099 -2011621364 -767742683 -1805166617 
-1446293857 -1923916034 649209290 -1379577866 1079211636 -1368213297 -1842298828 -735189318 -1241465370 122491936 511305853 -1300708450 -1473528203 1626227411 2016624556 901317455 1391636875 1487836995 1589385506 460190488 301140176 1282604204 513688923 -98275983 -398603374 
-1649782160 -1506698424 -1197213726 1607715813 -96963457 -1484828682 -1312661514 -433762975 -1397774654 2028429818 1705710635 484583308 -1321166154 734678220 -334509541 186587599 -1142962776 1303753801 -393077430 2091768739 462299739 1905933395 -1962564171 1522816772 -1481371499 1805034807 -617761220 871501043 -1403960480 -684598808 -628079069 
942159836 833613703 1303216853 -1037879565 2055466806 1904517714 -1532068008 473468555 -1814585240 -818461972 -1391359675 -1201567210 -1461474605 280286396 -2103526607 1850151815 604213743 -907726508 1605191500 -2131624501 235966921 736873472 -1477475425 -722692973 731350522 -2080682116 331704252 
1682587855 -863852094 1358630588 1843461888 -1288117459 1799280442 -1396405716 -1879542152 -108315799 -949213010 -492974539 1559590817 820713936 1973078089 302359300 -2016833249 -548099926 -341552559 539858746 1913426164 -513537904 -970282062 -2066462664 1158181219 1931033769 
1776143986 -1914493528 1327269325 2135292937 -1465317696 -110089803 1588077065 -920901601 -905266242 -2065849567 1195045472 -1215637453 887029435 -1560873966 1977035250 -2105352366 437278388 -1620428040 -1175934859 -837052155 1630568399 1292747022 2053797427 -1574698293 -601102666 189129141 -36662921 1563556176 1952634887 -1629878863 1206748859 738132230 -1012164649 
-1999408970 795689193 -1878037639 -312466685 1138968194 -2065065605 780444895 -1059279301 58734909 -1807321103 13805967 1308149328 817416980 -1909064584 -803471564 1464946200 1020310949 -407344922 -797566461 333835657 1517564364 -530373696 512552613 -1142952875 -120612177 -763904226 -1488905602 -1852932845 1098077734 -510442252 -1455775976 
-1040304670 2010735283 37925426 188087715 1179679329 -1595692706 642876584 1649905673 844726627 -822224469 -747419507 -515453501 -867092515 1845034438 1278915032 -562183622 -1093726204 -579718580 1113764220 -44359046 1880465778 317267643 1300801973 -850106211 
1780840676 852325519 -422491897 1550885816 207993860 2064082080 -1059915158 1898809365 -467015000 923330704 264534867 56628748 -751038203 379132136 -795433079 -289039770 219347253 1249860814 -1299401347 -2079221021 
1120157844 1983731263 -698965285 -1987143581 -1924472368 1633952777 -1008383725 -634802407 -1549164219 2130849807 1835535192 1144073016 822305324 -747840624 
-1100951096 -1485262412 339262042 -2122226661 -2118478559 -399670430 -2127212221 -1247331779 -1919744359 -675826622 1377127968 -1348613935 1462810933 717623381 -437425731 431316599 -777321757 1515947984 713473566 -2051219911 -967268138 -2137125868 
2013857063 -85319339 1936704542 -259451795 -1214430095 -1114318909 -208123420 884321265 -1966861551 1996502640 -858777542 74736781 1454475703 1240110584 -1776395623 -2102496770 -541391076 761594574 1048146320 515126150 -1828654189 -1411864592 2083167019 -947847508 
1782696669 1163030191 -416938588 -715863378 359159120 -1418092952 1518281777 1460589099 -2127368733 -1473232385 1435854368 -5029296 142556337 521131661 487358091 674890343 1620543592 1928897249 2053193390 -1855210213 1184236350 -184270133 -550818955 1416393828 
-422853331 2123901181 -752893508 -1109099849 358103091 643236041 1777603200 1522079182 -1962949285 612685368 -997815691 -314585805 689282639 -1873102557 -1752570499 838925598 -1522977281 302307622 1568621282 -1698790878 670281028 -170543638 1113959544 2026247499 1110805799 299901878 1231062978 1809694627 -343279187 

-1864239242 2012772220 2090196193 -405766162 829813201 -1950570122 -1363620107 1303032337 -1339624664 2117336351 1714802543 -523266351 -1955546415 -1132926470 -176511073 1666849908 -750360447 -607363350 -1829004480 -516582471 1335003720 -551665184 -1276662150 -1489624266 
-1684638199 -79368701 117135350 377446181 1414761015 -1667855563 -1689624598 -1160702229 -1350363293 823789963 -285922055 23870905 -1672677455 -1698195384 -263393958 348150664 1613826515 -442884151 1546470906 -919329351 -1096144781 
-373385937 1032428551 660745921 2050750975 1665101471 -1080616317 307035066 253390208 39645933 -1797527516 1251705309 732543184 1386045244 754912442 -987628550 -1224964883 -1631963569 146569931 -116334564 1382891241 1026712961 437984233 -1688323078 -1363209555 -928327027 640811601 -1080326860 -669882337 -2001644575 548292775 -1129513789 -1414603001 -685754296 -14629595 -1812131474 -127023717 1016300701 1176967466 772890835 -1548897711 -1219377732 -1006440937 638852591 
1919466361 -1945758039 1852057436 1496847752 2106293129 -891119387 55836810 621997470 -1421470179 -1903924833 -360144036 2070140768 -503605456 -663391963 1681446251 1618671179 -1107895075 -911111351 -2012579759 1574455425 -429882574 140505240 422459292 585039553 1230714791 792889558 526669135 1407450047 
2011701321 -1418673723 1456003516 581805105 -1853343110 -99863654 1695896643 485217909 45207519 -1778832190 -774915654 -343510791 829250787 1703253997 -1428627064 -216369498 -839319490 764222737 -1489280777 -1327771792 728931163 -1823368920 1379931622 -1047202570 -344025297 
-466945377 400814649 283309053 -1595223137 312608661 -317275628 928451001 1705618175 -1078071458 820530685 1830101002 -646799573 1703210388 1799283987 773400611 -1927574441 -1188328405 -786993684 599969593 -1936269331 -1871721318 1089153055 -1495151274 -475048915 845178091 2061977688 612078593 -1856198979 949580954 593753999 
1881430367 673210144 2131485489 163712893 256700125 813973538 368368905 -708863969 1670383698 1926275464 2147411450 -1330363864 1293493977 1470216859 -2048961998 -2110199942 200256678 694793229 -1654808035 -1614431721 1435044916 
-731611507 -606891059 1208813867 1841139214 -867060590 1611718 1283951011 -1520815776 -1868012125 -1514932720 -116662697 -1622365261 1177483243 -950239569 -1583321196 -1106528264 -2127941993 2038270353 2101562868 -676757144 1928571990 451744048 1214398508 -433359016 
-1711720990 175547747 -160361929 -1651215913 153880920 1738256839 -692950380 1204173561 -1526714044 875163174 -2010888712 -902322361 -309807325 -951334367 -355557091 2025588511 1212146206 1640044362 -1665658240 628792211 1038043773 -1841834497 632876608 
1861944890 -493594939 948967706 -1701618327 2081767301 236697525 1533524104 -2074852521 1625514459 656410229 -1260125103 1079308319 834951693 -421842139 646716108 -830728589 408243049 -2001333171 -127511087 1238940001 2084709264 -1834205823 2041503430 
-1298105661 -852776356 -1747072497 -509098715 -1824670703 -1511809671 -1406386471 158088295 -1414434591 -1306167024 1867090076 614730703 -1437034032 -251787746 -1401020538 581293155 -27088302 
-41972937 735764722 72398675 -1573149359 -143268085 -288184490 -1595822877 -233681505 1556155545 915289990 -41366035 129932940 -1407634772 989691245 885480055 -388202834 1903973044 -672708318 -1410862883 154175020 1973921568 -296725025 -93495555 564513126 721852499 632928701 -244948358 1050482632 900327844 
-952731827 -479720551 -1104787021 -1889008394 -580512937 -238557618 55574991 1870336715 -1387621148 1154304365 507480202 -872012670 635882227 -1020273715 -58699869 774187974 -1931413454 -308431397 -1054380360 885744305 -2042218935 -848515100 1011676810 -1175229060 -2109735457 
-2042230317 -1540247533 785174374 -1772624308 -1312051025 1802891019 -1461973775 503361865 -1641351510 -2042462407 -508549047 282027093 1032376652 -2022004943 1461960514 -2125323503 -1200599435 -1909235563 -246077270 -150067394 1495964248 235425536 1608287481 1847109309 
-579930255 -1850366737 1870841949 1749212986 526245668 -505272011 1059209146 740524571 -1299549666 -1585782027 -1415886412 -1498145419 1176634081 -793928053 -499733606 1374891281 -564608798 -1901135714 

-2070359121 -2024786987 -849820719 1682686744 -1948308858 348735153 -1957810395 -720619526 1741991373 819762054 1980406602 -1783930417 497404767 -1057120093 794757190 -1273705945 895143330 -1587661946 -571305059 171709446 -1998582236 1624309850 1531572447 1228605920 
-657700285 -376079541 992146713 -1066551541 -459456478 1698196319 947621395 738326869 -2079178722 1873250750 -1680541417 1927638103 1742633907 1499115814 -2000767445 1684103303 526576169 -749825892 1052110999 -2058190818 1371130244 1186629109 1865068179 -1829359961 -1336147977 
1059833646 272814867 17641631 -1689554741 1967546882 100743792 -909525326 808640862 202656439 -1710912461 48825749 697721070 -1614190367 -915466694 -474335954 -2025981391 -1670122702 -1195064221 -18533771 397823231 -1971977663 727708122 533549509 
710427308 1058973352 1056518112 1772414304 -1677368557 646255080 953760778 1693998502 618756807 -1171544987 1092201326 -1428628598 -48777337 321083586 361514163 -635007502 811402728 -676078320 697330580 -1224368669 95269258 1495757439 915598755 1837675656 -655289724 

-275935940 -630496168 1380882287 1761666015 -1270242806 -1316472398 2104968097 -1807166181 -228632327 
320437334 -919481086 -1827953567 -1713862563 -1452347780 342977105 513454101 -341542563 147268285 -547549817 1924048550 1914932262 -552064958 285410115 1742043786 1232894193 -1607747567 -804871594 -438952818 655759076 -1359188684 563814301 -650780674 2053117070 -2479913 2121568116 -1845476944 1069340359 1387800531 -1281524685 -1043945877 -1709874039 1114009572 1620766097 499625448 1034905233 278835997 -734463810 1183675031 -125988574 -403550369 1090283416 -229455527 -694659618 538279517 -1999856988 1231425717 1041609171 
1190337003 -1338600118 -439645989 -246072204 1839771414 1407544737 1473125892 -750465234 -1539147554 -505154864 1916796918 57252583 369916710 1931423043 -651976448 -120489669 -892584553 -1145181966 1720634521 -2000845020 1669092918 -512620730 1645739642 -1323779425 -211071658 287853197 1363236274 -723325084 1428808630 1354154018 1230595931 853542140 -1916292745 1620117248 1064646075 1784359890 1018070794 476846530 1471480969 534551963 55024608 -347258222 -868793154 1503060388 -911183888 -1358531962 -1271683745 575306413 -580552385 -1411457966 -420317224 -425065749 -265403731 -229313012 -84746762 -433298296 
-788714291 -2117410005 701763397 -638686077 1914857553 717545011 -1011026650 -1676735198 274869554 -445855593 323440110 1829666025 2037420128 210639060 -1147068932 1416227993 -296682333 -1720797915 -135594522 -1154323260 -1689300017 -250445336 -619815441 -1946725029 1275948727 449960388 211963531 -129404351 -761280221 -772162512 808654964 849183787 -2059399352 61929026 2057526882 2024385091 2061849061 383005533 732116340 1338212212 -1939557734 807794720 161824231 
