-170911063 1966139713 872064630 2085785863 -1794076577 -813070860 -1279948150 1128303710 -1170932756 1207067778 
1130054820 1028164215 1916407469 -2108912684 55738661 1287125526 -1688718518 -835132834 1520929445 -1380948467 -813283757 
643810059 -581791607 -2071208182 823891637 -550903530 -2030987500 1222379105 1982311257 301575655 -1682033979 2086690600 273370667 -1819484458 -1622687730 -2119411382 87597358 -31712063 570322222 -318471505 -1514175865 -1152474180 -1541120643 
-2038595453 548144675 -1938933865 -1299809274 -1914773739 704927224 1773148897 1873665225 41337988 -258132761 -1591337196 2001718452 -1976882235 566903924 1681526177 -103110116 -1763158041 660717210 -994205702 -547776071 257093922 1705091192 -372225888 63546401 



-1298063656 1862174742 -1100318168 1201603736 -823484339 -1178456124 -662792290 1440859490 -2140793068 -790451447 -40513647 37012969 1444799663 -1797177239 -1311238783 -594879235 -520780987 1695125675 902484860 -1300136690 -879473065 -749153395 1594146846 -678334149 
-935317907 1474754528 -975634753 566330393 -65454888 -1172257584 -556403169 8885780 -524156147 549344708 539060795 592004849 -1651485329 -614671723 964421873 78955844 186977867 -1807228452 1867219466 -600353313 1459677339 612459158 783757568 -278469914 731366385 
1506096091 534321217 -964119071 1807883105 -1672467611 345958880 699822404 -1182697297 719796483 -866802511 331429008 -552482158 489696129 1180079108 -2062587167 -1317110132 824708065 1192821542 -1483089496 -2069856450 -1499339578 1397559240 
1578215216 -590482512 -981852234 567893272 -1083751892 -1176777853 -1227756498 -656466094 1167710916 -593774347 -781248848 545553797 2133473910 1929511163 2072803330 -1854480801 -972667743 181399027 322448527 2048667812 159138747 -565690681 -1877784511 -1383923836 -888695903 

223227399 -1876817225 -1483819452 2076850942 513634106 1805115658 -69279071 -359550107 -338751824 -1821473714 -976935810 613360912 -2032909963 -1705188362 -1064933707 1304241534 -1816334503 -1314043136 1029880402 -1920942417 1295898563 1505718150 1504613978 1084976450 -121715573 1794566642 
2012098779 2145421817 -419495407 900421730 -56743629 -2134841560 1809504514 816495435 -413188729 -43867082 430636717 -734266374 -455151254 952454034 1448821522 -980235309 -1974828619 1146917902 1491867539 847994342 1235404146 
985500329 1088290114 697242918 1680218813 1512996415 893766091 871498746 1316329057 1871739727 -231008306 -2077601299 375387252 1125654382 2017040553 -1959159536 -308869078 -1530345773 2099943407 -876957899 -465523013 49019609 156789812 -1283219042 -1953150602 -653934344 1188311719 955214140 -254477884 -1101884544 -552934869 
-454613748 2097352684 -403859888 1806878479 -252785324 1935089035 -661677934 219852250 -1358516444 1214447721 -21882444 1802867308 -1302010034 -204304297 -1241818928 2051433058 706813376 -677197950 -1837425695 -1345743155 -1138326906 1593602732 -543026838 -446013432 2103359185 499030050 
-1438159656 1429489498 -1773572167 -444998239 -1598330767 -1442295729 -815988389 -295106026 773265585 -1737855097 -522980685 672037672 -622069239 590849549 -1808060858 -422604394 -1787765934 1842136782 -848906512 661524161 -1165826411 -1555511309 -1834433573 1339452375 -1080793883 334777737 1937846074 -878092409 673538194 -1247469778 -407279106 
-748284408 -135552951 -445093299 -1052478566 -1670235802 1369087787 -944373005 -947999128 -1214001833 697142154 1230581587 1691698078 1890549449 1739145771 1692160644 -1230325344 338660543 216228790 1689697399 -1396735406 1897605951 -1153850279 -389874605 2143126629 515983618 -1430029470 465652704 134059348 -958045442 -1204997360 -359259175 880699805 1035964639 
-393028509 51017759 -2138774296 -1265293891 -660676496 -1427540285 583313098 145308130 -247468725 497190492 1165657952 -1532916733 -1887642131 2102844849 -1043337319 -1083393536 925392328 -1481944606 477152241 -293757682 1437512461 2116050925 1135873233 184986413 2067525212 -1203011954 1532023392 -1341127135 2033816006 -480341402 -1533492171 184643980 -1108448401 
959112676 -556685262 517032796 169106720 -528080465 -942646484 -860850107 1053465289 -1931271213 1268685015 554335879 1151199326 1649260118 1896264352 1245750865 -1212655285 1091446240 -896565988 -722612591 635934215 -532737276 -1375012076 -117965357 -783833228 1406920205 1519666969 -394007798 
1782927114 545059244 -1812605983 -1086409958 1704117696 -396706839 -986290099 1252483745 316031426 294093368 145631247 -464796615 -2021021684 -1076169320 1020374817 -897026500 -1292410350 -854987307 -1341228172 747521522 1824006345 1914198884 -1377417098 -1334638859 852619230 1845122819 -97719981 -550591000 1205413166 689158603 -685294418 936455888 1752690052 -1550372557 -1098416706 -499064744 -624340447 -1731856556 1311073326 
396613770 -448708716 -771029440 -971553071 1954696564 111842431 102174519 -1329930027 -202642389 -1722153720 549514738 613156090 1287398973 -381005745 1942160582 1704432461 -1480760210 2075503541 229914928 1194473029 270939937 656239942 1997961586 
2022785947 -722001042 953669503 -62601696 776329559 576857290 -647851587 -911406760 1369011464 198770090 119871214 -1118178076 1538510281 -890609037 943608672 1755034012 1065004479 703706569 598619518 1038000056 -1601478329 -1928431188 -2132693158 
-189743611 297749510 1159716302 648486840 1608505664 413347433 1490441548 -938607954 313771053 1197743523 -1801546146 1392251932 -2116514409 1378982971 -328787119 1636299805 -1110488559 -1439159020 1331222050 1085729252 

1593023463 -715345346 1455656252 1162574281 -644978110 -1995672631 1677518152 -970574227 -1034986395 -33409238 234948815 1670570634 -736631547 622134431 1149905335 -805786771 -24428894 1614414221 1951181058 688057193 -728667525 1360888615 
-1135380139 -323054212 975885711 -1101682216 -128375972 -1936856251 -992692428 -1284264325 -324052243 -1400694609 1754745245 -312608987 923807661 -522185433 -2132808407 -1784088856 433123822 -1720710083 919204185 -481207036 -1516168759 1265024987 -1716747051 
-1349648662 -427625880 2058168192 1240031000 -1868246536 1413943280 860143878 1683330257 -452364010 -88128041 -957485065 -312252736 348747617 1264587596 851835566 -2118654820 -2136159023 -698591109 -1470147337 -1253165875 1404586019 -575678346 371434651 
-1510600601 254274843 -1102337006 -1209565745 -1457935398 -255383377 199727414 984346005 713713799 -1577116461 1210164998 -1578532572 1104945737 960991422 -1093840663 832476006 -523211275 -366730059 81958335 989823784 -423391919 -1749896964 781999911 -498028249 -1372571173 

1297417465 827155229 660368562 -1720355912 -1100780319 1199131949 -2023141736 -1235875555 -748534244 522136054 466093599 862468584 -685682045 1007879122 -884395260 991893198 -1967201149 1074297173 -345563616 -327252780 -1426185443 -1060411100 -135271873 -450466057 -839143654 1481601475 163681382 -495983657 -465073328 -1694432997 -1494252791 -618932763 -1508876276 1683480580 -457662669 -3654627 1116724400 1230250950 -1639867320 
-380757011 1603539171 697033216 2120156525 -259534851 -686884044 -1962843429 -1894814874 -32266684 1262975936 1079938312 -85626631 -911323290 635326214 1974165200 1002370130 1794785742 -1936552889 -1570553703 1796013542 -1472551375 1456509639 -1708285584 
584519243 -1377210677 -891837490 1823678351 -137278620 -748058367 1994987246 1918060280 747419139 10472348 -1799450095 -1810197927 -1203932649 -583207976 699570603 -225810488 17521719 -1875445227 1188608217 -1110849653 -425958283 -745126745 
268021195 -1544605010 -1647690897 160879771 1363228503 1283503935 -562599599 -747806914 -1750417465 474506529 2021706695 453150152 -904252722 -143519110 1226126582 921596041 -556307612 47088011 -24365893 -1507207881 1426724383 -313110410 577387090 646502120 -769388060 
299445074 -2015898188 -1587037889 -1978002154 -1687627389 -861015184 -1942472727 -1256207164 -1362417600 -459606698 303637730 815294007 -1387676868 1023762484 1200820813 -783725820 -1026031313 -2055379777 490031740 -723513503 -1073889039 1744193150 141027646 516040883 
2021446160 -571130616 -426632430 2049446666 -1887006170 2022962464 1693640699 1475518853 1657180882 149923326 -629268019 1807518501 466444678 160991343 -1745435860 262150561 1556052945 -401166401 144344218 2067978285 1591327332 -1948510169 -767402201 255329345 547218473 -297378822 1780395623 1273745567 -1282483319 1104919503 845997264 2035377223 797855560 
-2046659558 1223675488 -1531627139 -110552005 -1136467281 1154690711 -358156221 607321973 -1929403340 -2143930475 639431849 -688537073 -1884764581 1696574159 436991073 -214795890 -1374576538 -94737547 703044990 973036041 267622125 2045189340 1176303889 -294656676 2064670048 -1550568096 98360023 1504180045 974395943 1243886521 
363862990 -1731853380 143001780 58010192 1687899166 200010240 -1727314322 463214168 1850027672 2036353508 1966652622 -753297052 -370830463 893859919 -546603987 1618312355 704152159 655003730 937461083 820544359 -502551860 1987483681 583565991 -108216544 -2068138836 -1257079938 1167913932 -2045892031 1313938904 26173657 583477639 -95502345 -1899085047 -2070664324 603696199 
-853944517 980623906 -1394113937 -910234514 -366705640 -254895339 1045174108 -1046365640 -1402357681 -374310342 -276311258 555733957 918144930 -742328976 1648898969 -2132118930 
-1035027262 334776882 1881329196 1208910929 -374859625 -839776095 1813170623 940364427 -1810786425 503780916 885614610 -1763184734 -1152304195 1268951075 53481009 177902740 -867929055 -236525972 1322813549 -23099426 1274135185 147073096 285829333 -395732859 -670450358 -559328820 332950698 -550944510 
-1556673356 -683136063 -559940117 775632260 2117803371 -1316428939 -1857514062 73518761 367105347 465850506 -1918866687 1555146432 -1097192547 201329401 -292415578 891723803 1480488987 544012196 1504836420 442985275 578091447 -720131078 -577101268 -997164690 -746475127 -1666707092 

270202892 -1103544322 -1419226462 -2043717326 263107463 -511612846 1263190057 -1782896817 353668927 1863643472 -1205212499 -30084553 -506993171 -184977846 2145311855 190132611 526883549 2128610359 -1971042184 2007096638 408372241 1004726439 -1058984104 -1191724451 
-1943180341 105284809 -1796304105 954981449 -1876975159 -313984312 1402239578 -1820335447 -842198637 -276461871 1500126909 -1736996765 1053771475 -1440073565 653223476 -1873636942 43029874 -1904051864 1854914189 -137749373 -1151983759 -1470543469 -1894960837 
-1309885393 812330087 -1665028877 855055717 1809382372 -885873252 102600988 -1463423912 1272608924 -53814448 -267550098 -765354767 -493296965 523160677 -125432370 -1787369910 -296308311 -124811604 -1964937929 -2091696975 -1204916864 2135387501 
312471840 -163166446 1880435692 -1048516341 -1243017350 1325607667 -664656056 582472917 -1207701908 -311736725 452549690 1272867329 -1440266971 1221482976 -1153787024 -698105941 -378883275 1933922548 381389919 -1612586981 -208288856 -711620078 -975345260 -518412596 -29602644 -62126932 -893463263 944747986 

474998185 -2035179666 -619039036 1248289774 -1974792865 1143059987 379158106 -126983275 1620730355 392639861 826347183 1174075934 -1557353467 -1856818767 -284037538 1627349889 609913705 1325703005 -718895176 181005173 -186408003 -326238398 596781092 1158883437 -1563557638 -451723447 -1669911600 1249416314 
-1714795200 -1789429446 -833348015 -1059934355 -644487334 138860919 -1413691566 -759418169 1978806278 1972306921 935852010 -1650981541 6739749 -736831018 515300815 -1615793003 -362172872 1950648852 -1007177840 -1611622854 -152025677 -736293339 -739700591 -883005610 286851137 1336826812 
-689402839 1969385863 -221476198 -1345419237 -696185217 1407469879 1445607752 356998834 2067642123 420409680 1603038732 1005737453 1677038887 -1492538083 808220737 1717594207 -56822461 -1886602698 1395597631 2063957174 352437473 1059604061 -328873830 1991139996 -1785187376 -879552023 832183427 -2003985709 
1138582171 1655580294 17086812 429845957 -954358900 1716555399 434188431 114340880 1674908096 1152370792 455354627 1115563878 -307221447 -1752776945 -2139981682 1771765650 -1599878719 1514439257 718479501 313989401 787129927 -2100967956 -378098098 1677497629 -969921411 
-1247351607 59945828 -256298589 -401631351 -2141147958 251190342 -769072338 596584663 -1655439222 -1006900554 692854476 1554475630 -2114627369 -559460464 -1277032594 -697403579 1654814745 461365660 1281149352 -2106623726 329367002 -1556144522 790204832 -1371001863 -1332989479 -1317816726 -846384551 1847274217 -1002425174 1576353065 498193204 -1593669610 681848136 1692062762 1880156073 313140841 
-263878663 -865184310 1552433794 -1663256518 695383552 -660534890 -1398782658 -1152076802 68801337 -669539457 -315353716 1573615651 112332580 -1003036010 -1886601286 -430900418 1275542335 
871582375 -14512624 -827907795 -786099539 -859701861 -2076192471 -319647688 1360484186 -1104595147 536555659 1758300515 151165417 1062422585 581887380 870759818 -1820686890 -756073843 645248394 -149351434 992914404 -522862773 1519236407 1955539787 743576277 513451401 
-435447061 458202285 -1766033162 749111335 1196020172 247294540 -2114444607 -1528029100 1563427199 -143999348 -42839941 -955643615 -1894186795 944814985 -1021407280 -1544982808 -621359278 1717299914 -280350125 -1662117441 1856242260 1316520485 1314851355 -1328187137 -1940521253 1110298637 -165133822 648867995 2048439570 -2103610276 -2062078110 
-300277092 -60120341 1336240677 -465426987 -2017333270 -1414763287 -1691159121 -911674646 -2127254815 1449906069 -1983600505 1290791275 -777896729 -1898332425 -2030865707 -1837420462 2146910973 -1556812455 -1311727381 484583547 -2077494826 920820809 256449811 -1940703247 1689373344 -812481478 985481433 
469085580 -2107837349 912359392 216333989 -1075747776 -1189900434 62542164 -517948087 1881123078 373544535 -51165815 533136107 -1885623053 265814146 -1214682610 -2096086257 -299063108 1264393152 -683412772 305686413 742317198 -1785681628 -85847891 361280851 575349867 
-624014578 1292392800 -1132830136 -812549657 2032015820 -1694275443 -414958988 2140983090 556871629 -1079100681 1965828402 -1505626612 749322325 745865814 -1155509871 323492355 434169665 -70413907 -660039373 -755372803 137574170 -2147472693 -1502314402 1824798804 670798337 -425420538 -136373469 1577126988 654443429 -1208938915 167597225 710477158 -1987482758 
-1876393745 -848770499 906564382 1905211111 72978797 1849448563 -1106411737 -1384359027 -1183510134 769413045 -1610792497 -1514721157 147870142 -2039461833 -1937848141 1232699622 1319441330 1185020542 -1796284315 -683186350 290782436 528876283 2086213202 -123815778 1784513143 617290417 -1770427417 1396196580 -2025538267 1252384659 1785528644 
1622560375 949337645 -1414720356 1933032214 136772699 -1970764000 -1522676878 -1147441679 1468699756 1969625479 -649889366 1311031768 -1763717204 778503894 984332483 1930516527 1179374709 1407706375 882566467 -50241404 -167004836 -1666943303 501811257 -930183775 
356124536 1349485219 -926565403 2065286871 609405688 1289371624 -2082880669 934264176 1040495555 -794026676 488524437 -1090273026 -1132046895 -1859094660 -652125859 1719138467 1066602123 2071288214 836160118 -1154418288 
1604518697 -186447286 144639381 244435052 -1843022706 -514681047 -1508224852 -1301428593 -792771519 1279062802 -369918027 1241688526 1728384668 1711562560 
-750765045 1386730028 1328915419 -520948783 -1716341501 1095436586 -215142101 1520123774 -690744136 966134598 866065867 -653762349 1327664257 1043107698 -1062579391 -555429285 997470643 -1608811716 342742595 -777539678 497649511 -1819251422 
-2036932859 1882862002 784913004 -360714612 -1086637242 -1432840849 -229710943 -1605862801 1408091432 49857148 -116018887 -992504531 605764200 -1438751833 133064947 1873034598 1839403863 590352910 -1188542769 1144263095 -393852747 1967650498 -16685026 538193697 
481576766 -531731921 1034189444 1048118397 -1213418328 -797231172 -1071653702 1163257212 -853364304 920012289 854737207 -1410504149 -1908092442 -968424424 1385854370 -253637519 1258972488 1114008474 -1018351555 1860493367 807836771 -1794880704 -623850217 -392836487 
-1622775589 -1046533184 884552134 1327096581 -1371158387 -1106151148 103074872 -657072699 156623632 1554915158 115174618 1335051823 1675470282 -1456387410 1152236876 -56810202 -663588699 -1366641705 -1861755988 -953202255 434058087 -1831355777 1393355339 -885448011 1913345643 1210969772 651928196 -852629657 267728365 

-414276334 -1056578059 -1196842522 -1474950398 -1001493496 1483446254 -1672208841 -2102487685 -1076095783 1404830816 -86090990 -1645769953 -1989431763 -121403380 -2004673763 -425580871 -229328819 1555566190 -1823639087 -561572969 120712895 874663875 64767343 2023592109 
113505980 1628889075 -1852043370 -206744865 327212083 627431407 -104029523 -214884368 1913882346 -1232873361 -1588397716 -1058957818 -1969279388 141328484 2006578851 841649723 -1478658479 232855780 2044348613 577168475 2103767532 
1567386452 860517432 1288783566 -254705005 1035911351 -1254848076 -739552366 124174602 260281578 50497010 938811651 1985511364 17058927 -415976924 1865117103 1584119616 -150832087 -1070505378 1361237480 -1621142065 -932375408 -1943512175 1727751330 -877115267 -567051098 1663514390 1284423755 -1384898805 800771479 -1959780914 1063829440 116895200 -2053084508 1559117895 -544633150 -2069965035 566168228 -1782559600 -404379505 -640775369 51979450 1451355002 697249022 
-1415585485 949942650 -1560000229 145804590 174068391 1023157765 -2051248493 1313038396 -578908007 1911683535 589144707 1223333726 1246760287 830755422 -1181338877 -353557571 -124700753 -526494787 1266288259 252395064 1326157994 807197922 412134822 306383652 -1301736490 -1600833748 179898058 27944931 
1197672877 687720942 1298522685 1100672173 994868441 -221228790 -941839875 -1697974239 -1715579684 -1114419122 -2024273074 1389258964 -416804760 305343245 230559723 1948061708 896937241 -898543229 1153036373 -966342905 86154418 70367146 -1459608620 -1897411698 -920890697 
-1177166452 1468712416 -505326742 1245441361 1650366783 -1946465279 -1098019102 -558074247 201048768 -180396347 102734524 -1767757236 -599564872 22717476 -1998858882 912250161 683695627 -334314335 1381236459 1755759453 -81564647 1399195813 1134133665 -1235362803 -1134746806 1232594096 536713636 58517299 -2087880500 322071610 
-217769610 -264009959 -1757906806 -695810315 616923179 724311958 -1428431985 -1741546045 1899291596 -2007274937 1192144498 -796989267 256807575 1516286036 956739961 635419239 -1299494003 -987698221 1710590566 750322325 1145743951 
-2113677412 -1721134382 1652395658 -1884202900 724026811 -369306389 -2002638342 -110707713 -1245359136 -815863272 1864536457 1506350641 1363325523 -1771259617 -1617293326 1272983904 -1543393321 1037216164 -24072597 -1580595224 133372713 233140880 -1043421046 416620118 
1521314115 858695746 1032612578 138005899 -2039811605 -354350336 1349483957 1302437257 -1506766259 893563791 1018279865 -1632449011 -1901334255 -1302738047 -1261341129 517747525 1247538651 453635973 -788645985 1626007615 1636659926 1788308160 -1587614712 
348358611 1893852394 477092392 -1920165017 -1892925508 -357362733 509906502 -1402182222 607027447 -335713111 578240330 -1908807652 1081202185 -1010948415 -1691427188 2118959254 458384159 1462808022 -865865503 1211041007 1452984817 -1924922977 1188292313 
-583075523 -2115035783 -1287300652 -792005331 2055776263 459611813 -1554825340 1855700 -619780247 -1397418219 -705095092 -1683394554 -1499997246 824354019 1653690437 -1691898993 1233341623 
737551852 -385912651 1290139971 745819291 777670545 171682700 -1320490224 1676912107 -302825810 1061407783 -2065914012 1172003092 801575994 -963319057 706958315 1302239708 1700363054 -90900276 -1093063020 -1634385431 -395878424 -1769379182 434112280 -1650691504 -994047033 1462041482 1403030188 920301506 999169447 
-1902879925 1325665641 -1299819209 -398897843 -175764060 -1603528013 -1854639009 958942480 1915731388 807607789 -248713233 -699873809 655357875 955790397 -326116304 1755846677 -1135006711 1482339069 1660467719 -640647869 332852135 2106089569 1770059811 -1421300453 -151685121 
-1215689489 1640844534 382147107 -1935778574 1745056788 -1796368581 -1566883619 -1340270422 -645255796 545908160 600398558 2121361111 -444039083 -1239805873 1955673460 1939564917 1575553075 -394164383 -1562892542 1221286672 -1675608964 -1454178174 -93113320 -299197107 
-1746334719 -712748573 198587859 -1434846069 -1905586158 -827539225 -461812032 -952718161 -993604473 -1286337260 -610897380 -1801240795 -1452310504 -1013741477 536115873 -852430544 1149762333 1620967708 

579714520 -157720843 -353782630 853918632 -633560414 -943797568 -942379112 -992708903 -25620238 -2140772462 2025746658 76721609 -824945438 -1572035656 1939584069 -142541071 -494157329 1832492224 -1267451115 -1695069604 729075134 -1462744907 -1853252508 -1326809984 
-1309291420 -1574905723 265510325 -1720464375 955511007 1069792161 -2104826874 2099792639 -1730820899 -793277689 705678707 -453844773 607557115 -677193230 1323608522 1945942201 1072154901 -659189146 -2028027118 744356904 -1231006306 -613019498 1570796498 1762711067 1870879729 
1451756017 85568691 1278684615 -1984696758 20161005 -1823562440 -1586791601 1991919720 677230010 231776060 1305730174 1171624611 -1308508627 1449234301 473824539 -1280643124 -1236186296 1693356150 -1745771882 -933155770 933469640 -1113378807 1717537347 
1784088130 -174338894 1565599547 597647833 -1585006922 -73716010 2072479554 -1055747385 -1349376920 1912089486 846572564 766815153 916373918 1808391635 -279121133 502070433 -1915176192 597908908 1025386451 -363746141 -102169991 127513814 597563124 318619864 -1306356649 

2074186281 -1131445360 891360182 -1796812329 -1342574663 1726302230 1938428387 -553519279 -617351762 
-133447141 374783926 -1765553663 -1816679467 -1689951484 -1426353089 480395644 -1633182903 -1905703160 967053431 880713848 -117566487 1309185538 1356463494 477584824 -18306827 -471211227 563964297 -322712318 -1274618625 672663588 -1377174670 -1884278421 1350767133 -1061967524 -146206821 1840009180 1380300617 1301158641 332110429 1069444116 -1845802094 1552740460 1389566636 -288178650 -526862122 -785050705 -105799472 -1870335352 -827807238 1186864749 1067409587 1315971880 -1169723311 1995723130 -905146924 -1275073190 -1770276072 
-751107310 187935878 -1535964321 -35991805 -1636940168 776116510 1064778358 -1369817037 -126501203 599015717 -1430093660 471319631 1431351911 1859098187 42901818 670776405 -746780036 1743588382 1310676975 1957098357 1058662560 795164724 -121342692 1131175874 1514699847 -803177273 -145415264 456328710 911473760 1743245450 -298732653 -676608185 508805708 1142377728 -1599221450 -1358449599 1233720963 -60876261 -123917328 -2097201999 1676415896 -936755408 -1747401013 -1501830553 -59635082 -1086888929 909337438 -1896654878 1020312847 -398440843 -524799847 -1901036471 -2078171928 -93619965 1534454696 1194090418 
-955694947 1828390369 -1983463595 -2022848677 187572821 -713942090 2050196450 2104701569 722696995 -192186034 -418981389 -1305866400 -384032417 252218373 328956214 413647801 1992995842 -35041687 -1800502852 1652740682 512419931 -1959488985 -138539560 -679255886 -55924947 1382411962 1459665923 -1649227093 1441153723 655876896 -1391746149 -480959973 1901072663 2127984744 1762085561 -573660670 513696619 493793537 447062048 1780597764 -1688681150 986565922 -1877038948 
