-2046482042 128048610 -1129287935 1339702565 633557591 -131233396 1121494897 -1197117713 1073735214 255100629 
16237101 -568102190 2143035830 -486126439 -580350386 1456229625 665697324 691187409 406669751 -1658015084 -1951321402 
808895238 956677550 1453432151 1607072178 -897045101 -794646484 539551599 82663141 754703389 2038343402 -1699146932 1434267231 -1304609697 -828677012 1624206363 2016628993 -2115848059 -1605271383 1525265965 -276032298 -236131052 -1381949383 
145273130 683883764 -279019852 -1614346960 -2069600329 -546473016 -2073944639 213082350 -1983142632 -1662832493 -1973605273 1228746091 -1766010854 -1135536398 -90366965 -692305381 2115898986 -1332314053 54420004 240964299 -1898564939 -949965133 -842802006 1077203336 



-731220757 2020346437 -1412592728 171135038 1390814777 398895820 1925092959 77767378 719098817 -779168207 589399728 -1402318198 494908824 1950555547 1652759418 1741205994 1454850792 931279299 -930874467 -1374149886 -673686831 1331268998 -397359518 1604679604 
-2125125898 1530133674 1489137277 -1394448296 -122088605 845272714 -1386306715 362315598 1925609640 38684687 1670011188 -429068297 1942844810 1661319149 -1480672508 -1639373434 -1700907984 -386706926 -1733064352 323926738 -2130515146 -1242238123 1215781600 1630062140 666882670 
-1152594510 1201231921 1309144686 -2014702341 1356519146 -2095756658 699015968 138445872 -1080480069 -857335002 1202801556 1196153205 -1797402068 -1892125085 1166554520 -89314815 1956711525 359764778 -916428460 1701126722 -1976263082 316474883 
1689648961 -230185187 1002298333 -820683534 -1501933379 -243658216 -325485527 -1167893603 684864566 -267589618 551341375 1519949248 -781310385 62099070 1738991856 563628641 1933035199 446071160 -165197450 336943788 965881594 -1804016114 -1452881215 1463809829 -1979327681 

1328068162 1144747199 293197394 1981635044 -659063816 -1331803574 853896403 498677563 -1635776600 52309631 151414475 125238498 -322279683 597753218 720404899 305182160 674221131 -1420736487 -1410597943 626432808 1542731504 -1951125964 1464115247 -1355327881 -1885107770 -239648169 
1668000358 -1519477528 513596826 139311775 -756430063 -2048036008 -703216782 1815012146 152685517 -2087022686 -37390178 1823944419 -1115533522 -374645751 -1123187934 1880145972 -450445570 -104045528 -429626057 -1042301350 -1282466280 
1412890977 -181068648 -1225232327 -137416348 -483285052 -1684329956 -714639903 -1295730634 1852274531 1167849681 -1182556119 1431711842 1531639620 1660459425 -701711031 99773282 -1081141377 -2018141951 988874097 640311525 653269935 -1170674350 -35194032 37647986 927437958 -861454810 868800548 -1357308701 2054823736 -499781915 
-292027103 364403140 -562492267 1085740333 620348411 -1615798067 495827030 251227772 -1176634388 -444317707 -38384979 1777223019 -535641666 -952780083 -1035960609 1495489025 2138090332 2114039 -263661881 792716526 -58356406 986225137 -1567516751 555113548 793971565 -158921093 
-1400530496 -1379444508 -2061869312 -375071576 477202013 1889272293 1132724100 -2060429477 -1018844163 1106214359 -469772160 -1768627756 298963032 200515251 876057441 -734901088 966502690 1385481865 -1222599855 805349419 1198992732 1333564946 14911787 -1140485080 690025963 1551164074 27818282 -1976066990 -628641410 -1418781736 1739068435 
1789767440 -2072790795 1954353316 585355820 -1848115662 705678049 -1957364780 1272957116 -1152909402 -1228870784 -137787627 367171220 645279424 1056384891 -1154207475 1541434435 272851464 376628303 1751642135 -1064767520 -270195365 -769660439 -392303190 1026963160 -2034071772 1281339518 -2043713778 -2080896491 -1430082311 -1918197184 -1307358830 1709456995 -404079526 
-502211231 -1958833577 -747068320 -1691803245 194511032 -747476938 1349752345 -752930859 587064181 334757270 1381036313 245945091 1631793420 1650289779 -405069771 980647789 1574231348 -1569699602 -600762888 418040084 -1133613699 -1177721932 -544575169 1892098241 1546225314 -571040533 -417422722 10435754 -1277434880 -1471956101 723591172 -1218633972 -1742314638 
-1497686039 -519387355 614047396 1923941566 -1337249507 -258122967 1860613734 1360575297 -688708412 -2038741868 2067541420 -754850693 -1355072279 520804414 -834155593 552735901 305678290 -1292752719 815072398 -778883623 175061945 1258102741 1200975526 504940789 1418746605 -688071768 1372511620 
-2126501820 -1755048241 -1856118133 -1844378509 -433953210 179101111 320138968 -422098558 -892635361 -814910134 140190926 -1507709025 659599772 1563609170 -239277987 1432125740 -767595047 -2081069392 -1250089236 -695136816 1609342570 18765000 -561834317 1787085450 -793411092 880274341 389013046 -1736234562 -1814552880 1335030457 -1026325455 -218019491 -1904629403 1538042295 256445707 2046629362 -1443792005 -1616177852 -1530623995 
1532936725 1858328887 -2054127133 1666507456 1021974984 -64874159 -585614443 -1085889388 1823831361 729958478 -1002346266 380891687 183321700 1714562016 514259734 1315062473 -602228539 -185749512 635323495 -1714195090 1014769536 -927199948 -1879623806 
896373096 225862749 -1511931250 568111192 688554798 1007078444 -2032608977 1509687339 -1201424169 480068770 590648102 -1870195886 -1125740805 -1540493303 -27242016 1444173434 -1127727841 -103570603 -914002968 -1550541834 -1662003571 -699799437 1540744210 
1070514383 1774191645 689515813 37658254 -2096282002 -47091592 -322703815 1952269146 -911576991 -1974843096 2111839855 -1245491690 -1511256980 235788173 453251946 -2125446216 1902574438 -943499993 -15559512 1443089596 

-1171188046 -1926632686 1123418657 -1303390189 817195102 -1373978140 -108597306 -1443759102 -195688756 897161731 -966400572 -1947557172 794571293 1852323147 692449744 1469066601 -363445247 1672905120 1622675013 -231563884 1814073088 2143753351 
-867919757 1737776543 -1296211024 -473183625 599606287 -1881402453 -368688132 -1851468996 1668494897 -1562806066 -596792260 587260811 -2002418922 62931199 1337546145 -1108704660 -515623852 -1223069593 -133142018 -236144152 -464297470 -539175934 254926818 
-1934855820 118270079 -2052518782 -664613439 -1736692441 1955719228 237686876 468046004 642355171 -1126159499 -600812029 1657813240 1033163374 -1443954908 -1595460543 -300339454 69502481 1103777132 479820224 -972207938 -1960891717 1211928228 1831218014 
304049110 -1956577700 747085564 112180246 816080985 109116103 1979322662 265051830 -895465424 1078863552 1461749445 -349656830 -1381586092 -858593408 -651637221 642181705 1563505444 -1402373462 -100189074 219285082 -1577930085 1096464024 1850496419 -1784864416 2027290509 

-1541190704 1838913058 -606244721 -2134658771 -1005285788 -593882050 -1279966409 -969236268 1422839414 1127637893 -41618758 -1300604327 -1252743313 -1466370244 132565829 431493874 1718108411 -1457630209 -712938320 1423052316 -489938682 -860626698 557044497 -277475194 -2011497902 1460160572 1385003132 1878253098 -109402088 -310326017 -1312558466 -767811958 -240070230 -1828358033 1382994842 2014960076 -1084840986 -1782710520 -1199939231 
230906091 -1084891726 956361679 -666917545 2008308591 -1497994276 -1538756832 46223273 -1784949203 -1873178112 288265542 -1494064751 172179779 -993766890 1552696068 -1176195396 1509318637 2094542874 739122136 -1895159394 1683316883 1401386163 1479684376 
9853015 1541791052 1232429569 1826821155 -473891686 23069729 -1354029697 -284487933 -562733660 -1293318254 -1147980343 -440093558 420909614 878727007 779061752 -2005119232 -659390040 1574052997 330205540 715614019 -2122214641 -998706445 
1240257312 -1343298910 -1607689111 693401250 -20209846 1258390596 2134690679 -218246986 1276325800 -1274885961 782076474 786077296 -1021567941 -1276246764 1114309405 -996168653 575772057 243853910 -2051859630 1852212239 122235365 -689017736 1519060142 732548534 -32661700 
-779763202 70041289 -828922431 1460358641 330203101 -151663801 -1115423835 668333114 -608262915 -296169015 1579504322 1928977502 225146580 -1352567917 -236292260 -948341462 -1517075258 1485527707 174109337 -1933793106 1189125112 312600919 -2037539135 1791852379 
220603386 459783398 512709457 -871812494 -1713646988 119692562 -2046017547 -1003702247 -1491768947 -619194397 -936316609 -602562076 -505719120 1037084932 -1652976141 1895360907 -1085917412 1942662579 -1937609201 -865353745 -78178368 -1787457583 -538885489 -1750505545 1669632493 1326723441 332376014 1128630984 194504649 1370651912 -746855213 -735023478 -2013647275 
1057507225 -278498085 -622981681 -549587499 1981835905 -1467687562 952203066 -1816315644 2099983672 121425276 -2040584032 265872188 1799922418 -974842370 541195824 1778006784 1418825724 748404493 106450500 -1959549698 1349632478 1814242334 787445480 1383740529 -808911947 -413023218 -941232681 154496362 41635505 189516525 
621002831 -91794899 2086987879 -206714335 83199975 -142949776 -314479333 214208781 375568694 628266640 -146283873 235259851 -1622204115 1678241093 843252499 1044006238 832198486 -1975825472 2114249797 -1672886664 -78722008 2058781288 -1937492245 -1088581124 2143268600 -904139626 854677179 2047247660 309827130 994145296 -1629040041 1314909792 -302845444 1643962051 448982104 
-1359415480 290109609 672110429 125025240 442632828 -2137781431 -149932837 466778788 517252713 386696638 -803165617 -1488065288 -1052311470 -948826953 1696055694 1885224999 
1369405576 425765027 1086150110 206191701 69005598 -1988137420 -2095584483 241521840 1278500531 -2132204387 -1647516618 -832216754 -879878453 634736709 -1451699034 -2131320532 280942901 -816839850 1509079378 9584371 -2129930972 1460620146 -1562887114 -1878184615 -951970436 -2107118267 -908777559 -1986379807 
1806015434 -582339682 -686950670 -581746442 -1099139077 1934332924 405778393 1460308130 -1275176934 307207229 774167706 1298638980 1840956696 598201273 -225230659 -513340453 -284069412 -1833423371 1598701933 -1367507343 1617695591 -963061580 -1594509209 1713242281 -1816522327 -166799460 

502675605 -1905154927 2089337469 1439022893 -1670189277 -1862938676 -1959886266 121562268 -573697989 -1682988757 1696509509 -1365024658 601974912 200227994 551659570 232164477 -1274830553 1031778266 -762038673 -2029411294 -1088634904 -1848260972 -226733123 2145959121 
858985970 1234692944 -1703629128 58979862 472328852 -1392998561 618714199 -476611146 -50256106 -569689920 -925400960 -586676166 864371891 1086666493 258639586 -1097793452 721172479 1877942942 -1649102278 1325145147 729057212 1514118701 -1025800415 
822740515 -1635666671 273888134 2025336117 2042049105 65018839 -2003877276 1303011642 1090405541 -1112933710 -1033663811 -1100599668 -2132460289 -1355486589 740134851 1671549074 -373132466 561854511 2127619980 -1985802390 1886949482 -562624487 
-1073884303 453284755 -1154443512 1072846755 702000624 -1930449485 -569113322 1899697989 513434257 -978892143 855195790 712689080 1384165660 -554884487 1343616673 744809617 668938907 -2001566963 31714670 270318274 183828973 -1913017302 -1364211788 349034327 -61000915 972989737 503807837 1348355077 

-1962997256 -1091036746 1722997035 -1925922673 908065256 909904423 -632918840 -1836951915 -1760357705 -879421708 1895669127 555310512 623878592 1465463226 982973264 -2099577184 -679927731 1285206926 615640323 -1201333490 452521959 -287776154 1675805507 -1909335482 1685193521 1025882823 -1784683975 -905705749 
1024845861 -1408595769 1434895131 831081253 -848180036 1808631500 1133383552 97428256 758168903 -1571393991 297691970 985131129 -892764867 1058083298 172587073 -664292518 284861419 940580425 -108834357 -1532957371 -1705367136 1788568968 -1784161571 502235699 712096726 -1568606570 
1739322812 -1878339504 -1054121761 -1825537200 400890288 1387179393 1039039124 -1206085607 -2041385699 945217039 -1929463578 123080243 -1543045121 -1826984233 2025058327 1309772045 -254714879 -1449473895 976937293 -1559738424 1496355546 -959139427 1744578430 178764334 -204088527 1809809441 331872101 -1391545378 
2131711207 1686733426 -709184421 -1843435771 610430542 1300626573 1001850002 -54417990 -825480058 1456218346 227539647 939634335 -1782909014 -183187131 214898689 -11369758 1730828236 -1403675780 564557014 -350910622 764345842 -386893497 777618351 1139393514 1438509709 
-398001802 1148460155 -429223637 1961340552 1237327298 -2067318592 237715927 845441070 -112124945 832222417 -835963492 -878365658 -1837070364 587846967 250882621 90763422 417590288 -312485219 1127108050 328498179 1334338469 1102689085 -882651182 -1812050093 365378538 -680019063 -1536778196 -1083704302 -469864449 174300787 1786857202 972607291 -675325018 723248315 -1446783928 -1323484655 
595877405 -1231597158 -1710184455 -1426973500 1008662043 -1951893490 -1072396106 2056861021 -1139235646 462542888 -77014844 1346412647 -983000997 708432963 -1846482984 1652912039 712004361 
1016914721 291285194 2087511031 -94235528 1711553286 -170421941 112722875 961275990 -411204149 -125245809 1477355606 -1153775327 -2040520349 -1913553604 -1800372222 -628594430 -1349769194 1268349367 1060891742 1168658866 1388614583 -1037240295 1475563472 2129611297 -716159422 
1968690703 1106475951 454689947 -634782387 1638105615 -850513353 -267999754 -910645996 1519652118 -1657940471 2120644272 -1332794058 612052918 -2125480929 358886395 88839750 -1237626449 1300055204 -929800388 1184556209 2075546822 -1082466284 -45822059 -588758525 -1171432036 1332228022 1721841123 -996971808 -1734131352 2130859673 -160797910 
-688703026 -2019375512 -1125704239 -328790705 -14241264 1507731056 152289582 -2021474607 -989303239 -633942275 -1162839450 1258577977 -1313040483 -669607525 -1946246322 -1768402874 -1886629660 -790245898 322725825 -479770076 659386293 -1593060506 767509005 558912004 834054017 412279621 1890179776 
-539091094 -537445216 1265659050 934876063 2096551288 -571472605 -605625016 1643130098 -103828492 -1899312694 -223848344 -1532400178 865829061 -1549966715 -996553089 -1157235186 -1828877511 9132181 1435715086 -1323482426 968972476 951211552 175763860 1793602125 -739180892 
425353229 -942383690 234091314 1717721306 -1163594899 79810204 -1783977022 1400260948 478807270 -515197057 -71805609 -850776386 1402797783 -225515635 -1677941723 -1522058334 -552647246 -609507401 -455415396 -636933683 -1309134373 -1215565225 -1127539235 273104292 1515139515 -630139386 68622781 -805163529 696136111 438310733 686489435 -1762465778 1379913337 
-309534218 1133294184 -1571520370 652044289 -1464552361 -1275785592 1860542813 1729601650 2073540733 -933710306 -324728217 1464568284 -874184344 -927095111 -23727260 -133853830 -463134217 -1917416949 872895559 -2023545152 -1280819630 -351121215 2058113181 -1314217035 -1724434273 167021267 2106161542 -979850327 -1110907599 -609801462 1184154826 
-2142177288 -1677768269 381994776 -1239095873 -975119662 -1405402515 1717439933 1311677552 -484974650 1398688320 1035264108 1578431361 -580765242 -2111503687 -28210456 -1464118655 1251035170 -447228540 416743549 1742140109 776733517 648514900 -1907495497 -143693426 
1116279223 -689393560 -1360725169 1096024483 -986937325 -54550323 1335984899 474368780 -1544522134 -2097928333 -1855405761 -1946688387 2053153357 2009874572 208634359 402414911 -249027587 389579167 179534344 515259270 
1668718407 1418603433 -303174183 407895029 1277337978 708731839 -659721829 -1958705172 -2120332193 -2035099919 -633750832 32291974 723036367 -1452034621 
-926369020 -2047980850 595638157 456924565 1890248864 195133274 231361718 -756757833 144759656 1041917303 572046464 1213683351 -422447148 1388618417 -91889402 709212087 638653906 -352967189 -1184408081 -1552595756 1669952766 -1427657847 
2003822103 -583178801 -1999932482 -1894401065 1058860830 -21687875 -121279448 1295785062 163870165 -685441467 -1497689443 993446758 1653741041 -1091267401 134901297 1984716533 34453627 -659724455 1404739885 -419193551 -223763660 -1810415633 -1330214063 1927934223 
-2121776153 1142722023 1416237596 1289014605 1601582540 1565952856 -494527648 393429191 841993322 -216729490 -886235317 330551893 1320974569 -1414705903 -771865744 517147952 539905449 1461290973 765216366 -115352537 -1548899571 -995107704 -676896653 2027628433 
-2136511683 1514063440 804461058 -1705563684 1265796761 1080275339 910246249 568149523 -149271358 -239281037 2068121884 -215533395 -111021709 1558698118 -547678010 -1214064996 399728445 408110003 310568574 -1501211947 -1090705423 -352291707 284775363 -1574523596 2066273439 -223304281 26965602 -1418613097 353020563 

1188513765 -1842129817 1353858800 -1300542886 877698388 1363201197 115806853 2087388958 679707013 1743959569 -1103077511 -717957837 2004997878 1092377947 -774280459 1451265660 942313340 373210672 709329892 692056510 528874541 2038156784 -393987346 -163273389 
969643895 -440576919 -1253197185 -1615751382 -2013411324 1019267804 1183605958 878982796 1426629655 810803827 1525158219 2073994705 -1189917089 -1608671650 1102433644 33385064 1971221741 1796352768 -1794669687 2119727263 -1810636752 
2053659886 -1959779299 -1898386709 8219339 2127598097 -826957099 1636386408 1886169338 118437657 498853035 -1724366634 624275569 70034375 -1365069134 1022027755 1832574401 846685378 86637471 1720944956 -592948128 583864958 740774692 -1299052191 1340213983 609285281 972557487 -1243573621 1190084676 655866107 1402716328 1644680265 -1537560652 -475440588 -1576332428 -1254282930 1940840408 1556313365 -1725517186 799756490 -131422038 -540604421 -1513422511 -1508447916 
-876485926 1609527556 -1687839290 1662381407 1966728277 -1072217076 -1356829474 1680476869 1114843659 -508892573 1100008609 2088465517 -705377037 481928918 1444351179 1962011911 752211442 -803858043 855421469 -431938402 -1469108008 -1468942504 -182000578 -1637587333 504279658 -309904677 -1071957140 1430550881 
444140283 -469136093 -580534047 1158876277 1872835155 626890461 2002657412 -1081301316 349645694 -1435538202 1763929646 -83156978 756063229 1483461645 -895659225 1314920391 1074936207 -1005056665 -1179493534 -1173395434 -228006391 -299583899 1541579807 -1778870681 -1450334327 
930058105 56559091 1023727607 -310353397 854797155 -1027798779 -1437639990 601403322 996378673 -388523158 -844319318 -1710966323 1869122591 -578968016 1572594156 694900752 -2008033871 -1920552871 -1526311683 10782667 -1356185801 201329497 324964518 -46015732 1121440386 -1264453819 -1376668771 971526787 1640606613 65039177 
345121256 17270554 -478735398 2028982741 317570095 -1249060925 1525652009 1212217165 1172113195 -1127997839 1288851049 -410679351 -2129954551 1332709555 981833317 -1316940131 1830638988 -532854404 -1173133812 234872184 1936794818 
-1956560821 -255396688 -611834220 -135737026 -1703023867 1306150790 -621265670 738586265 1768882298 -446438104 -1014651466 1448845938 3506244 -779324446 -2051498479 924941936 611607108 1142956803 1481180595 -1949384617 -572406028 -1542621871 275762225 2035851749 
-720843313 345484363 1116935189 -1942919968 1056184752 -299240635 -563589469 -809415361 1662636883 236114646 -1258100285 1509823656 660957997 -230684678 1174657573 1011338270 1757728020 -1953180757 -1518308038 -1643727732 2036971075 -1276263122 2088601101 
1894747375 -1455354441 -1618112933 1816551137 -1617934537 -986331871 1137777266 934548371 1310254050 -2031253356 165243177 1726866587 410608104 -855033969 -1297983912 -394303303 -1859748629 1943249751 -1107748913 -400694245 1583670047 -605150974 238232406 
2119305981 -2112116897 -1338994399 -1163211787 1858057522 -1088238232 -1444850175 -769851402 992581745 -401707528 -891799614 793759580 -639937045 -1143899202 1817447519 -450368833 1024426583 
-309943995 1065551011 1321674878 276654079 57769732 -566611427 -1816900236 145517424 -417038214 1062776482 -1163330205 1598597795 -1427818557 2132188843 -156157520 -1901049013 539515576 675951124 621461281 -1617635154 630666804 79098915 -571853474 -602876104 -373967102 1879894160 -1573382587 373118291 -280969166 
-7194480 -1548423337 -480211483 720095623 -808956509 654901622 -629069245 -1400201293 -33875506 1196067905 -1816099369 -1725081654 1305042747 -608169788 2140604370 -981322471 244852102 -900377412 -1070691948 -1859031277 1523362188 1050296721 -1378482640 572332031 1590975657 
360530277 808583159 1119359713 -1733192895 -1938108625 1385623858 -1102794377 -700852923 -1761768879 -1859583672 -2114199541 145267690 -1990415659 271475619 1076136339 -68677690 1703724980 -440884362 456840024 1328462544 -1921769374 -1583164402 -1733004107 664323757 
-249438587 2132874715 -168761896 1952962694 -1356217080 -134220013 -71740701 -68902247 845161006 -2106013233 -1365421192 128599175 -44462838 -244715720 699814920 1807348380 -659303315 2047883694 

-1892814098 -716365435 8366066 -1403921510 461891601 423067010 778671989 2038417148 -144106717 1846298709 616373789 -1553062697 -1666984433 -1336056308 1229636455 -383610662 1475436270 -1751990795 1105086750 -245887810 1177996302 -62510071 -1517770768 603972983 
-608419248 1576954220 835525760 1425088202 -1701124607 -640046650 2013270892 -1318794915 -1122583578 -428928745 1226375886 -772667285 -1243598599 -684971934 -601846828 162572346 210784007 1391594030 -1870717310 323301282 627150922 1123784451 -2130742910 -2078919284 1634210079 
6111629 -778331253 118376980 -39844920 -1409515744 -1604151448 1095943050 -2074814886 652944727 -466650792 -2038267212 853412735 1407820133 -640992242 -1516322010 -1497208653 1856612413 748928725 1039207405 -1909088346 -427355552 46938608 978851357 
568232797 1494128121 -407599215 1939878035 1445085167 -653545033 489995621 -1641457483 168742604 2034396693 -1301401400 -1101040636 -424050950 849511365 1792651454 -2135960645 480902446 1425337726 -1192893741 921781078 51099973 586573789 101222794 -2065590616 -1357980026 

1875647337 425216733 833526760 -1637399009 -1208387327 2095848750 1270256308 1332883959 1942019026 
1419239580 403028304 964143084 945480271 -1385244352 -690618860 -1191321525 -1594214594 401944468 -1950959097 -1266980429 610035525 -2040284657 -381005718 -1776563944 -1342582457 1208665518 -1745899530 -1526056424 -1560661458 1644152989 176032124 1292202824 422292269 -149484110 1453989681 -752541837 764864443 1693357722 1443010626 -1141664390 1160413424 -590480967 451698407 2123040194 -1600320632 -1400137356 1357138706 1535530056 -2125751926 -120817155 -489674673 1921774825 1942584896 503996019 -1819509507 -1220449700 -1270646718 
1142399231 -1905185207 -1143720915 -1055974184 1469523999 896817935 -1925892651 -1225416171 -1185816567 455381653 149546384 -314109548 -1682240973 -1909813135 791616150 -440294241 -2037399781 -325266048 1532419995 975098465 -1903416966 225246019 -250899998 -153179442 -285825178 -2468107 -1262947027 1157003688 1131750222 -1571206315 -1996287057 1654189674 1032807791 -1106489551 -667777255 2057365138 1771923105 1744184983 1208785953 -1300149519 771130975 130200802 234172400 -734522859 1547429268 328644799 -105950722 -589115609 1523865378 -82576617 333515523 -982011471 2069832315 -270855226 199083546 1779332607 
-1790511815 -375887503 192033430 558846314 2029238168 89051048 1488198508 -2125410419 -2086141733 -312686723 1115058834 -576775403 890473909 1877500961 -1925983518 597815576 -1990699394 -1909538939 692413511 189809473 1541956939 -957662355 -1319710434 -899474666 -998562403 -219878401 -1502296882 205247569 917154315 -353500967 -955018864 1488648887 -506765252 746871843 1027821233 210842400 143098262 -2079866602 -819142879 -832359945 -1577796446 1130720211 691251037 
