523968726 1892344932 -1335001820 -1292481580 -1381086496 1835797184 1505784369 753215767 1603842519 1998948042 
-940305622 -1616990295 -940354059 417145041 -1379791971 -1294537513 1172920381 -1485943558 354355307 49076141 887411431 
-1525372865 1556480691 -1179258496 -770683816 1160865850 1897710774 -907267072 -260977555 -1900375664 1921299507 1075727735 1057301447 -2050497146 1899987997 2056293180 661901667 112566194 -1590112331 1821052676 1131653064 -1316961172 327349536 
-1654175422 -1582010445 -393376111 -513346730 -1601738387 -723986836 -1656976348 -624165772 -579028338 1182585269 1959243766 1622443208 -1220221988 -251117506 -484721207 -1713576589 1256690895 1413149220 -1107280171 -1268290191 -249008994 -985468726 -1289545952 1362614007 



-2001980431 -1425738534 230817099 2104080564 -299854234 -2058743697 -1896383259 292132310 1391096941 -117081258 1683926862 -857059202 -1059657799 1746374373 -971815036 -931754629 -1232671631 -1357170251 -1656096818 -1577798549 -1794225049 -1960409647 303508168 1046762729 
-2017277579 1664395127 -1346846022 -912622867 -1681891343 -260742170 1159261253 1243176587 561218813 -1389166811 -108558491 1149765463 -271845815 1722549043 -1777265788 1963776343 986478770 -1705121054 -2136443660 371071528 -297352875 -300978942 -1177882214 -645837384 -1376979312 
-1968039939 -1650652436 174821598 230937951 405625348 -1594390406 71491712 1571024655 -1433132275 -1883530971 -1851816316 -1742651920 -211162409 1715895688 136627011 85721682 1119043205 306417572 1221548556 -894508390 1322829774 -1314511352 
-1095362795 -1604215471 -953969919 662846138 690619831 -926915256 -2046032974 -1743929320 1726586864 1224002175 -436444770 -175472569 -1611514072 2096870565 -1883017340 -915229920 1873393827 -707152925 -721268539 -1103067383 47883790 -34132578 -1113273803 -1328842993 1100129377 

1255702517 -987171347 -1296284239 -308499788 1257807323 1986573368 71457903 1212991165 652193633 -1309363906 -1606105598 384116044 1038563234 925152552 637109566 1363261065 -306535410 -1173872680 996523472 334480047 1606590684 1402829561 -1610438720 -1834659238 -577914493 -848989662 
467771587 1399622259 -449748824 1087035848 -127122892 1393382997 -1664418067 -986755219 1384299778 1367857931 2029508127 -1342734467 344359900 923850577 -779062805 -403564805 -536077743 -1473231212 -1570071197 1680239870 1690407828 
-1347774373 -6104253 1958755680 986573057 670267323 -2043810784 1990757397 482836938 -514358238 -1099541049 246100891 2124257049 -1760782555 2010385283 -1291074063 -843850523 -1591016909 1425463516 -916228910 -650843837 226358755 1395444285 -842141289 -762666554 -766216033 218321325 654894415 1127862618 642759255 -598210309 
2088624504 558962163 -2083639249 483146524 -1904832811 -1670362248 1733198457 1978482971 -516698909 1030330483 -1422828857 -662142435 -1600992392 -807845829 1373806340 1422548771 1317781676 974513576 1055378755 -80565614 1517189450 -1161839135 -1998914384 -111457413 613166794 -163589825 
-1086961736 960465493 557630987 804700675 1480951275 510456408 1780582739 -51598917 -220647897 -58608370 -1402081548 -1765151227 -1246862609 2111631647 -770008416 -1074044468 -1188208511 480917640 1098309219 1398933039 -2141122515 -1011316837 231598795 890283473 1495233673 -1541779846 -602964228 1554046547 1652826514 -929259633 -1428988133 
919750704 -1587869156 888543977 -1393438082 565528309 892011006 -1268195784 1014724660 1859438568 -2089480472 1856796972 -798743187 669627087 850821421 -90716546 1022273200 -153391705 -1861657950 -932967765 1024947228 -1754292288 -1809909167 969785037 -451022402 1380910631 -418925386 -1325343025 -1289393229 1143536108 1862380347 -395216099 904921356 -620003456 
-1599598555 1773389357 -499733840 -1649217041 -880059515 1616854365 -1873572861 1055346628 -524147960 -62511795 354149130 1479705300 -224761632 1275659216 -2061391509 899048556 -578785540 -493659647 1885608981 -1918492098 -441318405 -1349105132 -117815876 684367363 531237359 1893907580 951668329 -1916950562 -879169781 -925610431 1401143797 582216404 1409080418 
-653065164 -1525794158 -1870991854 -574803841 -922120807 884553148 -113118577 -1571705983 -1463130991 2011621411 102567970 196586336 -67203150 372224458 1456024271 2072313529 -115584792 -96086770 1293425305 461918479 1204647848 1367209965 -219309674 878566694 576164691 -100140808 756758938 
-2040120433 290115894 1076854001 150293543 -1863499791 -1427233616 481954201 -1805146771 -1287864110 2031703072 -1930577295 -622593166 -1725978992 1420380164 791665956 -1158019247 2033189845 -1782930542 1489565482 -620575030 -1401235847 -1617175539 426312469 -45581193 96646470 -953190185 -1966416582 -407578394 -800962868 -695971653 -980657620 1989613088 1534534414 -2131200039 2067608030 -541301361 -1602521855 -1131336888 -1744569191 
-1591415145 -1627005249 -276161599 793641162 -1219474895 562879223 1085876142 235161047 146001689 1384330866 -1366935983 -2063870244 547768491 -311356589 790207482 -1224235835 1781299678 1863219170 1565240110 41127412 -858660916 -591900781 -1257429093 
84493259 1902207264 115614357 1068498745 2001353926 1142628927 1490155036 -1326711778 1585999589 -1540223881 -1158816173 1089698924 1094497011 1462730043 -94831773 849904002 1956555645 -258939018 -668398790 -1623026297 -782305533 885855568 -212063628 
1186596987 515043863 -1053961427 1652523889 1045844094 31796056 1103935091 182240319 554140954 -460099331 1925660909 -1410667429 537255446 -403634753 -341132195 -1677876000 29627000 -285200169 -2107402003 1476246600 

-908398418 269230193 -806244809 547130923 -1167049994 1307615661 -755662101 -718567811 1861982242 2134581580 -1121421339 1280299466 -1922015100 1662898792 -148072156 1718251237 -1912948203 1708243635 1143351369 -1576905535 1055661480 -962877802 
-2106280889 -787993320 1382149641 745747394 -890415150 -1146641189 -1847138864 713724708 40218181 -1546908390 1913005029 1726503316 1416674061 818075184 415589047 -1708355333 1747315630 -708799476 1853474694 1135963013 2061768690 632893331 883989834 
-270105502 1468088372 742275670 455955940 1117378575 1819914293 321615528 1535700153 -2064085616 129404760 1896981487 152147758 1466154936 347100890 1104119259 1079732869 -319336904 540908540 47637964 13410639 566302127 -23974389 -863765437 
1183539542 105901495 1107829260 -1293662136 80995006 -1913058794 -427321523 -1214737788 -1138658857 -933188571 -1140937408 895394860 1828544049 95872214 1688158931 -779847606 -1275906365 -17778189 1069322665 -1588574223 -1923494685 1397793147 -1838268196 -1635449161 -57367043 

-1844409325 1238124369 -1612843879 40503409 2100543231 300487938 -2048984243 -1656367492 279772174 1457923140 -218964294 755072878 711025538 1691932072 -725885863 1984851554 -211846030 -302770393 -318908504 -1603845619 -1809526359 382576473 -270694761 511278388 1950668570 -52724268 1285155565 1166604283 -1536346398 -709836563 983721166 -610065917 -404427612 72339351 -1338210211 -1102052311 -1552581874 928524860 -820795425 
-1601528769 980753605 355452029 2135065864 611085275 -1029431023 -1799502899 536348289 1314508740 -1811969847 -1339090411 -1225349202 -1759092612 -439585986 364647245 52726694 345343014 758736469 785302602 -2090092736 738787448 1195108815 -1032672134 
1871056440 -1368958899 236030240 2061881088 -314341922 -1099422834 -163761826 833874706 1872534583 1752425855 -968717835 -2143500065 784171423 -897371527 -1157948944 907974389 1717795690 1320067065 795930875 -235024540 1940288366 -142136057 
-1645396388 -1111187797 -908109486 -1646371723 -274669946 -1275403203 -519855308 930184888 741898689 -226368975 -473116001 -1732021418 -1039403548 1980577800 -1030534756 1739990595 -1783796709 -1956358132 -30847994 756159803 -2086500840 -703670304 -1518581418 826987889 -330410492 
700940216 -1634730378 1756539919 -1614728314 -1422880852 -121156101 2100889218 545737840 -1895446166 413503608 -1678094496 -1058685026 -206624580 -2055537500 865684189 -796801105 1910606163 -854856254 701324411 -1737744318 1009288547 -1317674530 587834216 -1539416177 
-1123607467 -543685427 1927146870 664745887 1041458142 157243388 -554649840 -1151462183 172680999 214210350 -42430894 866471047 -518242967 -11950470 455103221 -1530562125 1082453847 -1952798134 -141494749 1964269091 -1050158686 618654018 -1951857407 1938023326 1412159011 -1769294263 1962983823 -1556706563 -620801844 1765336698 -1745855998 -945287483 1292993848 
1257232582 1479169436 -1303793597 15067832 195634613 1079831772 216840939 -572304896 204972822 -1485729644 2068029152 1419508850 103722960 1848154980 -999857440 206560502 2095572938 775759130 -1964697498 152047110 -1420832751 -2060676715 1772234027 -1561059369 1828522876 -1401869881 86383883 1514202536 344421323 2008548427 
1724649648 1752339719 -765800581 -2087288780 1631855897 -921585357 -946318670 -859572239 -1763114013 1632996814 -45554029 -987766310 1107168784 1494445085 -1436412519 18236323 137053638 -1264639830 -1070178856 -1048642063 -725201825 -1002193389 -166651322 1814402270 199296652 623437092 792532209 -1141125925 -235530138 1459988906 1539596209 1506822439 614456924 1949618951 -249586422 
864027639 -1354008104 1825833197 -167661870 1513677993 244827399 1808941895 -658810690 1153976979 893121932 1416660192 -208397683 -514271672 -247984466 -1040717441 -1557595086 
112053232 1860579146 -1198402380 565002909 807208742 -997183464 2138425585 1141192541 1702471535 -1683199513 -2007915545 -1671174474 689763205 404123383 404788543 513530403 -294348990 -524171440 -1059204056 -169220448 591344239 -1279395543 -338130290 -403737128 824474211 -1204546428 1747824599 370390068 
81577101 -7899667 2051935671 -1294560010 -672510079 -2109937475 2126385530 -318055739 -231375844 -1191927322 765829727 -727040299 1576107854 -1931262248 -1399447653 -716833332 -1572354860 1091211694 1113434222 -432144139 1420047716 -1657282101 -199873975 706731050 -44233607 -1194656532 

-48796937 572311662 2132073643 1689693797 -1017931532 698892099 14522177 894421285 287699641 -968643832 -1508879915 1419165315 1392718350 -1316517597 71109739 -1879937325 -721135595 -321566924 -339093341 -267165313 1614007207 -938469742 1662154670 -1171733076 
-1542085809 -2072032262 -1840042763 368559189 -195302198 735477964 1085075697 134361945 -1756350745 -1366525546 -1672314082 -1191743662 494633075 1433125849 -1850225704 -1754386272 -1867071030 -841169584 1806242578 631093724 777305975 1880231830 -658552358 
-709435424 1874920839 -12729613 -2047145980 1138619862 1560071790 -813218254 178837284 668544791 655731773 -1998727748 -213119903 965623527 1548210267 1379854144 -529527284 -442149864 1446526138 198365972 1059156877 1918338056 -623841570 
-257629001 1941633966 718304582 -66311871 -403701688 14484509 1491334966 -1465833623 1933844553 1679250289 2086826019 -783302260 1331920826 -197057232 -61439415 -1565093589 -353751869 -353195314 -467028146 -596606882 -53055257 391226995 1951732188 1777239849 253889536 882896480 -283233245 -631568006 

1544130177 -150840280 355434151 1494469938 413186057 217821842 -287376968 707299344 975672415 1348849125 1827500136 605276043 108839085 1854001011 -105712810 63702843 -1068987084 1884155731 -1857209400 144444470 2118845696 -890905130 1740103982 -467620235 -1881210881 1200687615 2113736360 2124584809 
-1602541507 -192889956 -148312646 1123829773 1443469751 -26956346 563703137 -442866048 999102792 1747286137 1424424882 -634980672 268652133 -310353628 1060779228 -1051274395 -1040591659 1462686231 -2119351782 -27641545 -2010428799 1207633515 2040045548 -1210092637 1206489710 970465866 
1872431805 -844482591 1214248325 1830001028 -1273504883 -1481216021 -1760460176 -499964839 1056813779 1090113541 1537566142 -849830171 1966787075 -598507570 408049588 5042219 -1266392999 -2141387588 -1101862253 -1965096430 491788056 -1663728176 -336435936 -934011500 -565735525 881459772 1228969614 -2139371520 
-1822452873 254572670 177030947 -204380366 1615735514 -239282517 967751763 674296873 -2120077687 -1338087686 -1307416402 -1488567274 -1938089347 1118671220 887260283 -314493734 1510904079 1875390564 -1284682347 -574508046 1024182008 1283260768 -877655653 -761579065 583338468 
-721565948 1857063843 -599868957 1678972914 2126000542 258828634 -91267667 2036573191 1865034457 1826553768 -690125035 1704587488 1154870515 -1090019572 -1996429196 1401787709 1003659855 -1884600602 1649003734 -1655716510 953132327 -265028800 -1920587343 -1037093750 -1709313295 -1060537562 -2082449280 -470522146 -390600492 -570948172 522700077 1682496437 -645758458 -475295942 862286638 -2082052253 
-613375310 -1291764695 -1749903290 1162517312 1878849944 -1916582686 -379694112 -813776004 585270547 -1148743629 -389173041 -1706385673 1783717321 -1297902115 1700786539 1998884421 1951938091 
1739861103 1497765553 815823356 -1223115325 43711361 803507103 -800964269 1910459985 -322562200 -1790797725 1739545450 -2086822261 866228569 2071621930 2038908354 -1982829629 544195712 -531484434 1055450694 -3621072 -843826889 -245513338 740210950 -1813957237 1596362719 
1686484091 1481825553 -2069859648 1559682311 -1513133275 348558352 492943131 -346116990 235417702 -820394534 1193066261 490236716 -390402163 -1024450797 679961878 955071230 518461674 1761234418 2001841708 1269962819 -411211768 -1756062741 -51921851 84611015 -1426290664 -125092191 -365780608 1293653067 484425235 -1633181405 -1987816230 
-256820388 2016253365 -1112362108 846192455 -1083260767 1553297549 -263120739 -1022715279 -1874166316 1399755965 818927191 1529917300 1609893932 -539809402 -61256412 1529414990 -1997377595 -952120689 -329036609 1303138740 1735884460 416129254 -1359965812 672914235 1623035847 1150540361 1480647925 
1222857614 -1616084018 993273527 -214104622 -1781282517 482552530 995247938 1351853797 -1191489430 -29554445 1475854437 -363353662 -2074634683 -1528568879 1407716654 1111414917 704615150 49980767 -1561200908 514061201 155429042 713441946 -140999997 493229076 134743759 
1881226666 -113519900 384468313 -1534504150 2093213763 -1719656558 237344644 1560860646 884864295 122219980 -270399860 -1697699204 1237366647 -1099237284 583400139 -1026782445 -1969914769 2115413029 235926849 1377135697 -903443849 -1771951974 -436955745 1306195554 1512281695 -1627196545 -1926569971 -1082159433 956258312 357588483 2060072167 1280190441 -259134981 
102515464 -848762089 795196169 -949538049 -538905837 -139759847 1373142400 -190564198 50075123 1650692667 -217073878 1892746019 161169212 -1807016527 813502902 1363670810 8310611 -1300507357 -910487992 836203691 -1728356994 -1101395700 733779986 2094321678 1944774687 -924345572 751789898 -1462498175 13348115 1336753487 -365369700 
509951986 -1940342495 936614584 23188035 347525998 1119876368 -270202750 1745954785 -1827967948 1668122430 1799511844 -1821756200 -69718701 998552224 585057156 1920490769 1046110605 -1061446272 2022925064 692816303 -2118199748 -1397445491 -1535253945 55099341 
-489166431 -1722181967 1239178645 -258827569 -1743487795 -177861346 2039262326 697662674 2016535234 1434616938 -8551593 2131461027 -1002275229 239224989 -1932558480 175958308 374410272 -1907276004 -2053334970 -1517213750 
678492857 1247375683 -964447967 -339888433 -1784489728 1709756335 -1502673700 -600299814 -605925223 -1843133315 1272850849 667946920 1983181479 -727996887 
1434319008 565662983 1675933007 1248094569 -78644787 1636164711 2021377868 1172596920 -1957770783 -1037052357 1272196654 -589625544 1234978479 1265855014 333334060 -1472114389 -870817539 464960583 1877422038 -453135866 1527291033 -576561849 
-1604228851 -1555778896 1601250442 557984508 -1950421548 1462108713 -1825420510 -497975679 -1710446830 -9638549 1377708117 249310765 49709771 -1796806642 -581790915 1489176810 -572409940 1804914303 -1771124385 2084366465 -1490399411 1165812337 -1644471186 1264296066 
562157349 -1274039260 -87199921 -1121015347 1949379258 -175502835 -1768484067 1553167257 802835084 801255645 963673069 1230840412 -662513846 -175102983 37047662 2088534004 -1502460674 -1614142922 391462473 -1217229390 620998102 -1428489895 -630335741 -287388619 
137606503 -24677607 1676549631 -1314642957 749831277 -1966307587 -2107298367 137222214 -70646300 -1021809828 -1372643642 739273875 -236297833 1153252576 221988116 -841480796 1961869594 -291857103 -1360919320 261138625 2085072751 853708603 -194019709 -189605977 1497733180 -792520428 -1150538952 2111858656 -1756916963 

116212281 1510149946 -1903831244 -359870750 -778055948 259027596 -834934337 1195299427 -883810269 -513505134 368431366 -513885577 -1231841631 1593217539 1675165595 927791081 -1100066711 -1049741826 1850925602 -1396956878 -924858237 -301806398 -1982163942 1078750339 
1090137518 -251610549 -620054855 -1139986527 -62083597 1573306971 -1834853241 1845075559 226215673 923108707 -389955591 309142520 -1262312928 2060898728 -1834886604 -1798724386 850126358 1977671173 -1068191139 -1554287878 300364218 
-1693666365 822945072 -1607740586 -687950523 -1046490492 1648681012 573299625 -1207033269 -2063457787 856734554 1043286311 -1614630619 -1351981088 -682576666 -19930523 -434989484 1850564722 -1737639996 1925639495 -1299734403 -737907192 2033908611 1137964386 1206415621 1491692620 1520221788 -366635559 -1413508941 -1771577450 352518204 -358010185 1576623508 -76285124 568010493 -1762859270 -1848904531 1388391351 -837895496 77032815 -2120313741 1798022740 -1916584811 1177020050 
-1075269857 1230579322 1477034681 -940609675 -2025211021 -237551995 22172060 1481404444 10973048 -63634145 1400571335 710508259 -1087435938 -721317252 1014916503 -1145262389 -1813195991 1836565454 1465035893 844667621 -1652411056 1462938300 1874658786 -1702708010 -1465785612 667818195 2012411740 -1822596999 
-1550290773 -418319480 -534888938 -364830231 -427078151 426720636 -361413031 2030164443 998375101 1133779708 -1529033165 848369494 16307380 293363673 -1188166135 -1622597152 401337862 1471407885 -2121936125 1799961983 -281080468 516506484 1555101158 -151264094 1381877452 
-1287865065 1645892536 -916006746 1412215398 643267358 1926759527 511471512 -232536674 -776729690 -1999887211 -1366081069 -772896121 -955364303 -1148258815 -391381698 -1099420072 -747204739 255347953 -1266718727 -2079139637 125407259 -110807072 79385547 1052638515 -394647857 -146719472 -91233557 -1650504939 1503232096 1378388730 
-1694449461 -1814150072 1868416499 -1444255810 1905498107 896191898 940385983 1376407486 1546469974 1713037708 -1229911070 1826053553 -562176638 -1624423594 -14584800 -1039076507 293279683 2062038077 1637732884 156277262 -1302340590 
1274532037 -1416648266 416846455 900701131 -1499485025 -1403170910 -1712329062 -1558595880 285644774 -671870246 1793297003 -2146786001 -1239564149 807607061 911612981 629012919 -534855015 -1454912669 1711146681 -1820541680 -1667444039 1365790433 -24340528 -2032023563 
1894448489 1508328012 292935246 901712219 -1436618597 918546368 -638300691 1767034409 386351409 -1175475825 -1020714709 -1960406133 -788991810 27237866 400837378 -756160131 78609981 1258094630 -139627924 -716409372 38829786 96855068 39450488 
-703589276 -2042522016 -1802292694 -2112793479 468038897 -2019617997 -416787006 1566344218 358304089 1460008745 -306460326 -705006606 -127638334 -972266057 -644652074 -1074373101 197809463 200277670 1067615250 86158883 1983635732 1186028929 -1201250093 
-1377437322 239877556 -1253538902 876270852 1735730514 -1696420674 1477299 1343539738 1533552693 1906482886 1148480669 -617083131 -884064734 -1309990066 -813723434 -27795753 247337965 
477884600 -146190943 249722869 2040540623 -355591835 -929732652 -1053185029 626041904 319052726 111282584 -913107016 1342041046 792745616 -2109614136 -396081231 -594302872 912690829 438686536 736128938 -1328624684 1512923712 -808569109 -547469175 554338895 -2013842523 -1888304333 717611660 271362402 548543415 
1704385095 -224405459 -804235573 -1123769974 1998507781 -1135596614 1915661244 263185818 -1058673366 -2069312751 189100773 -712720835 1178652250 -526896594 1168277245 -103567142 1254548299 -477950537 1992638259 -1256505793 -1619826082 337067193 -1535763785 321540123 367368927 
-765816434 2105841526 1932677403 1115968979 -1885510436 693400148 -1063535528 -943063566 -434799923 24931088 874483677 641803445 963992428 943065842 -756554397 906165701 118853287 797042276 -493944556 -65742709 1384036977 -840377920 2113860092 1220010 
-980568343 -1997687787 229565789 -513339572 -1186391944 -1462754923 -556878033 -148047341 -1323992034 -1753918180 -2049623600 -823192292 343538356 -480298391 1256142020 1964797368 -1889264298 702003702 

244991814 1785567377 1426575884 -418329011 -161946856 -606306754 559767347 1782554310 -1566528112 998120882 -938250655 -186879107 -1236398567 1472104260 551187147 -1719849159 1384543549 -395171813 1600802876 1584221592 -966699888 -1507288194 1155044241 -1132885915 
-1112014595 208225043 -285459566 -241520940 -2111582289 323108462 1693924609 327528081 -2128635149 1813405814 -590551133 98944681 -205238282 421492763 1215327585 -983113629 -1125453950 -890919055 674033949 301829260 -219541371 188588135 1207220693 -1035798866 -2017972 
1718880600 -1136414436 -1383376639 1339333920 23246799 -1391123853 -2066899244 2080610379 713782000 -1187804970 1774857947 807067854 -986575289 -1524325258 39443443 1701957424 68444174 -1100792087 -106283014 1403259320 -569902071 -1329883592 -860833276 
-1043536876 1437591131 1203108474 -1199354084 1907567194 -152134980 -1270408301 584023482 -1148006572 1961605692 -558077001 -1130917268 1059096181 -1027762835 827206827 1877970692 -1037319373 1128427168 942164540 1223241684 -132521692 850847186 -1151973005 -2105929299 1554274570 

1784231758 1426921240 -1608265008 2030347417 1278409965 1855089277 -1765232571 -1706198413 2133755420 
1723277661 -258093628 190485415 707623207 163932223 735465266 2042439036 1412041594 -2094783194 1336972295 211592482 -1077578600 1342328078 2051083074 1944655439 239154614 795204570 -2131960177 2125750186 -1056808316 -2110498257 1346383234 -1772739082 631331926 1685719060 -1813338610 1650401867 -1351580835 328812304 124715335 1016428231 1452441542 -94305964 968355867 1971101180 1751506151 932621001 1133517322 -2037745212 -1417442018 1417478041 287853709 -1873144250 -1157455053 -1969888478 732521134 506656188 896735214 
-1048279301 260470363 1716903170 2084482381 -489737160 -652465047 -1125430373 -1138361063 1083262201 -1721035913 -546092642 1200992399 1227820284 -895839373 627662788 -1411516484 1142297369 -709252695 -1715825758 -1692082098 901716496 1125963198 -186158935 -897415364 -1698329677 1124473429 1652396639 1179355030 1849498843 -1623749104 -1019632537 -898780394 -575439062 -1645938960 -1596192365 840982490 1355376330 -713670516 -2033754098 -1521545728 -1573174917 -1259864532 -1138665987 1666092943 -405311164 -2003112077 379822604 -975805518 896850889 -582374023 -2116745402 -1255460170 -540401934 1290099796 -230885154 1796805899 
-700263841 1502141470 1889103179 907435493 1508224488 63181932 727723115 1558373243 977469587 695684642 -1775193864 1031312068 -1551780325 2073082323 1820801160 -60470103 -1456732098 1769769013 1615072753 1274032038 195353442 -751163251 -1699839043 -118057827 560054515 -1659924627 1489334559 -2038498827 1819564029 2080233962 2133476069 1959992834 -943040992 -22501378 1208447331 634094787 -2128538542 361969445 993427287 840089947 1546534308 900616352 -1612470630 
