638380563 -659371626 2115306342 1747822279 531644951 -66882133 -458425678 -2035550330 649654744 1711208550 
-82685557 -117131261 1703422495 -2022658965 -1871560060 1936146616 1949762258 2145470667 113262176 -1196147752 657238873 
536223765 -114959898 781583559 -365849490 -1165101955 -1718435614 -2114885197 1849218149 -1186308907 -779825355 119437788 364672932 456553821 -2104055472 449040894 539015614 740372636 501993125 606138145 -1822597376 -615707232 997054180 
474369755 996898639 2122574120 -2076081510 -814464534 1810475894 -2051962597 -1675776273 -623639793 424650322 -1860466595 1149769529 -1589642841 656710897 -1955999724 -1733676475 -904676831 -1354943301 1194308728 1773124049 222631022 2118557759 -1077426204 -1212733770 



345170446 -216166405 1968985941 1535454316 -1834484091 -203863777 -2044805023 -559312919 -1562187400 1414844920 -1589662647 2077542224 1464707274 428880941 -580186442 1694727780 -1704294256 -1295128753 -492636254 -501382642 1209905329 -133534118 -527687503 502553594 
1885158136 1553669547 81762323 -1704135209 -272923983 -542813636 -1007335293 743916014 160080197 1643501418 1568874390 87978670 361271338 -456436094 -738905911 43632748 66586570 -22608182 -1418515198 393753592 -553545102 1835566081 2029478642 -448453896 863367821 
-282962037 -1206591516 1121904353 -1647764368 -2140211341 -782159138 -1541177768 -1901860413 1188964923 1647827178 -1063574672 -1393511400 -74120548 49039297 54242592 1175716817 -994922955 818460001 -794156324 -1068261964 1857504388 -6258798 
2048738289 -2088716810 -1320607181 -1987367634 1112776672 -787206487 529024568 483386422 -2059993239 1531353583 182891520 778018738 1124001052 1653514012 -1552393386 -2068478473 -1036966387 -829126489 555454965 -1311467771 33661755 861042262 -1862335326 1033532492 1971768215 

1493390083 -903800122 705112012 826391415 -1913288608 78645901 1000470445 -455677436 1753734875 183550490 -2028750988 -876328113 1439799119 432460998 -1264622487 648548926 1257322152 1650315331 -1734773623 -729524897 -1677776227 17889095 -1214794483 -1516749063 -1872451328 -423897648 
-65912043 -248882579 18856392 342046918 -607101850 -1707934282 -1635114856 215756684 -469673314 -578825664 1757960010 536995961 -1248986194 736632507 878328570 1047264004 -432388519 -1246279740 -1952454316 514274066 -1595641716 
-1092848091 -356474644 1560107822 -977107866 -18607201 -981314141 -804173354 1564113664 831454782 1384422646 -297468865 2064638398 641451669 356149331 -448635443 -429715431 1921797034 740900496 -178865346 -1817888441 -386259511 -1549433739 -119781944 -227656401 -475370189 1522020817 1810579512 1615838307 -1207766500 1347512632 
759312443 2106800414 1971772858 -1633148172 -436728110 1334237138 -1281676248 -1310196840 359276375 -673788339 1128329554 -632200827 690257198 1068546822 1288891747 -1325826901 -2138589825 -1169267409 -1146436281 -1650280931 1759889274 -1957857422 -210018346 1677198106 -604267785 69425783 
308926609 -83363017 1733003845 256529377 2025948095 460733689 573589088 -508060186 -926752126 867509275 -238587551 1912621363 -137850278 -1644514482 -1202827023 1250797657 -1693908349 -1647910653 276380412 2141092733 652043929 1794824034 804474901 -187259890 82580160 1122756320 -976614688 -2029807572 -316842272 2093903699 -1655449859 
398935523 -601965171 445093451 1801471773 1078442865 -106259168 1773048181 359894144 -1743323816 906953172 1853972086 -1867109784 -327629446 -490243269 -200181561 -212000293 -2075506065 -357863654 -298733254 -1092769723 206259080 74674247 318074941 -1232859401 413853087 -1955731140 790586670 -1405454381 1103248234 -278722484 988590447 -1480990027 -586224801 
-1826120951 -545346722 977091064 -1357973136 -1167234166 956084078 -178133454 -791512990 -398030881 -1163605802 241813185 1798036027 -238480446 1084352367 -1563697434 61079704 -2003850149 1675704162 -1221485305 1928564184 816962530 -427079243 2044805811 1812385037 1518843013 -1469116772 342730908 -742998064 -1420662042 -1579256590 697172285 1185711310 -1375501039 
1299237428 713082436 -1433241483 269147324 370590822 -561060734 -871837549 -358910997 2066199077 -1637044481 -100055913 812555166 -674106362 -275772635 -1816115865 1207608438 182027645 -664515485 1168126268 -745277292 -1759811985 -1463472116 -1881886941 826584540 2031487528 832861129 1501780024 
-326200302 -1710708071 -563768687 598822877 571192195 38747675 -1583503491 -1569581356 825181439 985207488 -1330261884 2105046099 1620101286 2079629578 364401376 7756513 -1234993309 -1408616024 -678856042 37007204 -163019355 -796557023 -29460149 220756831 -926039621 -1600928404 -563694187 1338998539 -1394741951 -1588932940 -1573686337 1686192227 -1317954710 -1883502987 -172671351 300922474 -1557281930 1957363401 2066025903 
-1652754627 2005706127 1022883301 1621337282 -1457432869 1123305862 71980992 826224347 1175492709 -101248467 -712516154 313272085 1843982705 -47784348 -1301747233 -819173499 1681135424 -341462426 1900241518 -1025286208 732222830 942954539 -365892409 
1821199978 -1274898632 1478934641 54953331 -1770338960 1230850922 1218816892 853990501 -586109179 422818707 1446282189 -812543780 -2027878664 -119070236 567838202 170776535 -378111087 -2140198121 2008481628 1257134873 -718657842 -1359413213 -1446084987 
768743440 923245229 -1153631878 1473181015 -492022322 682192837 420933051 1078641192 -640981394 1229750794 -1215024827 1623482015 -1979329138 2145857092 -1066084887 381138430 -1553374652 -116612119 -766877930 -2064509684 

322983714 -1394847190 -1959577778 1804525555 115115013 1390451018 -370848707 789102414 1255795710 -291644607 1469507066 -1724016270 1888245445 249645420 1167174119 524491701 -2091536499 652338473 -14768158 767540407 -2014419126 -1170362265 
1514145428 1147522396 -1065811621 1191752086 697832614 -311794841 -976290648 985760032 -165001260 -526122597 -116621499 -749489012 2056680835 -1197371137 -331485646 -1953054608 1631843167 1942226531 -160354844 -969678244 -840123774 -915292678 -896434198 
1909191513 -1890127469 -182682615 832403379 -1327863746 1779270071 -1555587090 -734960506 1852390189 -1764835665 -515539653 -1387084374 -1317747913 1232210742 1547743612 1964745311 1662931462 1031025836 -2137613531 899573067 -1161893984 -563382673 -1664236923 
-1151996511 903030996 -1835263366 -1798533020 -1661519882 -1277885446 -16849743 -811490726 -524526692 1051040717 1015680380 1299178921 -2020949664 711947831 -122705209 -2128173675 2095128267 1931322640 1426716787 -69796787 361447069 -1393425575 643361283 -621550435 -1427288616 

279088411 1870813039 -2132950178 1167087649 1694063525 -998739029 2096972331 1001820909 -8716374 -1459579615 -676576102 945664944 911222797 713931512 -1284009827 544893228 1189196401 1895995284 1915138679 -1751139316 2037780467 40760182 766176999 -1762555197 -1309067096 268323725 1424026912 1097995448 1679965059 -1867518482 -416447902 1135446267 883431199 -823511318 28238059 46189205 1433164861 -1550757073 -364847446 
1408392331 -1230484398 155717068 1227685212 -1697192033 -2038131076 1207429822 -280298916 -193075082 -1437389284 1635025646 215546069 2058056259 338034225 -160444948 -1566159341 -420477579 1005870795 -985852980 -728302134 -1296010738 -265520554 -2075561540 
-2025749535 -1010578246 -173185635 -285294261 -608499130 1252266158 234404923 -952528002 30021147 -2096246335 1798580691 -1781585005 -487413553 -848859709 126587530 -2078529401 358267244 980411118 -537505098 -1921890417 -1515764482 781982093 
-1937519232 -205704653 -1075280941 -1695223078 -513060236 -1390500782 1253304362 1269507996 661063337 -490138104 -1310189167 -1647891736 2124364459 1917999502 -1987523714 899059951 1222709913 877026349 1373981914 -84807486 490773174 -80057040 -2045413415 527988881 333631237 
1480285690 -1710822002 2040669811 -340062409 577673345 -1760252727 1179700389 415934382 442562684 1656298445 -443138652 -1758962115 1006904570 1133749850 1727286634 151075230 117799483 452452119 2041616410 992146813 842577459 -976329302 1596895928 1874051022 
-2038401852 -1007438320 -606217926 2026021997 -2043141574 1253797407 1734990769 -1483341587 -1176864908 1124795031 1522611344 1095667422 129938641 -153032635 -362040126 -1730775947 361394338 -1034848780 -103226554 678276274 -325473130 1917649632 1627235257 1169015520 -1318416525 -450910712 -49490054 14697632 1330179362 1590396683 -1081152178 -818630223 1195787244 
191191172 282659987 504110605 37923467 -1531783229 -198983433 1734947368 -475748815 -1145576205 -528062579 -739928770 328998592 -203268586 -1423704109 -1735536416 1588566690 -1856584327 -400344108 -1241553547 1394095986 801906488 299531946 1699513200 -849663801 -1197427778 -1808910249 -1513399559 -1428195025 -1096578760 -1783129621 
138915825 1026417649 431170401 1294282254 -145364049 560081958 -586418867 -1347883266 -2063426291 927806170 -835868881 -513159838 -754561620 -383332432 685756806 -1558712983 -817100033 -1179705449 1683226652 -600908886 -2110940370 -108553178 -1897139735 -1201566198 160726817 -1886158499 -1089954347 -1134618936 -2089880218 1235243157 -1464374115 -489080214 1037701077 883362716 391689969 
-1431291766 457828766 -319904353 1622352548 -223826256 1346426 -1200513276 -1047151213 1112820211 -1806543082 -10021296 1684720022 1797171159 -1672795616 1777482750 -583786237 
1006281696 -1981914202 -2063557952 -2054113140 -700507447 -843192228 1837814886 65744466 1326668497 1731597577 519618081 -1409314015 -156870924 2144137555 -1046669772 1640929443 1770421962 -1131620271 -1085140910 1678438285 -1995389559 -997738824 -1602526567 1566370505 1917941941 709935541 1364180753 1706642518 
1595564908 913328 -1601247489 465290315 666679184 1788330413 -1544625481 -1430146572 2097612015 1126976099 1842707517 -1164140401 1310378433 1874218508 -1046389293 -899273419 -1935321805 -220253114 2048458352 243545413 1346659143 -1505200032 1187663895 1535492416 1738505060 631559432 

-1954398074 292380693 -1488861460 674766875 918541056 243266039 -1278578609 -1832276815 -1553355721 -217878754 -623615122 361343727 1163066100 163786632 -1941535570 -1961341888 1367801912 -387215887 -1328353793 1459203813 -1994372874 -719273940 -92095410 899108690 
702768326 1926862960 763936963 -977961892 288033281 -918532711 -1837782028 910095302 -1104274452 -1016558849 1535919621 314078231 -427496575 -1983125338 -576908098 -137328203 760724237 1676767705 1841065030 -812120276 -1727773699 -1976531970 1620472846 
221885154 378808115 -153434997 -1302792137 -1446470802 -1807025349 -32854841 -278718525 -2110946206 2133232018 823779367 -93939103 1084586070 547353390 -543479160 -1264014465 2111654994 77131384 -1058982670 -1932465151 -37414293 559737063 
-404945386 -931035860 1308320647 -2025786634 -592179961 2029822705 -26957158 1492327435 1830175978 1940731160 -881742566 1395958792 -1554288571 549196439 1811158666 952650092 503226684 1144317569 225818822 -1341103435 1249172178 500647479 -1727193684 158235713 2027239972 -388737359 -1964686730 -1439641246 

1452630914 999974646 -681637696 -2047339409 -1358984207 1622806305 487833248 -633222862 -1120195241 421284783 1113159256 -613765254 1594616236 1836094378 -764123202 -364547569 -569959751 758055108 -1449172435 1536324704 808521951 1560460329 583638669 -1720416843 -1241958436 1361856318 1569577152 414716510 
-475707995 850200083 -507219931 177868849 -1935107904 -1408227384 -547450664 234559590 -513377134 -324137085 1077792731 986541184 -1598905518 -745287051 1571956295 1850938750 -1622268638 638058020 1198741947 -1733640766 98149210 1027235571 1972005708 846795482 -2104890805 -1689966871 
2096264752 -697430905 -57779959 -1518242766 -419415180 71040995 81013668 697405988 -920994569 999367036 -2015522244 -408397612 -868383663 872484950 -133872704 -1212432335 1298304031 -321943070 -335794259 -591466638 1753642025 2071154024 -1143433046 418269326 -1832433847 -609110758 216741788 1022259701 
-732206235 -291291288 452903468 1630846637 1544771017 1359076830 1508816198 707719116 -1560430359 -1558612177 1305937429 1411218732 1927549524 1338804619 265316563 -2487486 484515418 1117614471 1382681667 -1911906876 -107378099 1624152138 556346097 1053726654 -774630775 
-172804428 1652567313 -922487356 664399961 -1334659095 19546975 -233480060 350824443 -804172401 -773014264 639377349 -661460707 -876583117 -492742815 -1271198476 1802156445 798063605 141087945 -1262841761 44219912 -1294006884 -1171225881 -1848708776 392432300 1281233596 -1684575050 -1990403618 -91013671 1779281056 2012546222 1639648519 -1383553853 -1889693407 -955472760 -1784623155 1754302775 
-1405926549 2048240600 -798681572 361020902 572459059 -1586334456 464114631 -217727394 -462957031 787757465 1187804645 1795200943 -1849090569 1998900468 120801718 -259447170 504977268 
989503981 185963667 -186610260 1288520899 -1545688030 -1360923207 -452817999 766402503 993970231 1949684864 -812928825 962728946 508755347 -2136581001 695551406 -305655096 1802936146 -827250519 -163326322 -1593460450 -1446361592 -465398105 -518527914 260432070 183909181 
-1667497524 249011065 864754619 1260394874 793025458 1235480123 -1502836415 1504891646 793979649 -1170594960 -227305645 800693527 -569886765 -2012785606 1255346433 1803781962 899397279 868801952 1805075285 -1370541666 1704037514 1306632916 1744237845 -585464460 -1122172608 -1203073036 -933367968 1789131268 -632097994 393687636 219804626 
-1418660516 1382476622 -2064576364 -586529988 -293332313 1479539083 1292103534 1665908522 194936871 1593166240 1038611810 -1847978255 1000641051 -1873863516 1167586700 -1144994386 643296250 -1595491312 859408485 -1241741130 -214013085 562875263 82335854 81314075 126696199 -1672621212 1242916714 
-1969121947 -1317069372 1755426020 -1866641664 1446449857 -404565558 845191430 1203844822 446904647 606613789 1162697253 -437768279 781071385 855534435 518407770 -625053521 -1047778337 888709574 -367461853 -403987137 -268371099 1390586393 -123719179 99562342 452741281 
1505284215 746728942 566183960 574333475 1439886253 1973193436 -2134676321 -240252643 -1123775813 -207530233 -782673561 61209991 -109499009 547669462 918103667 -1415674216 2083247540 1402815215 -2098729709 -45003176 -2092396354 1631201196 1337568358 521778756 -1480244169 -1669505975 1944333183 -1618736576 324419362 -1278037910 303910029 -1297241966 231451344 
590155941 292129439 -419113385 -870185428 877127568 2120222344 675684460 358676836 -742214574 679110639 -1383666683 1057626093 682182661 -1143929206 2045935794 496011475 -1403341953 -904094283 1373281772 174220035 249936487 1288109933 -1122445682 -508912920 404397160 2021141480 -691875087 2070598398 -872673173 -2010964899 387373175 
1595097422 -1037262901 -312382560 -242048635 1402820137 -5878372 86842277 1821635895 -1717661900 -523867909 -1376190131 -1007426466 -2045870139 732986076 2115103238 -1694133090 1691614890 680341290 -1437869337 1182384229 -556101574 1382953042 747588896 -1171771613 
162753949 -1863830813 1528620912 -1142892379 198744682 -335581347 -879366049 426692606 970262974 -770359717 725773984 -551641492 1796077929 -1772618418 938281318 1806369284 1107229983 235882283 2101454089 -526223018 
1486631660 -1338321720 555737887 -646979590 -678833128 1704637223 1225888440 -1318411684 1931684058 597387261 1530980501 -2131706383 758050272 1393077255 
556811978 -1932637276 1926332879 1517482 692788831 1079993059 890865024 -2071786518 1769160627 740252620 -1130532365 712574938 1194106972 -2046142665 391486547 -1745621243 -1388425855 -1853494666 -799026031 1383661748 -1849433406 1203598816 
-319432087 -1965432731 1309264632 -508087039 231444291 -1809194433 -363223347 824693842 -1047856224 -392465874 912457501 1449787276 293290564 -1496918886 1516358163 -1891140154 -1245300855 -1037329053 -657471847 -307580675 412055973 1054023602 -1953682064 2099127223 
-547270156 1108424394 -2059352632 477176819 1855371766 1438523698 1601561927 1546672859 732298308 1076088113 184208755 1964607709 -423992120 1568483635 -781143738 -1315882238 456005222 -1869669093 -1339921142 -459058900 -966163417 47015460 1414342542 377268546 
-1497903720 -370150357 -1017960702 -472412737 1425817008 84921117 -1928443547 163721074 -31022293 647747207 1860994276 -1145526497 2030648690 -688822128 -1561938202 360870286 470554582 1432745503 16710714 -958535795 1768404728 793861732 1543555085 -352247145 1498493170 -2039273645 -1912429142 1805415252 2098699739 

1847001260 -438419101 -863138222 1172044255 -2131839876 -1346262904 1696595320 -1836444743 -1125487000 2002270648 -607942128 206147723 -1766679265 622902510 -741044211 1543788943 536900155 -242596688 -1465419695 -1877464743 -1691057581 1118767330 2009375227 471262826 
1064134586 1144133199 -1403120934 1188691157 -1689643296 1999136918 1774984973 40033914 -1917902656 -1588705362 813930191 -2041865294 1402336798 -1571627819 -1564266794 1713887998 -1805515496 2063963021 -2107455563 -1570255876 -1951379404 
-1612559021 -1576878565 -1856760508 -1672408653 -568243758 932123763 -1076731476 1817976661 860611945 -1897638563 -1408198651 -1705707902 -89908310 -1214056213 -1338734112 -1621394007 1957902638 1126148079 -1643886554 1186100220 -1823989280 891624768 -2023453356 -2018158543 -94672414 -970490914 1741069883 -1997838535 -1678939992 -1110069891 -646807089 696109618 1027981534 -471297502 -1942153517 -298628595 -2042391632 283560631 -1158358698 1752421599 585663301 -1282693958 -1629691905 
-1258651367 -1690829109 2011245865 -1372738972 486928782 690441779 354227628 -250947256 339798537 1190320579 -180921019 -1595687774 529532896 1828146717 1732012872 -1508652714 -912052251 1819101082 -1177973289 559080 -773595557 -1487310245 -130728036 712439021 -1521250760 -1393962498 -119794672 -1350181541 
-546351827 1200898306 2315976 679282437 -1083091680 249180098 -532522141 1707916778 -460256434 81230082 1141180540 -1722464457 1047513166 -1761912127 -1329564095 -2080426103 1844355014 -1665951099 -606298644 2134057807 444577573 900933042 -1327165590 80749221 1222466842 
-149989225 -129804061 707141303 372008692 -503862983 -86099560 -2056143438 1848690294 -1820028927 -300913456 -1499089723 949965727 -632510980 -200627987 -1121088757 -385916193 -145794164 1089789962 436999654 1916504950 -878801745 -1823904823 -243260190 -80654671 -835144121 -533737344 1584973173 -1199368053 218588135 2034908476 
366043979 1776889382 -1809374530 1253793435 617989528 -763841757 918927800 1147174169 1327813943 1276826254 -398515589 -627708174 1090055419 1122980615 435209683 2006621644 -2057652857 -304047728 498940740 151555314 -1994676268 
981070801 -2051851218 -1021299353 -2065912374 1533132812 972297025 403502581 -551352581 1055737905 1444347647 2048431200 -187709811 -295948907 1377320659 792020255 -1888357088 1118153782 -5531698 -2003046405 254126686 -912082860 650369434 -1531500905 775945485 
973266143 714178039 1248921233 -1725486991 -2044504944 -295952022 -579039577 -2119285696 -640938422 -155962150 966361624 340922939 1967470688 2059566969 -379843397 -736841819 225307813 842871637 -1980835657 -2136709296 -994889149 1241232564 -1025857209 
1061260211 -532371063 579449887 1834061407 1387188848 2145528912 -1665740805 -468098903 514168379 157557427 2133657458 -366136370 1896394346 -471389846 1625142091 -1261427510 -609882701 93331397 -439735637 -464313237 637451500 -1167168503 -1717970520 
796412060 -1265712417 -1353292313 1556997979 913137616 -208147236 2028292093 -243902529 -32970886 -203404411 -1854053177 1918080689 -2138293700 558428515 -1322690378 1317682937 954611785 
1257218741 -1002943974 599735786 -1634673627 -1410242905 -112272224 -1814797344 -454609775 -1474920927 30651611 30794503 -1888118160 -100921719 -800095443 909332909 1200756015 -303383198 -1010045951 -195085405 -189291263 1455200472 766849313 -291329277 720559970 1714995088 -1518352680 -1751537680 929220704 -1050364808 
1519455150 -1633113998 883771125 -1464237178 -34528118 1829455510 -830340737 220865647 1783760415 1864191927 -2043923230 -222320064 -1639603278 7993609 418801503 -1451716725 709644791 1286948570 -166671024 -1705754537 -419862324 -1324090955 -1158232615 -1438101504 -1492909956 
687532521 1430464246 1551772312 -235535861 101922816 1975115607 -772478700 1988920615 -778119595 1548113274 -1012018465 1677670811 1432735854 -32692641 1865171630 -812687311 -1018546458 263342080 -930672781 -1809314574 170200795 1826217133 -623785509 348919219 
408761390 -1527440872 478374383 474063451 132465470 -2099571354 1122924554 -450716598 -1757218614 851310513 1126619797 -1854495487 2133377003 520488553 956858276 -260342025 -280652182 -1028435932 

-1145010625 411301139 108989004 -177793598 729533562 -903958741 1712039619 -1403569253 49409354 -985515763 -216294754 -898285689 -1968276768 -1320446185 -1825970963 2067451197 544642072 963712475 -1158895476 891184513 -600174168 -786170717 1249015755 81994312 
-890909977 -1024046339 -1585620202 806201560 1734628531 -918796667 -2132016408 -1123921512 -395779302 1308845351 271351816 -1863384103 2004955342 1751292284 -879045529 -924484998 1486847287 -606938171 -1048429710 -760169351 1779979787 1668226517 310722870 -851793886 -2127795524 
-756023829 1454263406 2114312631 -538464718 2049907881 899591474 -208653076 195353933 1782190583 91841202 -508874245 1897757037 -323111786 -1400800984 791646655 -1596224910 -1542033753 -869055275 -1171218156 912498578 1541073077 -1658606558 1530272892 
851622669 -880683530 6771796 -548845024 1368796228 789869759 -2131853077 1712116271 -1822557501 687101806 476224195 182719304 1648324161 1674643019 853845927 1621246186 -1400984286 -1320603404 1725171371 1418643729 2066942951 949030033 750745292 -234394795 -1455129737 

-987971625 1863432195 166062653 -1075662140 2146853313 -869347647 1649592439 -946040353 -1286456721 
1607291304 588442352 1229317141 -2023424936 -1264321657 703231548 1429778026 -1783371691 -650078300 -1332018784 1399786371 1699657335 -984408624 -1265102105 -1866939969 1256144537 1528648453 1174445168 -30915093 863775545 -1504466161 -771203751 -989796094 -990987653 1170860349 -1829155098 472960592 837075545 -1559523915 530046568 -101345124 -1600880097 565483838 322593383 -1510575133 250054526 1666008507 -1852844228 51914020 -57257919 717728354 -81921349 1709434585 -1711853343 399799153 607394647 -1984071724 -706874416 
357072118 1302505173 1570658172 -167022244 -636878380 -1488651450 -304514228 -1064329636 -1599393064 1451723005 885830895 -110566821 1379528046 -1999218769 2107138258 -1294441964 -735742432 -1719178252 -1153306321 -929925901 849678174 2124311572 -1858050206 -1167663185 -1341541329 -1510752043 698666164 -495611671 -1189553593 -283221658 -1911164767 -507546191 -1238010409 607306422 1424922641 -1004292205 871799464 105260166 -1338238159 1054819164 -350458552 -522068048 2052837725 44729939 2060756819 1937099072 -1060427162 551472099 -667275417 -1885430030 -1566081037 970824865 1713595913 -385952659 -1969763885 -1769565983 
-1477114524 2109240112 -592690119 1998774659 -1803541957 -1752785352 -177981619 336068619 -1438955311 1934415404 -1195079622 -678145218 933218845 166506537 745936359 -766740874 1885724498 -1886400565 2139370315 -385319974 905655930 -124350956 449459346 -1634995041 908653357 54751019 -1750775526 -36412402 -1448645567 -448609766 -731838691 891180404 2090753432 715104181 1883392011 190329412 -1476141800 -1832510459 962398905 -289912731 -1817054783 -1372817537 230138495 
