-2066904423 -849534705 -2006928278 206769599 -894241391 1403650350 -2082025721 125578097 2104002135 -565618099 
706884097 549574512 -1385188424 -93301287 594463949 1631895785 1801350883 1855369328 -877231576 1067338435 923655415 
1576643046 -216713115 -20809461 -721074809 -1448150556 2052521374 -1413514469 867672533 -1788591897 -979479120 -880118124 -1918839561 535066780 1957541468 1010516011 -742043980 1110537158 -1037959917 -1457638316 -774545195 -1163506163 -6197433 
-2145687038 443836512 -1217190522 -1495409079 912388469 321403016 -1676587953 -1803155861 189003840 -461476881 -212667281 220514950 1611232887 1614834623 178783501 -625768763 1130676703 1566570016 -1906485126 -24254155 1685387325 -1680239445 423315982 1556463020 



1158700844 40071813 121267501 1304767137 179868669 1083874685 -229775465 -268018544 -1571659924 1656806153 1019099595 1335862567 1237836563 1145229192 -1921222307 1388554376 -849416610 -1536939467 2071715184 -1017825904 -2113934336 -924941692 481628211 -1667893530 
-80371241 1965894267 1061358566 -217984313 -1198950934 -1359577687 -1371093356 -1177210672 726775587 2025483464 -1405833086 1473290664 -112358143 -940924904 1477735583 1371641686 -893290564 1930480299 -833189442 1467096459 561419480 1542154589 -1082889525 622876981 440339945 
1756545646 -506406522 46149007 -642302235 -213719390 -125383369 693078068 405065007 -1393026396 1094718146 397529115 1959934741 -689958758 -2029226006 1645340257 810965425 1605966991 449055718 -352307303 -1139009129 -2007613869 -1039581004 
-1030386333 1568255652 731810119 -1212733733 1210010972 1894860270 -2050866141 -88427562 746014750 -1206327156 782828000 -164154559 -932436355 1868206945 172502767 -1901225135 -104565497 -1450707509 -691991849 -1897240225 -1666008857 -346416919 538613978 2080140140 1564276409 

430362760 610435382 -458639018 1181569729 932846847 1161717200 637570584 1247319956 -136573509 901046191 1727747004 1214212423 -512189820 410790174 -1207935948 -2066736498 1893704443 883070673 59168633 1752053649 -1280771460 3291286 -89913709 -307384885 -63837736 -1027486167 
-1108528294 -1227316495 1575355309 -2131228355 -2143604418 572848749 760698005 -971003475 1219412010 825307502 359545923 105274761 -1021474960 112652175 -567036776 172036530 1695065070 -2118460807 2135201178 865392131 816830277 
-413085507 -652284402 -2132127756 -487306657 235671014 -1703983099 1889547167 584608222 1809524197 -1567840322 243250563 1437783221 1108917030 766468585 1204436110 2028715962 -1121455722 1667336213 -1240362744 -192026902 -955870012 1902770666 1506125870 -665039526 -537612553 1045419367 -1452996317 -1430729262 527181121 1270767393 
503358759 -1665721612 1972359828 -1948974958 965469217 209388988 -186779554 2046962822 1669237477 632760492 -881480595 -1850537764 -455243710 -1022440143 1022053439 1881007964 -1978355902 -2122746871 1605708725 1274988856 -949796045 64849007 1038865305 -1954302877 -1204147255 1746662792 
-961550417 -954359726 -2096556010 -754736291 1715590990 1958387722 -438384721 491884545 754315442 1531755404 1294347404 608627093 -621736989 800594801 1895364378 330603272 -2042561291 -745849795 791528499 1760028727 -1666332448 1753317496 348042517 484586458 -657494237 721548043 -1331967353 -1141258295 616896437 -19889229 -2001081899 
-2002218765 -90018257 356683474 275652838 -1440130454 1702934863 -1330425017 -1054134432 -724430354 -2074061550 -151546824 -323163411 -2061579461 736681876 157509797 -965979024 1985413526 -1277320419 1306545950 -1220269758 1306668560 -83569282 1724687928 1564829048 -738173884 1989070421 -936276607 -1645200622 -2064744458 -1694633327 -42044852 1181037363 -1044044086 
-630976336 1958078717 -1631615840 -1713618864 -1060778889 1073851399 -1351579089 -1418926349 -1311600977 -2042136076 1451950110 1204687715 1696703989 -204714028 -1940328745 608211695 1309354513 511472589 -1165478878 -418860211 -1673651337 -1957825046 -202532898 -1059805506 -794635299 1956743259 1419095891 -1621018778 19652267 298734425 1188604881 -147481748 -1137930824 
2002472555 -895146913 1919605599 317197576 320354855 -595956576 1090636672 428383703 -1198975946 1909735808 1200546461 852647231 1848289537 760494060 -499546812 -1108741691 205717752 1845935351 2138562974 1320326699 -278240094 -151657341 -2033170426 -69962219 -988965931 1729310513 393947424 
-1565541035 -468857663 -1583404813 1615390272 1335191301 -526631121 752182223 283762998 1775937787 -1782777254 1141309117 -1947862397 1710806968 -910328728 -1145601930 -1552674229 -970032451 -1029676899 -33887031 1362752956 842873000 -1924508677 -209441893 -1123592467 -1557647066 -1286122857 113815281 941556303 -1501038779 -2127371848 -90973855 1960004551 -665310041 -2054075007 -1197223618 207803434 140254556 1711433713 -1213775813 
1650344852 1536100466 -1622990178 377048385 -1532090548 -925501032 -59474465 83930521 1020474060 -460829508 62067582 -974973197 -1452021744 1051533476 -503981373 1066304687 -1040989640 -30134593 1892970717 992877312 -1477380513 -1640036694 1210726874 
-1657215692 -1487388032 604208207 -1062329973 -509341901 1954954482 304347616 -992905131 1168384273 1139220723 869703910 130371549 1586173297 1056461083 -451857289 145118729 -2131064075 -1297187395 796036845 1321614748 -1450315113 -1034059150 1141426093 
-988799823 1888429018 1804155749 43827670 -1830441434 -1719788471 -1446728201 1041938897 1774318640 -1385473541 -1321572336 -985561627 -306941115 -1331593797 -1713448676 1295537448 -1398712145 -652608808 -1075326388 -1153101011 

1650411637 1744757993 1328948134 -505674680 -7472223 -1522457385 1511972566 635615703 -745205734 -178641787 -407192824 562563735 820293261 383587892 768402099 -725913607 311253790 -1949151559 -1112459777 1180537781 1960312633 -768706716 
-1915368623 1190518481 -857130569 1666453364 827027836 -733071207 -17309471 212686345 674357769 387063750 1550346623 1733429317 1568053640 648695943 612558121 1519603018 -1279393273 1582496965 548195263 1232430493 -72908808 -1358048063 -1185267977 
-305216757 203891565 -1226914271 411443799 -650632837 -1448080848 -1662162260 -88875565 74537702 -711184632 -2047237488 -444580730 -308545791 1541908971 -1958297779 -471660250 887823657 -1926295085 1107010644 1101869157 -496067262 87042759 1077181454 
986912337 -22744807 -569358085 2044986434 887509077 -1496397979 1705095064 -2140553096 -83062756 -2050213019 789419034 2125233330 66913527 -1629299528 2145856879 1993705762 123774443 -1453243991 -1627459053 -1329743680 -376041094 653502043 1821778792 921747668 865263790 

-1294280280 302730138 -1641565163 631869307 1516072408 571133572 1853434902 -929222185 -1225712153 -2064729200 1350515181 -706709651 -586635164 1318265041 1905953954 -1620672484 1600191175 -1767048888 1669556424 1447770033 -899848239 -1846347935 1791528276 -821625965 1035688849 475618134 -1075014651 -1624625152 -1730028723 982149273 -1647632500 -1259111878 -141518906 -1646348016 537298134 834840481 -1242032931 698995792 1539274172 
-827690318 -1802785777 -839834235 -705123217 -1418083153 -647320817 -1445216960 2081396962 1975254196 -145877548 1788043161 -1512200706 61894278 -1799585987 -785365124 -324896845 273102074 304012236 1994013140 -401851881 -837230525 1852546420 -2133650863 
835091687 -1320740093 -1195451140 1775746115 -1842062462 -1736375665 -308612060 846598927 2090393317 1967694675 150185063 -1042811349 942733493 -1605716617 1456713723 -1956961282 1424712955 560195621 1134295237 1717171249 -1884147081 -1458794304 
2127602147 470180524 -1310013828 -1416425964 -1738602382 1718495180 -2078244704 -1290454908 75894847 -891058163 -1022922291 1556088239 -699879897 -328935724 1918615450 -1379233156 2010589532 661119933 -1729937409 774119035 736428980 -1292476594 -1237876480 119505395 1856750209 
1249584771 1413819501 -590188480 564974570 -481354952 1305966934 647624048 1314400151 -130996535 2136357762 -276302554 -1042997557 111759575 -112409028 2007183213 -1685529763 1847478965 -1146585021 -1810199989 1892920720 -1587622154 -417907337 -1541636047 -148592673 
-1462701643 -37040093 -886978028 1378539243 547108734 -1335086651 91378538 -1965663641 -231121881 627774061 -776817723 894315239 -14650806 577035777 531047224 -1942947664 973777119 -548856526 440985581 -290300178 1756482305 326501387 789670806 -1449150672 274644862 1685851248 1865885931 -1319511993 791846391 1322487939 1858428303 -1466693586 438729251 
-657697852 171522637 1970345266 -1753213750 1906419376 -1025177264 950282561 2117165675 -1071366319 -2046759787 -1194648942 1602540097 1880417121 -548330492 59441563 416655962 1096350811 -1881640154 -296610677 1646868944 1524952283 -663512199 1312598290 998449882 -1295102084 682910741 -1044648475 1762353657 -407783867 1226762658 
327207226 1556815062 1001834002 374244153 -317272256 254359717 826215347 -574921183 1556421993 1688656886 720539675 -568042054 -1107409184 317078263 514283481 574433551 -1038501280 805783909 47109324 1165147204 -1869903191 420935705 -488127938 -442752606 1720322612 2113332530 522674891 -628570655 1985142988 -1375958867 275292033 1657299483 2051216161 -1210519567 1236112789 
2097960792 -134215013 1146729071 -832417635 -1537934915 1211781864 -309377298 -2041252137 873034118 1617149910 235660883 -666700997 1163058330 424054352 -309262042 -534182573 
-504924225 1208226439 -858641347 292853185 -954845035 -1025738279 -1740889460 84765083 -1885534991 679637885 623616023 -1574473348 820007007 -1948130634 1827371565 220896740 431875756 -1754794836 -1871177048 -1006503486 -1817759271 776493737 -694415413 -519498223 54240868 1747657237 -960217987 -1613245882 
1500909606 543324256 -315948781 1335713325 317975950 1568737649 1542163745 -540355974 -48234649 -47922488 930491390 197545312 711319242 1112195755 1459254254 -478702499 -465662758 -691736624 2045365380 1996488946 1965624278 984780243 -1107695784 -703648982 -1699264495 2070473862 

-1002129560 1431149921 -1442877270 -565595696 1804524826 1082197336 -1673451798 936932392 -1063410341 1151007638 -1751318628 876200713 118986700 336977195 765740157 1885473775 -1124918990 404344523 -1602346441 -86345824 -1557072715 -1809948208 -2068961047 2087103395 
131090791 106593766 443038193 -1136726634 1506616382 -141055992 -1558950568 -1925383230 -3110506 -282853365 -1083407807 294390581 944151940 367448262 -708931493 224332995 -1525949900 -598967237 2139692701 522818155 -250049114 -200379211 -1087058982 
-787237089 -1833563460 1192472761 188793453 -1004490270 338118950 -1845524764 824687105 -1509529221 108718363 -1715276513 1623485475 792282245 29530612 -370675434 -565109357 1266603837 39909049 -611139104 2122811852 -1935123986 1741389931 
-1381978277 455299219 -1591041302 -1522724829 1931068815 526014386 1197599534 -609731992 -258136500 2030314271 -424976440 -1929310059 1908774633 224575403 -379634613 250605042 -1761695189 84612639 978988095 1970209774 -383723601 714026365 -26435460 804769394 346887059 1484680949 569638604 1291530536 

1625761272 -967029398 2102419132 1118619984 -1047062706 1988665084 -870353731 -1461248773 -1557519629 973619199 593242081 -1587391558 -897837706 -1478511583 -436279144 -656459839 -1173818261 227347091 -558088828 1619089847 -1881032772 576277195 1413526252 -643470231 683401510 419207414 -602586811 54588042 
387368731 1336201834 -614513396 227706671 536301456 790074015 205735337 -892146202 191216549 -207222928 -956080719 -252164609 -1410964989 -549846693 -11820919 -324133832 -1344727697 1210690917 -323314642 -139567697 -1606341136 -973672713 -1043042370 669019778 204647174 1626270798 
-93087215 1616141884 1430148830 -1258453559 45234847 -2070745659 -1845929003 -801196049 -579687953 286400271 509891308 -1272880166 643811044 -2077653101 1891469015 -1853136658 850401206 -2132720015 -1032152548 2124443293 376431083 -1415016892 -755530217 -1261238219 500356385 1202292415 572359899 -1459649155 
-1957885813 491396761 1193390811 582859316 -1741082621 783913114 -1464424312 219749160 1188547412 -378708257 -1427119940 380777493 1170314268 -2107171935 433863391 1932964613 917908291 -632720768 147217596 -1722090649 558170781 -186690637 -883403555 -1336947939 -1117370349 
-1056021061 -103643748 1532347494 -554286523 -1720547643 1650140950 -1698157554 1902503665 -1235379737 1231494967 -855187543 -1223259560 1592017624 -1197874345 1212636210 2046895266 1397001249 -931267386 902520315 1739757008 -158686581 -1537483945 8624870 1369063017 -1558003864 2055298747 -637313375 -1604751031 1162222389 -55025481 840569602 494684341 1915094188 -2034321149 -189893387 -1224738905 
1385969052 1502031214 2144221333 -74763084 -1488562589 -1541060209 1721024981 2038530666 696189128 -1127918791 -1379228737 -1637716259 -1947502233 120711533 -2110385127 728858294 1166787391 
-1989086339 -809677645 1354051706 1051108850 875221898 1224301028 1143886682 -154552370 -367190537 -1712797699 16870422 296323525 2047645422 -1017729681 1298734578 -1657514301 264273296 545596814 1189594145 1088805336 1154143143 -621460226 1452457581 -1130762105 2139142505 
-1576400690 1807414322 1056828189 -406411931 1123547357 -840863550 -1332119982 -58970492 842789639 1612179564 -747531480 -73656248 -2014169751 870344797 935900661 2027167906 1024910931 815341372 1739641192 -324401884 1446953467 180043295 609067880 -545657732 -504332954 -67704961 738068124 -504073675 1655928215 -1766356137 1064603142 
1988110423 409677601 -1524175577 810173859 -1236947732 652912430 -2121341632 -720589293 267583573 1779755942 2085398183 678773395 1471004835 -811767079 916077969 1788219354 1031314534 -859101248 -510861078 1453020059 -2084262530 1355277090 -637398148 -578167040 1094466131 -750925797 1964401946 
22727109 -2125525872 -1869494674 291775473 -2092441704 -2065287372 -97766124 -1074687272 -281305515 707345478 -13279531 1889624275 -328050415 -173936306 1379181806 1634287420 -1683847084 1385789547 -1084301259 1103497910 -1664927315 -1032523896 659668335 -1256307384 1023038495 
1567348178 -1212280079 -1958890979 1604556437 -1603792775 -1872834235 -1776772459 1056729553 -1770419097 -2084306468 -1413125926 -519028670 -431638446 37611023 1533495057 -2025600400 -1082250611 1053250915 -1613894660 -644523753 -2014430613 460882075 1797325708 -1248625610 358352696 -1844916226 138406712 1802122286 931460243 -562662510 -925317415 -1803895408 -164470393 
1129458696 1456761223 1173905996 -1191713622 2040747194 -724144447 440487331 988223993 -1087815501 410195096 -1000885982 -1029436994 -1910662895 161953575 -1387960806 1225129424 -1093565664 843624278 -2104982091 -1676140247 -1630982846 -438901633 -634040298 -602447044 932554118 176662876 -730379111 171437616 -220284801 1474556219 1305420733 
-2016350428 907267386 33865750 554886823 -29221585 -1068294636 -222222882 -1357903027 -20905404 629537189 1478590613 1660912957 -344272114 -475050587 -378157245 -369256840 995673136 1212203042 -1900606487 -139425458 -1652769665 -1003214656 1353656678 -1770878750 
-1015761639 -740145874 -1477256786 1962102992 -411927022 1147373043 1834312451 1771695755 1623694307 954954099 609721573 1949598578 -1967455200 -934797326 -411782089 201426040 -758598965 -1698829208 2069101220 571110967 
1102717102 1813471801 -1861337628 1097746521 822561838 1647822239 -450770392 -405913979 -237502576 2131119424 279038715 182241893 -284810145 577230813 
-1327574327 -1269981686 -1510956147 929782862 662875625 1314332023 -1258269522 -1139510957 236062169 1071628655 414632514 1585993869 2085187926 -1685411517 -1959150508 -905043246 621706318 661049598 1154121567 1670711835 -906695836 -683133613 
666696478 -444012491 -1780027653 -519554480 -1501117786 -555401017 344727938 -212401947 -2002183456 1056301971 -102580871 1554374023 -1714958130 256138706 206791328 1531342193 1735424886 1561787798 -811117942 -1721630505 -2077523797 1155526036 417747480 1780926868 
2074855315 -1857612056 1317517217 -1732749566 1250863962 2119952752 -1647753971 273983451 -161357795 -718234682 -106194188 -554357905 -423042957 -1242954404 -364699373 -876660570 417867013 1399603260 1879139514 538328223 -790048711 2105423410 -292346783 945114287 
1287341581 -775819248 -500480744 -815946867 1433611582 -1837437625 1087556798 -914274506 -1410029442 -1861845641 -874829333 119673436 -530184778 40776874 873958725 -1327522971 2084353129 -70323170 172911347 -1515870612 -1157431980 1404725618 -995803631 -1852258969 -1201874770 -1435170768 769355894 -1963105121 -1197352469 

-431738369 -465335891 1661529173 1725130482 -668647603 -255614619 -1688996410 -720532955 1769971710 1107869386 -794836179 638215059 1643208720 297478375 -2012168102 -718399987 -696861348 19608309 2015488529 152351726 -836640148 1826170793 1773021412 -1862231178 
-710702432 -223586226 -1565126812 -1710089978 -1489056201 299982230 -481795307 -1407159480 -642304387 -840023248 2020089210 -1717747105 -1416928747 1125820313 -533779488 677542132 -2119677588 -1803114648 957094588 -588964255 -286375731 
-1138574708 -83601381 1816458648 94561319 -975134460 -1196753471 2119428815 310330918 1551024575 1160857020 221653514 -1951168708 1199572095 954386919 1860556159 573983386 1434796074 1958531284 -336355321 1111991481 -285803951 -1142594874 1485893137 2121528007 1221637423 1976340609 -142375363 131948985 1793163237 419323762 -1402925422 1952367776 1443345559 -61181527 965411941 947693937 -529054587 1842016084 -1456936529 -850481785 -162422380 -102147157 -1526526038 
-221023999 -209246621 42854541 569051257 -1430213813 -1519576093 -901599295 2123219159 -938506797 384652866 1531515854 -849606590 2039292087 -974225696 -2121902950 468597647 1389321421 -204030219 -91835606 -232744499 -1537606864 -502492956 85457228 644159233 -1564173648 1852014259 1308405430 1437137552 
-226259526 1722634393 -2144150189 -2114750661 -1008622861 1316636263 1483963703 1842088147 771061185 983866143 1412324617 2043056201 -382967069 -606140718 -275046638 -142345916 -1079109275 542573832 -608337509 -665974314 -326061242 -857835715 -810048535 1064197357 1877365432 
-1540176711 934504116 532570517 -431236897 -1088372716 1515174702 -1695417276 1545023121 1991289704 -485090846 771912536 -1748276725 309682332 -1874408127 -886296981 -2108137918 1959736590 -74792421 895301858 1192854812 1705623076 -1156768873 1158127807 -154087432 1312388458 40122983 423508087 1898977595 633151002 1137692246 
-1541475225 -181178305 -1400089098 1507756360 -318077587 1791893361 -1744596242 1792173123 -531861226 -2055034508 -76820988 -380540843 -1998840051 -1599652540 -2012606354 -329491041 940175214 1486066869 1968844196 576935895 -428194446 
-1458992732 1246574852 602175592 604089983 -703858977 -444380372 411535216 1057751093 -1034798559 353748533 -379318364 309541034 315913915 -1561453980 2068891374 -1337499123 -1429495612 -921997453 939234216 458065997 -1942421981 -1513747972 191038998 -2044771152 
-137463229 592532833 -1470898639 1478552317 288457690 1001288959 -1861369758 607231660 859887936 -79873604 -328970336 222972428 948778154 -867019740 1926845365 -260538631 265021282 -1644429938 -980852144 1543119135 536456434 1403115449 -913254049 
-1895859059 -178042615 -1833649284 1628766659 -956753134 -182395848 -1284499647 915613235 882883046 16241535 301839774 -1564328384 1850475563 -145292265 -1033708843 -797678180 -721120027 1399807398 1135835218 -1481160439 -2011601111 898823273 174492100 
825925864 1987744299 893120287 -427438369 -1208013538 1198707880 1235930126 2098712143 280956219 72056089 623677262 1556812763 -274395235 333682912 -1223761681 14009186 -587337146 
-1901582285 1649469005 980244070 601592767 -1360587369 1618814158 -1653740952 1902112094 90429901 -502628553 1476509910 -338037926 -1498908170 -1117360099 999569703 1699043089 553728722 -324713919 526243740 1079559071 1068398664 352378390 1587100656 1767835633 1540655274 -871273125 1044050454 -673662506 -783019082 
171934751 -66038174 -761427695 -1824772280 295198789 733726625 1092432325 1798385375 824923208 -1722288130 -1061061474 657559616 -123251983 -169615793 -1065061444 2077538936 995481247 590737993 1171666666 884286277 1443426707 -1672142186 539486046 460491164 -2040514169 
-2013656558 -1826493359 -707377462 1411938879 -706483286 -168959927 -1889120622 2094069639 -120050389 2001993872 676996767 -164094147 2127829245 1576510671 -1783725425 1186031099 -613617021 1761392131 977485541 -44792087 366054339 -887834937 163642993 -1129450578 
-526479850 -275310322 -507837307 1409288387 -1644861482 1512465922 2119860638 1840419989 1783297422 2091933092 -199193365 -1785792898 -194343634 144504694 2049743415 -868397912 1702296741 -1376427809 

1178435391 -1604390661 679674313 1232639749 529169345 1172397246 49206871 -2144226249 1575201652 1660176209 -1387222864 -1216856443 695706066 481597000 1149963183 847823176 -1015721983 1029029379 1276294143 241196163 1387926748 1470160914 697000909 2020891345 
1880733339 1631751284 -1760927792 679683128 1842483306 64253636 1622784345 542219367 -341810362 -1793400563 1015586597 2029318213 -1359377229 1321841546 -884532460 -2088307054 1263874286 -1634313746 38211107 1578526593 -343093983 -1247657745 -946545454 -326310815 1766232767 
1671512823 1633530481 -1285682020 -595655581 -1546810149 794533611 -1637649400 1505787193 -2130996369 -1285030512 1015828845 -1011067857 1614157882 820160609 1346279670 1526596880 -1351420880 -1582658467 -541922176 781932159 359606384 -1355206484 -1082952452 
961772871 -774755531 256673994 649731823 -239063081 379350455 -1583116932 1894784562 1750274041 -287311396 133535255 743303221 -451719762 1074672738 -22112602 -624389653 -542248777 -1408825818 1415772893 -346222021 1487774273 2009851439 463162398 -173912876 550787127 

377569421 918945371 -476854367 -1243832863 -544812252 219427390 -1526160016 -1466595728 -1440698950 
2029846286 679223214 1100949003 1051674135 -2107704560 2096368490 1984100132 -1911602898 1727659967 1009692910 -2143356725 -2002398191 -931392320 705570470 1075292336 -249542641 -2014836394 -1984118477 1273431506 675491674 518413075 696023831 1659262100 1217198427 -387865318 -289535871 1247364731 -416276626 1273303006 -1942199629 -1722824154 -180987139 -1807072073 -2035498859 270974438 -590881699 1788962159 962153478 218391114 2093390059 1629300103 -705084341 -368418887 -847329794 1098030985 -2121791908 1657894396 357270923 
-1648179603 -2046865917 -146148342 -922279225 185722847 -571410025 -125977398 -1155241884 977251631 508001635 -96573622 -1565608586 -2119675635 1664291960 -1447679349 1784503150 -36810956 -1967247073 107317480 346952763 652810085 -924232501 395141996 1574015107 70630387 -909464360 -39862453 -60512545 950631599 -448952459 -1672502943 1739543952 930073413 -798003569 -1602571960 582672215 2108239403 592544559 -877836843 -1875449752 -1167073804 -1914763319 -810802291 1898230464 444367924 -896963744 -1652697674 684679025 1109193548 -80858166 2132667622 1224646220 -355805781 -469721568 664654473 1791611100 
701564780 1326329940 -986862859 -264343285 1867692298 716398723 430497945 -1972444265 -1460745343 -1061649660 1661083996 -1414319882 1030147463 -1171799754 59932493 -533796109 -278833132 -1065956201 488105531 743211377 13880828 513719676 -832611510 1796183019 387330476 795889582 1030209831 1780810597 -1922860753 18387908 -1266583570 2024869324 -926633608 -341352391 -1563896472 -448233017 829240185 -390733462 1972911250 -1333522285 714373987 -128927376 -747650627 
