71105041 1317251363 -674433070 1557087857 -2031529154 1383112093 1822723511 -511910157 -489721068 -737844007 
-563692657 -629143235 1044103244 -1131187605 1097791668 257530733 1839940720 -1445525215 -84945609 1164614256 -1549015710 
81513133 1063579562 318929187 -480854696 1022864180 1523668320 -163997869 -313973111 647235574 -1480838859 1111088508 2135446914 1920545242 180656963 -879906431 -1777148512 315719990 -1732188213 1395042808 -862871895 -480539500 -68372654 
-162725241 1692079089 -1030898682 753722371 1909087070 1133530851 1979176497 229025335 -962049007 -2042313989 -1254092114 -2125231652 -519670259 253750885 -789729257 1310374993 -1004991536 -1544085977 -452267025 -1408567779 -1819036633 721787651 -272324743 450394198 



-1596299698 1281380342 -1982991193 1451035935 -1819490320 -896513591 900941557 -368618109 1738410678 1335991962 481221429 -2100655399 -2123469855 463933365 -1220612284 1274435141 -1736419784 -276903185 -303290807 -22426004 -307268803 130021597 396697320 605328167 
-931377279 -513101546 1191837193 694895675 -766376922 -1988537115 1128341475 798776926 -1125987681 722162169 -2085825794 -32641293 -66030485 -1966160569 -2074111729 -1350875726 -359276099 -758180840 -1011694231 -980583727 -989332882 86321079 -332246643 1916858370 -1224022339 
929916827 -648153168 1892971719 486714135 1235653983 -841611481 -1977680265 -682296084 -1569935160 -559794601 1560003577 2109934965 -307707644 362546648 -1304227195 -1346747375 1393014610 1827120684 801287983 334706810 -736652234 -1693825903 
-971597161 -1533694000 -804533630 -892057027 -1922565897 395963084 840830732 675503527 -1272147570 -477688903 -930409639 -2081491117 -1538294442 154561721 981972126 -708291240 99125470 1244932704 746287713 -970143894 -300099874 1256631970 1351880876 -2050556651 1814589430 

-1239676080 1872572651 -1849931685 288267240 1463336293 1077322131 -1100621533 -1065682858 926869490 440577895 1067409583 -2136801982 -1450598340 -16971013 -557807629 -1850922637 1436335671 -455903203 602282375 1414535107 1175720746 -434790165 -1366967590 -1581755292 -674471249 -1675302049 
412931144 -715490989 -1307543487 724576449 -1804992748 -1302652494 1059932655 -167658924 -1900065794 1733511900 378058301 -1691142171 1407168057 -1662556790 2088077599 1316695850 1522726202 -922215003 985745837 1056918444 247963800 
-116476544 899597974 -2278557 -762712368 594454486 -44414677 -1615131232 1812705237 -2051551810 1416854432 -1470064969 -86931259 5669289 -175528426 -715071039 810889955 505859370 2067727358 972246993 1919788743 231374392 -267318559 1737084027 1246873138 1157775352 1801574400 565403024 -2115836647 -2041859539 231841504 
1303230901 1345831586 905904356 1607261676 770977276 909269828 827377067 1679737810 156558711 -1333962339 -29563382 -609963955 451511205 -1243077058 850547433 556988096 -369961213 1676877661 1386090873 1938825177 -682498679 264162268 1257247550 1634195056 124143692 -1011549399 
-1163686655 -1502438176 -1548102036 -1704320469 -1116281862 336856407 1700210066 1101219908 764937414 -258628929 674434800 -1654980814 -850183101 -1993320116 -18059257 643152183 1863585639 -494749939 2107140801 1653462168 -1543952745 -2094603150 798322465 599418791 1327797846 722430666 -256268380 28758171 -2129902593 -227723353 182318139 
2144529946 1906220572 845076251 -150481797 761051293 1162961902 -758351293 -1165356979 -683553969 1734965471 433628541 1704842429 179618453 -969668442 -59176024 -411998088 -73824175 -1278602580 -1285981627 2092796189 -1521368419 -628504347 492538202 -2032864102 1033898454 -822556450 1209902688 -1021525545 -537376864 -1132632529 2033023811 589906530 -2013793166 
1452034063 -702020623 -40166491 -601252241 801876665 -2125745613 -594604426 182593972 1669540499 -1054331949 -918848143 -1304930928 -692293506 -815791447 -361518735 -569816253 1828085118 -769618769 2121971659 -67680946 1132518941 -1874547368 1561623060 -376873742 901658764 -951102395 241010777 609625793 -1629358022 -154981696 987636520 -1683672301 43313018 
-1541662967 2060454850 -1501772672 812181868 -535753500 -622705192 1826391044 -1115761498 1728814460 1697650459 1731698932 -1351954507 1848347584 -1965191487 -128760763 -1165716309 -906189774 -283294774 466062872 128094808 -25845554 612894315 2059258692 -1996007860 925826634 -756523083 1097206065 
658690840 -1925653817 858375765 -566059029 -1673911095 735525250 708550611 -2129578913 2141780140 1223452619 -1347560452 369376118 -1668675203 -683602871 -757677166 2070961263 488419907 -765261088 648914371 1883599599 -486606903 -473826384 -1032305075 -521938402 -1656422447 1766030712 1361985104 -1302777779 -153127305 -50397746 -464675006 1779568594 -683875161 241911887 -972381910 1171309157 -450809188 -716820581 1267025150 
-1115490662 -1150127790 2015387421 1866710295 2056916662 -261062908 570400705 -1612985935 -1893890622 -860287616 -1909383634 -609166864 -436226370 1742222074 1165375675 -1438761906 1318554661 -1757828574 107403673 1523237006 851287574 1767174363 578522171 
-790898749 -1976908363 -1255451503 -1544856145 227189050 1251683215 -186857767 -458756663 591472327 -1021242063 1149017202 -1903941100 -1130915378 -1640115484 -73023567 1580807682 1347843741 -771112780 735692098 818244917 1362921084 1948617929 112553347 
-86882283 -2124722396 548000577 817373050 245240339 1138754615 -1811589124 -1492965741 748477362 -1640391406 -268874498 -1420723441 266343390 804844596 1474954735 548857091 -1483743053 -255203116 -1732273005 -1732679868 

-861551193 45685996 685822123 -1437645282 -1260603130 1977817373 899756585 -428466861 -2085172644 -420992218 -1324331889 666381272 1724163547 1817127772 1840255710 373772138 -2058415666 631846060 -1720390670 -2137244811 2069429401 -620782918 
651248555 -1006308944 115910604 -1323037768 2108962423 -1870979669 1256714366 -652550866 -1081500959 717195461 -2031381307 -213018702 -591955839 911118415 890755699 1539128073 268665173 -2121500292 560286046 -934817823 822154173 952662732 -1645022099 
780610219 -631265828 -341306580 2032758931 1091854485 132991173 -1955364865 -1301950805 -2058186108 -2103256117 -1026062641 587092123 -392964808 -481196272 4226118 -638429820 1185529424 -556581803 909405146 -759772092 -905291961 -315912315 -1739907889 
-241610755 -942053707 -1340749440 -1832089234 -463731638 1705350752 156419914 1977540251 708604290 884484571 -572536159 247393032 1036547457 347899574 -1654818282 -385417829 -1426382156 1182623430 -594756500 -1698618281 -279539422 482567097 2066508841 791898527 -431255296 

1044447942 -1058306258 288760160 1820668828 -718382011 -1228013987 1169964658 -422414098 1358900621 1653914013 356588755 -1347209519 -776199534 -726928238 -1639041884 -1220827048 -734490058 -1759774956 394137078 508879505 -136101448 -1456147982 -1685462747 1855243898 -2088049250 7209623 1095366731 -1924857795 -1017429793 2004104318 2069877596 1491907240 685354904 552509340 2059760640 1460880182 -1023633974 1481183675 -1141684362 
708437131 -907855269 1747355965 1526345797 275926990 -2073010143 -1204747646 386785735 667456561 1062894754 -1290438199 -1798356437 153570126 -1167379468 -975876368 -412205138 -1162592488 -1025499431 1266187649 1588886572 1914526555 1718305407 -3220999 
712710507 -332586229 -1837806338 -912808057 1714413330 -1283585410 875931783 -1403888122 1478855788 -494090538 1094807236 1550640160 464983912 938595862 42699721 -373937813 -100414939 -1803914322 -1362792939 -466239116 -2038545834 -1268131327 
-909001693 855927799 1106187508 -1918693730 -422178084 -71153886 1529293287 -1105889267 -1364945883 -1475663064 -542242544 -825973027 1576532086 -2062367686 -1015440939 1382370734 328349935 614243768 -59357766 -1995353406 385258939 -1911094969 546316648 -818052008 -361418565 
921782500 -1840371666 -1289088719 1070635976 1788885902 337794619 -1145419100 1529413862 1365151678 1285182600 1010079618 -1118571351 -1328011952 1222040486 -1406704881 311664111 668121777 -1101074930 -271751434 -301829124 1573856879 -993552926 2114799746 842833512 
97119600 33593536 -203906883 -1508207566 -940334291 211880659 594945984 -437439463 229383267 -980562965 661884701 131913529 763645490 17329062 919345617 437396661 -1094183735 1574628298 -1870125487 1684597688 -1655747935 724601523 -1695333034 -1428537391 -748955447 -1174703602 1942351599 -1026815389 -1336872099 550065068 2105613149 -1454702272 -2074242992 
-136200064 -1459570996 68841692 184749888 -1028477179 724811808 12963818 -2064251973 -365961889 1010326654 -592550678 -445684776 1562201605 1225413200 -591991913 -1814056340 377669046 1909121557 65425491 -380136134 453211400 782324658 -1419146883 1427872599 -1832728170 -762103818 217882814 -1912379158 -769443770 1353998321 
-2143718769 1118710267 -1354575137 -84517565 1423070593 -1182206286 -404421039 -454596909 -459440027 -413774162 -1967651042 -2044631354 1372010084 -677446851 -220770181 708423033 -591130593 1114666875 -2074826900 -1795564379 1543079711 -968020206 -945099572 197399357 29099084 678943624 -7364934 511873071 -1249466038 -250954851 -740799355 631594116 409196487 -1344826683 342021037 
1840731030 866601107 -1289836241 56187915 -1908582372 2040086763 1040048347 -1777705638 -283051549 1791020147 -1571647636 -232739631 672824668 -178052823 -1797027662 1368283595 
-1230767337 -1463422170 -1286937952 -717711385 -1422258017 -1743820718 1434009497 -2069760396 -196362216 1518414813 1091969265 1521759567 108983029 -578829258 -944967506 1419824481 -451652305 -1314804736 -507186529 -1159977836 880741549 1813919958 1559860164 2092263584 -1426799926 -2103037892 -1709337051 1480660702 
554354152 1714714487 1320319801 -2123192432 -575918726 1526671637 1924929108 -1751236727 -955249305 -1113657667 -310570712 2003392566 -1810701796 -1056848255 -1456349221 196434773 1085983953 -1156131556 -1280664052 -779768322 468899136 1753657911 -1208603021 -1399913834 502592316 395048358 

-261890497 -1153678899 -1800938278 -397534505 943294543 -1798822688 -139975578 -1689703947 -304545706 970141424 655037537 629327008 820937254 -1428691371 -530395622 870115406 -924347924 -1353787745 -1553302448 1006019256 -1097255852 -1351157836 88278603 -687845454 
-857192974 1624137376 -460372069 586341758 532161628 1704123476 -1941388686 1442205388 177668265 1365268108 1964286539 -1347108689 433587416 -344519011 2138171090 2048743132 222770872 429563270 -1701749255 -537760785 1537507886 -401227342 1581342162 
1621966668 97888016 1669253941 408250479 -2013228812 -125279010 -493176085 -1047233602 282815485 2131414277 1500890502 -1312885886 -1720479258 1521363168 -172903584 1474780646 -1260425727 -1285613247 -1502904244 -1301870201 945155329 276068219 
321568151 1651174399 -1282295482 -397190445 -1672051535 -2002158823 -1102189171 -1431897467 937837426 -980490250 631171351 -942740709 -1246549288 -850849861 -1672680086 2031008915 1127435368 -1310674771 -964091656 -1942593283 -306270882 -382589814 -996053095 1395335139 -1610031726 -463300114 -1896750290 -131337782 

1517960315 -392281748 -393806100 -1020888820 -1849308743 2143015278 -1696198035 2133590469 180451282 -249959976 1569529655 -648592416 -1050670941 -1981505675 -601458868 -1200099493 1778206286 1043266364 -261125437 -1495234370 -1691495288 741330223 1571179340 838897058 1379785838 2125848111 1144652115 -566008233 
682803922 -304897917 -1967487065 -45933450 -2067445770 -351340617 -1647253498 1626579597 1427806492 1129626536 28496293 -599129444 2018307081 1925638889 624550976 -1857996678 -162801249 -143391363 -153646200 -918303631 1267720262 -295216325 -1220735848 405349408 -2017705362 612531413 
302352901 -1352537027 837028092 1484138443 1530530338 1860100262 1064377198 -1354973739 -27099670 -1879971350 -554966954 -1360715954 1380600914 -467567291 148190982 1989119697 -1729933759 -85821429 1303075194 1148497096 2114601411 95242703 -61944362 -1243049693 -945859717 -1238987847 -1098296186 -137715257 
-1901827611 1314707922 499076564 1777613129 -1993776740 -1415020239 -284691191 -62926608 16210640 -1177882582 -2024357602 -504678642 -1201060500 -1178632040 1564334887 -1633279255 1995518027 1720165883 -1452978615 164739021 1454351358 -833044272 -530959334 -1232520152 1568296887 
-1070440705 -216793038 1682573970 -352440244 -918099168 -21152779 1118545565 612984220 -1022683191 187705474 484249483 -1430380860 -26634063 829432725 96648411 -2026190596 -892562412 -1150169643 366582502 -1386301377 -727793656 -1274717876 -692920200 -2096801308 115457284 -739747739 1462654197 1637277625 -357532728 -1758739173 -1110534413 -1503250567 508026299 -1753808419 -841070791 -666768912 
1605399954 -1954625374 -421944526 1352541989 -978311247 -1249181055 -571237885 1041489387 1483976117 1096631879 -439127181 1431981105 179446078 1886749704 -485384908 178065289 -1608494606 
1238435000 -892763505 945947365 -551464242 1393786326 1577594868 5812247 1308593784 466707361 120883737 -559668474 -2641869 -1012047501 940259012 381650315 -1358603057 1080731436 899826793 591233314 -1433966025 -717716753 913262648 -862414949 1304460103 -1349266997 
1789763560 944956540 -1234853259 -211527318 1947074554 771924724 -677079988 381543984 -729308708 483922338 -1950343081 1763545100 2008261478 250600558 -891282698 426073300 345172806 -1180796497 651192679 1282471962 1228470307 -1743951273 1278260940 -1691300573 -321680516 1766125205 -899849039 234367057 -1188427453 1230114970 1080499517 
-899265825 -1858760274 -941448696 1191086016 -986051799 -383997343 44851558 -913460914 -255751300 720120628 -1467487185 -1005467348 1453926604 85508957 2022423480 -1813866425 133484739 -496282555 -135424362 -944313975 -1154884579 146004709 -1220713417 -216512237 -1369516570 314435705 619597449 
-748592052 71964693 1556247095 -44563026 -1399989907 1606364292 523942926 1621281115 1255389746 865434074 348179280 1118790286 1869718592 -990642085 -1025929718 -1455712662 -2087322539 -1632729869 -1789574082 915054850 1744813761 -2062942206 -1767163315 468839367 -885474108 
1696084805 2005812265 1561751252 256818595 1093248371 -80333512 2074753528 -352855367 1876506533 -1900163081 961397492 1432111251 1277875636 -2034678036 857838667 797826628 -1906131651 286558837 500376180 -2025057403 1037676078 -1734901762 1522573511 1145723090 -2023386596 90071730 1416869682 -536188615 -1187639587 -1200740656 1936591747 1086183789 1602127494 
1115862354 -917575518 -2050668124 -1674068724 -174616992 -1728458411 546065756 -1427833035 2141846944 1272755468 -756202633 1457624628 -1843639885 -402895652 2100878620 2055542899 774590505 -984910838 766545394 1454207519 -497739172 -1270723513 -906187841 1479539619 413346040 2029048516 1562503553 1251671436 1891585979 -165637450 -2114268763 
-791975419 215342856 -2134468005 1065232176 -2090144136 600150075 105434352 -1318901932 1051443183 675249165 1026415915 21030517 -623786813 1501549395 1492741443 39205459 -511632396 -1183607493 1551000487 2029795130 1537915768 -1414856521 1789082114 -23290353 
-729603211 179185868 1942541119 404992885 1551225019 1415309377 2036218075 -2021482249 516147629 -734489694 -524251552 -180477988 -592799777 -97629452 -137926648 -1653875696 -321625473 -2021426665 -815518916 -802257992 
-1129733852 15908889 -551393396 1894719066 -31034806 504951593 -830309352 -1786244438 -682145079 1511857300 668457678 1603138645 1943150101 -1714969261 
1356418668 -769816371 464033840 913643145 -1196701844 -296165186 2041360198 -307637144 -685959797 -1136733875 -2085784292 -389279808 239374657 219345992 -1244091455 -1712727349 1142321214 -195638262 769748024 -1078401286 -1243756088 -324666230 
104466239 -563720632 156266904 -488965772 -322081276 -1701009106 2000684099 2080007095 -696802369 177700319 1880139581 -1514180319 1480868960 -2072920018 -1286073816 780378578 1148537253 458795537 1066654250 -740246105 -893135729 -1389915413 235385907 135523561 
1550772470 -1988691077 1724465231 -116025242 -1127925556 -1332946206 -217493999 164164536 -249565618 -433619387 486897586 -1847893685 -1627009460 940208319 -419353837 69452915 -140496038 -1530451249 577247268 2043523653 -1408063951 -1431250076 -552204044 -2103609612 
-639554059 998664249 1710097738 878505928 681661062 -849732483 178966376 -45395440 -436979784 -1763571994 1550388382 863252354 830421436 -354273071 -1810654354 -1117543097 -612009719 -1240754172 -1059528262 1140956684 -2061395769 1522043255 -564104052 -373962261 -1674311748 681831900 1272829936 -1802311707 -1373594441 

38479313 -1349076621 6779483 783409677 275278819 759156009 1584884921 -1826148756 -1139861254 -2014023114 -1685542549 -1747562147 1001824620 -1211890296 370859805 -1205764946 1697086150 538348870 -1101981844 -2012528778 -402205704 -1127576832 730447124 1806987936 
-1326680624 -1457755776 286807953 2126570009 -1111459780 -1972459297 -799947780 -1287130484 -942328498 -215794196 1650147803 -791582240 -1593164294 1545795150 -332344543 120448787 629577015 263316404 2069925671 -235029919 91702071 
1392786320 1715694175 -676332540 537393365 1592848478 -682754083 2096028934 -1934324974 -1201893387 749046918 1661890263 6358270 935809905 331423954 -1201374784 -627614246 1645238845 -256410281 -1682344396 -1692295420 -2076791860 37550127 -1015301602 -1288735092 -1913621643 1652075212 -1118857649 -443101856 -1131359500 436107798 641180258 -1447108022 1848225707 -777332848 -1238715714 447603352 -1520378403 -1442157433 1052071235 -507954382 -296925373 2142153339 -1165620991 
-1597472687 354483926 -1819928130 -424276653 -1523803281 -307524110 -1722984694 763805726 134400190 -803712400 -2069016860 -1201064577 -566887140 1224387773 -1008784937 -1951285304 648968670 972660419 -1527307244 -1935676926 -748474518 -1836841504 1703102133 697802684 -1878757555 907885612 1664881441 668251447 
-517701043 1162968437 1415085620 1757561518 1598989168 275823959 -1628500570 -1901031425 1286601855 -1793751192 1693120406 2083295584 -1743970496 -1300919628 -1246015401 637023777 -1225280346 -1178125768 1682394147 -187743459 701940622 -1192680676 387582368 -1794430319 680945701 
-1154692410 1717978237 369922548 -50756953 938491035 -542104425 1566464797 701705163 1305363821 -169730591 1627689318 1260025793 484410401 -1501050852 1016903671 -601962246 1208653448 -1641529858 -585336424 -312951583 637254382 376885117 -1168671747 -1800621561 -1823921394 2107167100 1665310959 934617768 1506471529 641981861 
-1250904836 168398735 1115783045 155619399 -1732677784 1874862977 -1060044238 -1034076075 1621677511 -1060036870 -1533868373 -263691654 1433589354 -355443530 -439230874 -2093855066 -520429464 98967197 -1104689594 416238664 -381219813 
1715717699 1240617938 -1685988945 -1414533406 1858945852 -1810183133 91375538 311408593 982353887 -1957495824 -2110767713 -715885429 -1962008529 345848998 -1922944218 2146560280 -1609428014 1979575893 -76175278 -1107700909 733699607 982743361 -1233649377 1717656158 
1528050705 -1740509813 225992786 -361940957 1753517091 1004859363 -1404135998 195415545 -902546015 1020589322 480462159 1699648333 1408481346 817346632 1138420951 619558916 -2126242049 -564656467 -464796157 -1238292186 582514580 -1496116730 926187667 
-1875386986 1349649783 1091976051 1081676121 1479562503 1679958355 27375810 1233088104 1050472883 -703909718 1629048591 -975306459 -1667134014 -869505381 1552864680 -819283723 482681442 2136604669 1273834137 -178769624 298763570 -104949007 -491323804 
-1426796149 1712425142 727689352 -827510375 1887842138 -656259846 -1778299377 875033799 -1402472170 373611225 2020442328 -1707840597 -179916762 -781293347 602588496 2116562110 1623246756 
481614441 601752767 546000970 238229174 607863009 -647655265 1631644502 -747589392 -1957784712 -915354978 -135476029 1449552708 -2109475817 -441280622 -1660626477 1873727540 989288808 -1106564353 16538583 -417064087 1611516314 -1696057508 -1093893678 818445158 1175757817 -1210118749 -418908016 103765090 -1866238204 
179418914 -1109164937 -1826354812 1229245074 1949996915 -764487780 1944424181 -406999131 -928009780 -2065715786 1143455736 -1852673617 -1853726082 1317507002 -932301736 -228336151 -1357093021 -451085262 1668711453 1051511807 1645748234 1973413078 663833917 1871616041 -1265284454 
1452755326 1144330412 -420560310 -1825568998 1861190915 856107966 -455736657 472682855 865910718 21559138 2050943368 550918501 731395347 -1957473610 -1787452204 -1960580447 -720229591 -473742980 -133033682 916997143 420304672 1601981682 699424645 -638386596 
289687656 -1897251774 203098476 1258316204 813478527 -2077070299 -1998701309 -931439088 612280892 563229160 -865020715 -124083069 1678943977 1261964964 -1014112311 395059876 -136098276 12121757 

-1556755348 -655352067 -332174684 -602115643 1852031988 -334026944 272401123 -879427017 -452347298 -405936812 1610879879 530316338 2040631971 -893813588 734210032 227217823 -1261392818 -957864415 -706978091 1731673174 1686032768 -327559240 -1156395458 -1631886702 
-1667743275 -1905522572 -2122569788 -623691481 -1497504064 668880949 -288954607 1209621864 -1297711703 -1244527141 1730028692 1584716796 1311140592 733732320 142184190 742329032 955954614 108171621 -1010705148 308878845 416271172 1398869982 -81850277 -1435569334 1691069765 
2006978395 -1136201208 -932416540 -932880783 -302072302 737652878 -311062999 1657574331 1246123420 -1103902084 -928804822 97405694 1836061298 1385267851 475863354 -1136489040 -1202479821 -1103009634 158766062 -270298715 -1832638916 194309598 790994020 
-130739342 309042471 705086197 -1918768444 1528665376 1495993232 -1353375843 -1108180201 -1287417595 883364004 -211994218 -200415473 -614242181 304666280 1650407476 -1117726865 1877554271 -782086099 -1789356884 1698651527 -328832896 -533746938 595695045 -17364046 272228542 

794552222 1407978368 -227302204 -265093531 2130957749 -804971837 2028025992 1096947223 -1633285125 
1083634365 716788588 1189186175 327875952 -1273793780 -865391924 544429376 372026335 -1078827592 580404123 1972459537 -1897304988 1115886811 1055569372 122123107 567405431 1664771173 1796894093 773250861 185491067 -58474719 1561048316 -1081805604 -2023539545 -248752488 2101872536 201853867 1762804250 1726317550 -860834641 1359856498 -823596495 1423228650 -278352618 118534406 1678279120 670285940 1708726282 1080246440 689087922 195449983 1637576431 -306694437 1025931348 236891101 -2025865073 1489546605 79810389 
1467239392 1872244234 -1224519036 543333898 -856882385 -1079814038 221158910 49629721 556408633 497800014 479979742 1659672623 -1292876846 1357585917 305214386 -560517519 5928198 658622163 -1167582436 -954112643 2025125063 -963034957 313740873 1273962069 1296004894 1301030323 -474240833 64793367 -1914081913 -717353099 1205870832 -910453401 2080798972 1159559034 2039275260 -414577050 -147537002 -52681318 1285434735 -600618683 1098968447 696589079 1347905680 -1885899096 -461874013 -193870843 -1145284326 812747877 714374238 1849754277 529997652 1579909534 -1535819053 -1189650887 124039223 -1257327818 
1627703278 479608130 -2012993428 2084652166 -2146409850 929477362 2141000876 -890787066 1366299226 -836591602 2029754266 34300281 1420733677 -367270725 -1394512714 1331016993 -946225356 1010430216 549264863 331426489 2053349167 1965180871 -81776633 1733869051 -547660439 1818189451 -1637271300 -1841890244 -1611901154 947904104 816068195 -1586078860 -640166139 2054065937 -538386267 1323571264 -877616303 315638765 1404349642 978292594 2143908884 -1052398311 1898503470 
