-864217100 -205647429 1764239314 27709622 425456598 -2062706799 217625934 241267688 573600363 1537109685 
1501830218 -207300262 -170978395 -878130631 274610116 -685332867 1774773542 1335289059 -1480427777 -223820828 -27338360 
-1484544047 -824422460 1888744248 -450234070 1437927212 -195187242 -1800170661 2077922016 -1127223127 -1947793754 1437370040 862512263 1598773217 -223487684 1704484642 -1287901493 949008611 -989018972 1724036098 1584186887 495504347 913805434 
-1256279023 983089698 1715632369 1626700928 300348900 -1962258093 -1690625030 1912220459 1832542882 1802083450 1757914940 1434868536 -1783835217 -232510194 8212054 -686338432 1474962592 928395926 1165634409 -949755980 1828173468 1352254371 2069171202 1198377295 



-594601620 1609228940 -1434126897 -229914030 1455559190 722440186 -427784150 -528361985 -1529872909 -186340841 468093404 -553503575 420508371 433682999 -302580397 978086780 -916941088 134036067 2092948692 147452778 310542322 -795691454 517818597 1607228039 
520682712 -1201634306 1020258240 -1717291269 -365670950 -1137982185 -2030961044 577901683 -43688739 322334419 -868254572 -774914559 836871325 -512101492 1169224225 -360627653 1599677038 -907415864 1511937824 -2075989231 -1703060126 496054198 -1213044952 -1883135136 -1885400199 
1779978244 1278463770 1327094262 1873713126 141734314 -1291467054 387505965 -1436528104 -1772994684 1359281709 1546829074 1793482747 -2116360374 -1584674419 1793586793 501016586 -1172820031 1731378354 57851856 -1828774491 1597472812 613464410 
1162218024 -64046984 -692237532 -1215242678 -1653799771 -912775271 -921630165 1395209760 -1938662654 1618620511 1377417806 -1449576825 845555787 -610304135 -1787777375 -1827419004 1394043314 1646098656 590789274 740036202 1995308585 1723551708 1410143260 -2111765403 -2026258236 

280037381 1415498028 -967820155 -1266067795 -1450838201 -800570230 1684267460 468437744 -1142211907 -1791274650 -1482375618 -769220611 1624088632 -2075662850 296559576 589379358 1522060918 -2098566627 -1762268201 -1386850124 675962845 -676159960 1796401227 -566543830 1025289929 1597387829 
1409827794 1518486279 1903940889 198985315 -142143427 1160305253 1420338196 727198433 -1200970866 -1348704585 128027074 1718262480 1690167449 -449591905 1201742668 2113029297 -1490928702 -1308573749 1140775407 -2101527638 1340594074 
1104467746 857616048 -148398454 -1530790841 495137829 -1981997248 -1314784204 -402715312 321527639 2025532723 -385913289 -1009809595 1071892752 1576914389 -165655808 -1314110076 -689451978 883424158 -1518640009 1805112472 -786227489 1903090166 2103807969 -217863351 702460492 19727620 -418645008 1641368042 1181823844 1140004927 
1729873774 329043529 1232209693 2096377512 -213074496 1774812404 1521532949 -1771017590 1387636343 -1949928879 -308915930 -1582742280 1798432782 -1112785526 751339428 -1038720767 1836647147 -740700998 1697908905 1489172399 923971060 -1584223582 1631386459 758037333 -1403886296 585983369 
-2147021390 -460891548 -1606932032 1362063867 701283494 -2100695260 1941634390 -1301582349 1515559455 -1549977849 1960663975 -1810975194 -217546037 112835663 792457694 -1437868543 -1877419554 1841055597 113766616 1445958338 -1121827275 1535909757 1096300428 -805977643 -1234153982 1213133091 -270172367 -1122149206 -764681338 1417134226 1139209730 
-1878477254 997899456 2048316771 -879352497 1407839709 -1556039137 -110286499 -936814004 26276359 -168918911 354819976 2123326794 313266575 206781861 -1212333092 -1524320370 258492509 -1089784639 -423590472 981497040 946034448 832093887 -704077634 1779142625 180693350 1790852751 1559548421 635601897 677579137 1699609358 -1503113871 -1178626640 -2009424132 
1393904235 1510075757 1939793078 -1096321023 1204657884 -1643976595 733376090 -1901418125 1968686629 500715374 -1049312995 -659148813 1781723234 1837107093 -842323222 -840089116 -798921376 1716213044 -951516821 585881964 1124292660 1913321409 -1983464973 -919738809 1293460462 -1497167887 -1127633898 -1806029743 827837776 1524130065 -2136412286 -1623091726 -82187616 
-1065269826 1578053787 1704372822 -1606388411 -1419800107 -453213229 1635224260 -722310115 -187979631 589676797 -1189237286 425532720 -692475127 -54523249 -1213818046 -1870385613 -494073135 296223507 -1641401396 987986188 215567983 -1163039704 -428300186 963472528 1094677799 -1965686824 -1859766794 
311300735 1988886370 -840288466 725045449 1955413201 -1288605365 -1680767486 521379452 1412250685 -1988642039 510330035 -962946438 1426037378 2037952579 -1595225497 -611229501 1070888256 1367788478 1804830027 -27486352 -1674922121 203627592 -2144958741 1801329746 -790741504 158547275 702359920 -745326919 397898342 -1720088666 1516747351 -8790082 -62909284 543467600 -879818267 705895085 -1852864482 929375209 1441265071 
1061815890 1508426175 -690858118 1473263836 -1554206620 1866112972 575291471 266765076 1247829102 -1843195955 -249912601 -1835066824 2111162527 -1355490839 -1125526663 1455046027 751293084 1295423475 -1702660080 -8944127 1599210742 1813566275 622604431 
145649666 -621223454 817969654 2006181488 -1213101949 271286635 1857466892 427228173 1465279302 -1932048299 -1417497457 318405897 1692628258 -764507519 -1586315700 -1674583325 977257908 425437527 -309047707 1148274399 -1362102200 785995435 1753546598 
936290041 -1892705236 -959812115 1883721448 -313386937 330035960 -944602535 -67852854 176158419 1095944325 -577092049 -568107420 1791808764 1891910915 -4686974 -513265725 -988045893 -737386625 778864245 12547702 

1777441547 2026823104 162187864 -1926933631 -1691385415 -649362685 -1514627915 -1754338657 1577153810 -193946779 1127256126 47848533 -1180568000 781437660 -99786029 -1627584936 -1246335658 -255725277 -1810030903 134809588 968671249 1461758492 
2081032954 -1611621801 276192131 -287563597 -380277749 456320943 -1363956924 -321971808 292574781 236083534 547450935 -1095131612 -925369996 -333976076 1542953534 -323543580 1861388609 -1590754841 -1670461537 -286065023 1789482786 -2102808041 -622251130 
-1751206067 -1231089419 -732941677 -1693909459 -1574770935 -1197018042 -1685505186 1992043930 -1179573904 -1156875398 1709538740 -2276859 704292984 360910136 36274982 -845289240 1881382277 1235293580 -929594339 575534803 -11409485 -781548301 -638452586 
1450261155 -290331839 145557382 -239080977 -1271166036 -1917157247 -1055405396 -654704929 1118884827 1511838163 -1474931268 -675340057 102083668 -798744705 -2108413377 1882696547 -733275263 -2011918987 1574628000 1068151025 728101125 -313016308 -1758887693 -1103350936 -1484191445 

1480098312 -373904605 789436217 789009919 -749290181 -1488540051 -220778018 -1588468787 1696046495 -1516910946 1941331453 2054875939 1575357133 -447178587 2067504627 710825056 -10914899 2058663225 952626916 -804418341 -1437537255 -866530311 -411060242 539765308 -1065593259 -309336247 -1919978583 -1145129105 397128314 656039615 -74273090 1824898819 -2049951781 -721105869 399582230 723258400 -484299536 -1702712516 -956218833 
-2035443552 1335493262 -1153003745 -393583038 -259864669 1897529010 -1185762757 -266084895 847389959 1401460092 1502106310 -1889370886 1383661734 452237258 -27281821 -1735405215 -1071026828 -1931130992 427751620 373503445 1813084616 -931567857 -393050677 
1642481555 -1516717424 942324371 169646800 -2083259395 260760623 -1288492280 -634870500 593095549 -913770848 -219463225 1059545731 -523149799 278769490 1900678090 1257863971 -779708491 145344317 -1406088241 630066781 -2122672250 1479128605 
-861647629 1405267199 -210526335 -2144969284 750859280 -258208260 -2121290077 -415887106 -94895699 -1766041640 -1059333290 -259205235 -1041243400 -428927651 -157689906 -76228473 2109193284 267943064 -1357574041 476772804 -2132307986 -61842017 1501035836 -608367789 1636008910 
1716432985 -1020247471 1580318644 -1416262706 -439136394 225037257 1865188222 2030648652 -338272459 2033038984 -785247552 -73314885 1943795071 -1206712778 -1511783512 171790997 -1691258711 1901985323 1371852284 -82239989 -487677551 1395712995 -426819434 -1726567143 
86648141 1581949692 1223639974 499078071 -2106873316 2113684696 673912865 -1950939069 1348765300 -557848387 -1340634175 18933399 -258461691 -1720610245 465282057 103447492 589782202 147969556 -107401267 350210772 26657450 -1476808892 -840655292 -1412989607 -1921184572 1811327002 -1823646687 -270822761 1236369836 -1104394137 1955963461 -344333071 -802205900 
965780236 -2007501049 -1038002835 764923480 262638303 -1321421492 461556288 727675244 344006976 1607191866 -1496477570 1299283707 1211443933 1815115527 -260625592 -1245897558 -1046555388 -1242051729 340412836 434750520 -289905038 -1840979841 -897116885 -1684173092 -1809218838 913267870 1284649790 1687386832 77460652 1773917477 
-346544945 192260889 -90886917 -1927309070 2053395210 -951503050 -238512972 -402417358 -436443380 -2089255438 21370221 -1660683912 462494297 -798328158 305373919 1844821038 -2117057573 710669136 -99057423 -884244206 1942714467 -65454841 -406437212 -1803043502 -666288218 1535563995 -1194472762 1979815773 111643379 -1529347102 135301815 1075832609 -1392563907 -1792487434 -38247224 
-1114938620 -2102297006 1076662497 1525501909 83901668 -562375137 -2063670157 -1186891284 -1601390679 449164711 1848067720 608297617 58287294 1435681309 113714737 -870192950 
168134118 102054649 -1661817702 -1604925528 -958944940 140602059 -2052832806 -915911029 -642062071 -1031803823 1137453737 -1350451939 1581002522 2099099607 1475612656 145132334 524087298 -1070726816 50901469 723323492 -623651339 -1201625348 1532651692 132169015 -1206153421 1351888466 1225161997 50637570 
-1692488395 -1449026612 1292028796 -1240005660 1109156005 239781066 1982771576 806588660 1329141781 -135025672 408579112 -1065001097 -628873413 1986216757 -597117625 -581183704 1851346012 -2008191027 -1664821273 1710357288 1942255123 388327765 1621135485 -418214839 -369992703 904250794 

957164909 -1532646808 -1558112084 -1956765163 -146577439 -211123670 1194330741 -59789512 -1047139404 -790167802 -1474405853 1957319275 -1361895610 -153692631 -339990274 1128162242 1686724102 -1022169145 399125468 -899200830 2113138743 -361753924 1459627211 261938884 
1703690785 -710076144 103975691 506683703 -1802159680 -663373038 894736988 -1545492875 -2001361680 -587147023 -1063580400 -366481175 -2112358482 673565324 -1227793095 2013906557 2060219730 455998749 725817964 -1741193462 479516430 1063576382 1471069804 
-2015069090 -2096198121 -189098024 -1647322349 -1252431552 -1213991165 636524113 1416352714 -1441159641 1359056474 -754687608 -1448444489 -1368538762 -481824092 -753533826 1479157083 43325967 -955207580 858478407 -1914309122 -2013101854 -1646346828 
874958668 -1879995948 -1440696373 955854081 1498366008 1014881665 1030026951 -1640375830 -953774314 835615825 1412905624 -1287206186 -2126816290 -1124066357 -693584100 490756013 -630577012 -1292118018 324683459 -2023514457 -1361551268 1760814003 -795957100 1354502786 522445508 1552623961 1534359940 -2047103527 

1912647955 -158368757 611687826 -1691025894 1108703973 -1438845936 152253430 129482784 177158640 -2037431294 431928139 1325100549 -1427976232 -478491757 -2088729596 579885823 1522792823 -230698693 223347005 -993763682 1472105579 -1431976011 117975079 809197464 -11025954 1728911202 -2028051170 1886986163 
141258946 -752169651 -1007582434 410398899 -1244055225 -181906121 1223267406 -1860400733 -1865692673 -1425070798 -973604175 -1473326663 -215135089 387422260 2090064798 317182542 947461909 149348711 -2025031155 -1664296546 760001290 1614801504 -876622281 1023475803 -2111946208 -613967862 
-1452681257 -249722043 -459719295 1891417934 -174231710 -831733662 -1836188855 -1408707085 -1924825256 1738825323 -362564841 85337636 1796312015 1075701269 -1261477700 -2107318071 1806151173 1146213568 -1149375856 2024316790 -1801402944 -62612005 630924878 -632570460 498330061 -1511832160 116483199 1506762663 
-1463271171 2101271806 1711455574 -356939549 -51606844 -177412319 -1573550024 -1088150162 1689152171 1892465192 -767810559 1344525147 557515011 1892718095 1031766303 -446324661 -1940565110 778712633 516675524 1221483962 -892935103 -350020266 604291507 1037535392 -759629437 
166743999 -1417219316 370801189 -190453534 2084699537 894134170 2100108517 -1383900033 1306528395 1361578533 -1040185183 -458310353 -14948956 232890707 1800473636 -1556062259 -218560271 1802491234 2083206596 200818304 -328355799 118923029 748456147 -700747366 2096973035 1728867712 -27209723 -1294979864 1442180847 1317958186 2102342204 -378454959 -1094407511 130085072 -332646677 -1171120659 
-2074030414 -674509339 -530967248 -532765837 -1442674812 -259566683 -302127525 873042781 7277733 1393063275 315606345 1152926850 -1185038697 -1264163184 1546717516 -1295468512 -1642529425 
-1510504517 764121356 -1278011030 -172001668 -571054246 -1431766770 -132251202 1991273865 -1672825966 -1092492327 -372670554 301508944 -506603632 1777901036 433228965 -1656560846 -1491791820 -831827844 -1939507062 -1709066816 -212838046 -1622799893 1260085578 -1094802241 -1956316772 
758978396 1008433379 -1101725367 -15044706 1750874419 937923746 -845411157 -777036316 -1390380034 -400672006 -760751902 -511523118 1570549944 1190456639 1326296464 -1595513104 -644128215 -53025151 948062808 367825478 -406635226 649443792 -570894003 1901426577 -1780756886 -949295342 129548109 -1293689448 -877803213 -1068410937 -29822504 
-1399038441 -1831316244 1413055454 2013872032 -2080515719 -2103809842 189347705 1760484902 -513554157 -382205599 561735690 -1109510186 2008568436 -1853022808 1133330535 -1864397375 -1432003659 1121129684 980275581 -948390992 1691395349 -154151573 -1291278633 1008903168 -878662316 -404844994 -1296855031 
165965272 1607290223 -255939812 -1762556141 -1230763483 1255655051 -1273669774 81137917 1465311392 1991509342 -716045657 -1469736970 1329194934 -2018695843 1886385084 -1978659576 -1965240470 -1373253386 1847106124 1998417379 -2024744759 1602004028 1312668914 483119586 -1351204509 
-2007262334 1351873755 339782094 -1687054953 2018113400 1219533904 -92276925 721758102 868026233 -148340982 -2103112782 -786430782 -1335985270 36599170 617812253 1605279908 -1140100826 -216776746 16912800 1155000230 -2089795891 1257840193 -718137608 680699875 1046195657 1813835863 -1981564997 -920167971 -282313118 -553666097 289519073 -1862638092 760714456 
1189670716 -731533270 -970301258 37634841 283837494 299249342 660666200 679619170 -1221375347 -1207827128 -286740954 -902832358 146181562 -111500541 1475822689 -965206478 -1219561499 352032671 274204898 -977764527 -194427183 1238516338 1283807613 -144291942 -626456444 1244684632 872782010 1515800695 163511419 -1512220520 -372528069 
1378933005 893244476 -799271188 -827898002 224267197 2144653452 -1418981462 -1530553239 -1274754928 -1640926882 -904569567 -1189617957 1771915241 -1205143134 571021215 342860105 390940209 1744761764 923819365 1082127337 -1936596666 -1500693948 1239814224 1458779085 
1816637619 -990962772 7323122 -1330833384 1319635045 666162563 -736883262 -1688606723 -1968166981 1925807777 1127124806 1507436635 -606642791 1588930707 -275698287 1663720262 155167012 -185496074 351080105 963067133 
1524908172 1636153251 -501813839 1502664767 -453542139 -1738426891 2125079044 458068126 -220001404 1966793258 -690905012 -269149146 1735526235 -1187601433 
-1875648733 1077950583 399884397 -624938449 -395571100 1243604630 -1464572973 1169983742 1045975925 1389139437 -2004892621 -1255862009 -283592850 1716667770 1580889666 1194354544 891419353 -1141742048 -792173911 -489744776 1182980715 -672129016 
1714863513 1286039134 -425184942 905528859 1967596869 -1155329253 -1831748802 -576679332 -1556022946 -254912294 -432084109 -763083711 634574449 -2106094071 -2027484659 369471838 1240267241 1467177021 252650443 -2027539721 1982759364 241284010 -750541351 -1737630318 
-1224499543 1812674230 207754718 -1174879487 -1523756967 -2068836790 -1455692897 -1054816385 1113073780 -559605985 -1725357417 905431087 -337125993 1470344882 -1083835973 -1825973949 1198799063 1493060972 864881925 1696815047 -1478710064 -1573206937 1307293738 734166743 
-896300919 698880196 277683823 -1398123342 1947622009 -811717707 1252692150 1706915811 -1247121185 -1351527317 -755365873 1302316522 -290403885 151261602 290135667 1972782499 -1502579637 596018181 -397076322 989608870 2035779180 1033473473 -1195732460 -117065515 -1414971215 -50741760 1969108722 -336691590 -1130902355 

-1203418924 -1838144992 -1354855858 489033753 212115181 1801113046 1337718836 387953850 525706392 -1289228755 -785190696 -281472081 -1667862868 -1235240497 -1363898874 1799659390 1785405142 -268576730 -880396277 2140499824 1384137765 1948754808 1912222928 -294973523 
-751659414 1846706475 -301222743 -556443424 1355887101 -901747847 -2111853823 -1221995887 96477285 -1104973287 2130006690 119596500 376740248 1100563019 719300958 -935172028 -576897655 -2134788812 -2112628091 1169065293 -379294249 
-2068064443 946755195 1070112945 -858022745 -1156601211 1858758801 1511543593 746692541 -46543366 1361546014 588507427 -1564492601 1462857671 26726586 1941938664 -580614882 337225440 1687930256 -111971784 -942423371 -958918081 1347907143 1119397804 -1692956515 -934542624 1732066290 132122452 762714685 1637064891 1251696916 -956793626 49121953 -445384447 2016416507 -1935350225 523539366 -472623768 -641546605 1707064455 -454649283 1686896455 -50423432 -1002820794 
-595139875 1724229427 -424875832 310052891 -850081952 1731312158 892628409 -494245278 1639593957 1148029742 -1523810084 93603575 -1515024111 -844955743 1176629736 1713217630 253726004 -1632027065 -1482927478 -1863477170 -1159842937 -1632313532 -984955090 1466131032 -305164418 -1419660850 1731676862 520191997 
1261055356 1481650088 1447041251 378957337 697636251 2043820892 538334661 1323328695 -621394258 -969106623 116016739 1410568461 -137302876 -1552236655 435520794 1820792019 -222118638 742691583 -1283296149 -1338120021 -1956074040 976724107 -1188878168 977754853 -1779488019 
1744566945 -507568121 1229604196 -434996427 1404697199 -46516647 490526914 -1248343235 766754130 821367546 780920516 1334849148 -1004993060 1703548659 1141391247 524461920 -1419508918 -1288775899 1243403495 -72683215 -185101081 -1924244933 1279966712 -347163344 -1416123095 1098696701 -755295342 -268258373 1239921360 873988214 
1083967115 995582156 -912132408 603976290 -1024084101 -1962804969 771065880 -787887349 -2047583373 754840870 1739160756 879825771 486694901 629749262 -1182507337 1103812615 1959071169 1103807969 -565068699 -131694600 165094027 
690152742 -622372903 -1605352783 -415685430 555284637 -854752473 215636375 -236908776 -1663896145 257949922 -857699496 -78077015 -2059525261 -1989921541 -1447838877 -990771764 -1697443146 91023793 -1007515050 -1526211365 1499444416 1790161005 -464262882 -1858064905 
1506681380 -191790925 1774847361 1897728991 -1985430820 389641043 -538278011 1687199483 1953282428 302145443 267617712 134649873 -875436234 107736444 177342041 866589743 -498821382 1289670996 -1694351432 -1816450866 -1305677473 602877073 326567400 
760578292 -1518513077 1742919795 -651095594 703499640 -1348012649 -575787069 1384899269 1875135183 -2000941064 -1715842213 1288268665 -1060870588 1332872116 -287121631 -255125558 -1882299065 1764235664 408965113 1735489434 24886325 -951489305 -384364482 
1045034717 -1014348940 1889201821 1463032740 -171701108 -2117311319 931241415 -748142831 1235099689 -900025178 1414320108 1252938346 1154752276 -1980698451 1616276762 932709044 -94918170 
-568309984 613475348 -1210099201 1568522483 -1835601424 1344881731 -1682732856 -1500426573 308717880 2054296224 1898050713 -1952006474 321876803 -1834919619 -1235508825 1507444267 -2019090459 -666679968 1688963657 1238410645 240767992 -1260381393 -1560817752 -906533856 -1040577294 -495704372 -1931181769 -1818328279 123923201 
-2026144567 -94505015 1145587082 1137846260 -1371686591 632415130 -1808779468 -1324188982 1630560215 -71755370 -1262414620 1184548916 -1007203875 85677587 -1619719121 -1287579792 -796963896 -524761476 1171026999 206818794 -1691952002 -1728672659 1742231711 1508897169 -2002462318 
257102598 -24323552 -830201366 1184788756 -696072465 1810456545 -572677359 471883103 446957315 860037047 -1071736386 -1086809575 1545463935 -1444896497 1003524669 87724327 1806895138 -1847901729 -248438705 -1140468102 545107867 -1054525644 1024598893 -935423648 
-97909462 316825908 611971875 1325207508 1310073245 -869062786 1758723176 -2057937970 -1270455350 493268817 -801396698 -1920901389 1419288832 1736824261 326737954 612235431 344966020 -1165751473 

-1796542533 1682874917 -843832034 -1939366107 -1509908477 1648252702 -350429568 -878731368 1838099515 1453284863 -1920899803 550057548 -2063556935 1747073892 -1888393409 -728540717 -1091505408 1352476525 440739079 1602391706 -1275202879 1209499817 -2025922426 290238554 
871326507 -445711854 -764286431 -2036391208 1862843111 -1506926075 764557443 1017073450 110553345 1232465344 991160003 -1952958096 2044847280 409429862 221771588 -1538343079 -288136880 428538504 1276122909 -274845527 -786383191 1216821219 1885430236 -460290293 1893181173 
-2007987123 316801533 810800308 -1089284285 -1340511022 517261062 -343358999 -1366022346 -622327389 -1346331819 -1147349088 324017236 -618839748 1664211387 -1283231322 819395357 916421551 -2074784158 -1084075175 1631413929 2047390627 924168433 2028742467 
1441756739 -1587056420 1718526403 -1469157149 -1225321177 806751363 -450431291 256271150 888044570 -1088124869 -866583306 -1514023172 861814967 -150114260 -2024467935 1588108387 -841036728 1177397996 868670081 268729706 1061304653 637315109 -2032890832 24872882 1351493786 

1569292506 2004033560 653548957 -220200773 -1534160794 -1432257245 1887455584 482478280 398256325 
1659309374 821255031 1580371402 -1728761301 1351841658 694090790 -537824436 87855353 -1760694222 -1424549989 -3352293 -359186300 608956844 -1036003591 -572631253 1775475947 -1115613685 -497302144 -1288113112 1207194641 109685019 -349117940 44561038 -124707120 464844200 14505557 -988510325 -93289972 -559250695 -195401445 -701436010 437193503 -764245929 1412922221 -1469687606 -1225078119 -1083786083 -1908173664 -906871345 -1457256931 2034661087 1416605899 -35258397 -960577274 521035309 531227315 -1550460145 -1034813203 
1355798434 -1123378964 992962369 1465191513 -489422411 984439165 -135099791 -1165724304 -99033394 -600896148 1159553143 2116245559 -1544677256 1901250487 -1019022787 -1846600864 2086901100 368608079 -1111218792 2128529183 -459730428 127853397 749856931 1075857202 1712577325 2086371502 -1681534202 828515400 -498842688 -942916006 1821801494 110598725 10610041 1178404673 -570684251 -146119799 1366550499 -1956834937 -1644646538 -1888179785 -490873467 -492843247 -743503010 -1911877537 -1759416736 -502506656 -46528409 -32647628 -1492140006 1594445528 2127935034 778882776 44383931 -1646325000 -1225041552 1065533192 
826092864 -629148570 186086710 -693647089 577936220 -237497396 -208049410 -644106576 -1239527556 -926607005 831172994 1351397775 -1926168905 1058050998 1021022463 780664174 -1353879015 -609445684 -1503021739 -2123557330 1610324900 -1573438947 -1263715693 -1404212309 -42337784 -2102149041 1530352421 -709470440 1104306756 -776494830 -721627347 -1493504895 -1071052380 322571921 1963898155 644905430 -209370831 -485710765 -1709572175 -1393559550 -724683613 -704825718 1410762244 
