796380848 1937214843 1179478790 1233973370 831284553 -1112408883 908526879 -964924165 1208301385 -1364333638 
1586226094 1363169963 1953246588 -716992063 1999301688 -2085217970 742668368 121693252 -1351116292 1724411019 532741901 
-1950656132 1080177727 -1204125474 1329370073 -273129012 -1818443414 1703170527 -1818051589 -30646445 2057605825 1657000356 1619611678 -1958306574 -1380773655 601879933 -1491778419 1812544449 321489616 -1354493434 -648726351 -1685512278 -952111119 
-195385268 -56018184 1478723207 703988239 -413112769 23121611 -507736446 1254374523 -141472701 -1674594924 2146567829 1317487293 256614464 766734833 -245597599 417908965 785668239 -884880371 1287174381 -817048954 1294683463 -858077832 2003416227 878337282 



-434785493 -727742921 2070666216 1623426995 342876468 -1361520808 1724943554 -1001913050 1530300125 -1398360358 -1184347602 1766022983 298538458 -651913096 1336539095 968184348 -2147464157 660910341 -581213952 248703572 -5305851 559768246 1682999231 -132971822 
1397928722 -1023111012 888400337 -1131328421 -562299787 -1147914081 1417934129 -1110503370 -1789905799 -543426126 423005121 898192150 -2033306618 -481521643 873782784 768581327 -1986833635 -1684511727 -1668318108 1929386616 797878454 -929634586 399694576 1191783893 297211408 
1917780501 -1359254721 2089823743 1286899674 -186231080 -256442679 1269008327 -1447305995 678521403 -2048788985 547609600 518010045 1837399459 1921273644 -1788979454 -1223471308 -2006423943 1853556874 -199161373 1731893304 -205245259 -2141648124 
422045954 710745818 -287863504 1926896158 1213693056 -163454596 -447321150 -1360401876 -401073587 -1424078833 -1379164426 1660433725 -695961896 929950567 1768048697 -379466697 -801040036 1677571352 -615184130 -464031726 -1199732786 1859584986 -918363192 723486422 1544055669 

223274315 915493830 605697037 -430694382 424144510 235700876 -1915984206 -755373164 49690296 1818550162 -1465458434 -654007140 -1033494804 1044099571 -1601925073 -1958284717 166691149 728188104 -1993093286 578932783 -1344700733 -516981953 437005931 -815568476 -385770702 616858782 
47424427 -1011861560 -207736399 -1068398893 2102018172 -680329297 526955332 1309954472 -69345181 -920540786 -756406850 940416321 881098963 -629646971 -746486776 1986680514 -2016670070 1067767292 -229622314 -855979389 -48949572 
125347938 -1967175716 -2027902624 -421107140 -503783562 1661700080 601371753 982819916 1258608107 1534489171 -1759553593 -832943339 -113711314 -2137244618 -314637267 -307043490 567990849 273060486 1302447825 -23911604 -909103305 -1994362359 -802386034 -1741201010 1569830587 606885762 -272801484 1324441734 -1895217393 -32323366 
-523929538 1290047212 -1400862915 -1786314218 -634754562 1597533449 2005568209 643338674 -1158353635 -2026434183 -363565116 1301971420 387010901 273534015 1297193591 2110405193 -355945090 742111544 -1157219378 1096297052 903802804 -1088158867 1946137786 2040482032 -424828758 1123371475 
-1239268233 2138596873 -1990138708 -34972636 -1333182508 -865593643 -2115165155 -2012420909 1955855452 388968868 1991048114 819729626 -1113947793 1065315305 1745764076 -37311619 661136821 570787250 -1919625824 88673033 138632855 1260265848 -469989681 -25895107 -97093406 1117856355 -1180175628 850505348 280745496 -780516328 -266971352 
618846155 1747320916 -1719276924 -116983779 1460658631 -749469877 -996405305 1317324071 -1821188135 -692263401 -2011612676 -1400323026 145218792 1306580035 164823857 863954950 -1075315422 1039046829 -1720543119 -1024169477 1761188348 -1372049621 -1594590178 -581233579 -283759092 1629113850 -1883034172 -1219363805 -1649521936 -158487478 -254926845 1351562688 -118297324 
552258281 -463627589 -1735175223 -1785030836 -322778999 494299600 1342374055 -1027601617 -1169472527 -5671754 387448094 1764770302 -100921525 2019854626 -1806313664 441108526 1524714233 227182051 -489867770 1996065944 940378779 1836746838 922325529 1115253395 1337953218 -1710768833 2062344991 368523849 1250806529 -882182039 1078321218 -1902060963 927083997 
289052520 -291707665 1492946278 -911541447 -383480621 1239694672 -547563422 189231453 -724493712 -202322915 -413012037 -184328676 -181577262 825754718 -1327211465 -1925812772 -659733192 688952050 1621723215 488906632 -1357360195 -408686535 -1340850852 -1719302327 -1620416143 1233490732 435084952 
-1300863248 -427948790 -1999678121 2024425455 749958892 -19637786 -1611660631 1161525594 816834025 1579383282 21781231 879397506 1877213489 1268287115 44513847 -1139052030 773348632 490275615 -1170037269 1344872544 -141369610 1790732727 939945136 -1207248356 -1372169513 -874874773 -251744221 1626467096 2064554266 -828197421 -1251490838 -1130977393 2008353403 1933285859 -1685492801 -1597438631 -1347566562 -1800862705 1242598307 
-666189862 -1785413623 -584447024 -39258511 532493469 -1628450873 -811016230 1838107869 717728865 1543055753 -640723141 1542256895 -481884968 -1023645469 -1964702869 -1756436513 1335451113 1093005768 -438538540 -1935086651 -1288844347 1899139621 942535964 
996151395 -425127571 -1686312470 109670324 -2130879895 1080909432 -1631981833 189201177 -960784469 -194700633 -577827522 873642403 1112753194 -1479168846 -683149600 1003897171 998158889 1022844530 965900895 1453211487 1256885769 257891551 1384878480 
1181319134 -605775585 254106283 -1378881042 -1397604703 -1839302155 1114431715 1894807180 207198242 -1459745694 749983440 1540928694 1839745791 557935737 -1099439589 -1934846294 563561532 1483324726 -1620633083 -1265105455 

-1647985202 -2127419881 -1763986099 -129381761 -1364600663 -896579865 1392207900 1938916639 1424222676 -385030482 -205526085 941460311 208387122 -115434290 1034811240 -1679917459 735228503 -1759916138 -1252519389 6322102 -1504904562 -875164943 
-1171158520 -1447258377 534660859 1700458731 -235698038 1171791480 -1087952723 1070654702 1999161280 -205580251 -14490735 1180441364 -1701326463 -1153102056 1810606880 -740261743 159309447 -956963840 1536740451 52804495 -1893773671 1778805806 1991712472 
984760215 -1069897875 563785926 369188039 1161161116 -803857127 -1331291655 -468490665 -373071768 -777775861 270024236 -853506114 -1314878871 1238338844 -700534427 -2089640464 979789228 1524081867 -1736724255 -521411126 -1665577991 -378702953 -1913811422 
1261227449 2019162475 -199180785 -794567232 1150905550 -1477903297 1238653868 969075611 1066041296 1739935063 -843738000 868137661 230183768 1838194527 1271235891 2028092471 1269173706 -2111156289 1638804016 -1947671559 -1984067305 958130618 1503226440 -1866186100 -1037185816 

1776351790 -917443066 -855690022 -1498548466 -1415216359 -329986447 -1915911258 860953000 -697497130 -1391577698 234233268 -1496280772 399415927 621910607 -1951749111 -463336908 -1902122158 -1748662941 1715978756 1787991804 1370240253 -218716267 1915020473 2096503629 -667300365 791535398 -716485687 386331397 -1444160078 1261900621 -1755284035 1821346875 616222187 1954242815 -2121855999 -2102650296 -846055718 1842665520 615998800 
588878605 -1462305783 -1180930838 -1907362350 -1654567231 1307888157 253679868 -811472126 1975622957 -95504052 1755821203 2118645948 -71978859 -1496208799 -2094681754 1952407423 1895221520 -970068650 341186049 -1718765977 -923035636 -1297723094 -1247754786 
1683017621 1738213337 800281920 -1985912360 380544235 -1496768852 -1616355045 -839020616 -969415198 1185813233 1851977918 -1008550004 -709946137 1808840726 -1576935999 -594330482 986436494 335431631 -805003187 -1240853304 1421383448 1195114700 
-768426158 -751519119 341199003 94841327 1502705359 -725027477 641851367 -1997435941 -524650106 1486553361 -733317790 -815145859 -531534339 785045149 -1732149368 846285431 -1972709511 -1151237469 1309144524 -1708691198 -1700005100 -1454076614 1883095825 2133874264 50734898 
1720659738 -1036241046 -1727484405 -697498530 -1461384501 -1974748394 -962692833 -569664425 -1092248697 -2104261725 1461471929 -1199555517 112303813 89066678 1967129237 1473417097 1030796933 833381015 -1485424845 -1469748483 -1256770550 202180257 1568988336 1129829841 
-250589669 2139019188 -1726387787 1340019448 -564446723 -1226514712 1279763935 1264470585 1307999775 1453960270 -281612497 -442659253 -1705660626 -1942046263 -1608587955 -1480245979 1465124259 -883414519 1703619001 -806825784 -1864477543 168036440 -1645642853 -499780044 -1129512025 -1062113463 2011468111 -1970599957 1546056 1244838197 1614908530 -947164981 2039496614 
637799848 2065482104 561842694 -1494195107 1155374795 -1967226017 764742721 -475377809 -518022327 -1794208288 -2145884560 91720687 1781255265 1563530953 -954783635 -663786271 -141648305 -2007843076 1255068674 1037721892 1328100290 1581620947 -634703415 -388661245 1285687665 1473118692 -139775474 -1574397616 -260431204 -1741888026 
1331773418 -153579791 1451316999 2102996103 1612490287 -1539862258 -1639719718 1296494098 977611395 -1245507624 -2135938094 -837910627 349047052 1849614424 -52678687 501725903 -1373005316 -478859202 -1900247100 772141526 1384946854 -469222937 -1508748581 -743752520 1817834258 -568063151 906396317 -460720097 -1786870868 768380825 -551370160 1778262798 -1156151530 1867199996 1372899354 
-1190184051 1848407185 924354058 -2019037388 1992759711 2130426410 1103791605 -1993978359 7948128 1780443860 -1118669317 -568712775 -916903529 -2101909118 2120910165 -101398216 
1769317151 -1743421360 -1564781159 -156188115 -249926538 -1288890839 2000737653 -2116489632 -1510450305 1846461169 1006972595 -910810181 1619541036 -127127208 531563500 -2008896230 119709405 -1649082577 936967391 -1902071831 209941005 1041881982 1274398533 -1028151613 -1071730570 -1310732224 -1864000060 -1316814070 
-1156685703 808456478 1486248431 1204394614 -876958432 641188944 -1269680642 279273750 -1343851015 724859865 -419670700 1773604762 1607175274 137967441 -1481776628 1482282350 144950658 -515320278 -769021366 1038585847 1889783383 387621505 -2101951020 1130198130 -448225476 1068946032 

1532971948 1790354408 103167225 -967379516 43138297 1046025490 1835705269 853127211 -738489724 -784433925 188725839 2094950602 1431338191 1834125511 -580927122 8866759 -1224121642 -317425824 -808298431 -382698274 2111152202 1512133375 169413358 324705367 
976860465 1344947267 -1403368781 1222623430 -645800573 -1556599201 898982388 998376404 -616508726 1967427283 366511129 272814652 1647500322 -631920475 -1592403897 -1678567757 1406322920 1069156636 -137649938 1968405919 1081665792 1659773232 92148706 
-1255815955 -1414052410 -479424767 1497501730 -16870257 588842284 -2006955188 -41276801 1085890757 -709862145 -1674711679 693017647 1617327074 -1707724777 877080588 2026162405 -609941311 1630371235 -1878832738 -1905660557 -1780877627 1706856192 
-1518655593 -2123977822 -824864625 1342472548 1945653295 998966142 1870778376 1072122955 1217631803 -91604812 -1604633178 212556258 259285371 486569463 1946610751 771495766 1526484967 2136791917 2038996666 -760493974 -2042372512 643045077 1270012945 -896147027 1374649532 926422091 -660238870 -1739875156 

1707585012 700718134 -1295176841 1310262298 384224055 1171025975 1998014432 -1381823080 -839084483 1763345353 1211576564 1395291275 190170597 2043172240 -954188494 -761558475 -1286807810 -17981625 1804096941 1984204183 1841231709 -5994394 -291935212 2056326616 576567520 1452479393 -1003691490 -121433087 
712403061 696295997 -1371050472 1368327178 -1555356413 -1471136837 -112606753 -2130677917 1520636977 -801560496 934075030 -597392238 1443056695 -695158470 -1738126769 -362917834 -1269747803 1830920455 -1921225071 973603670 632592796 405683683 656338985 -648823675 -156769430 -821272165 
-1391686754 -1576677295 2105504869 -1827473789 -496866297 1893336028 -309068027 948579340 1768856553 955432762 1021180238 1774253916 -1141156017 399747008 7949254 -930372706 -1827952684 958195273 1182022360 -980931371 -1117213682 -1236928294 1606266957 1238278856 -1058498346 989148807 -398849884 376790948 
356939108 864056777 -851524544 -389991467 -755733752 -1645555103 -2010044512 423880729 -1161221551 1200293137 -1408984055 -624659013 251741087 -1347213285 1964589117 853295692 -1056052648 -478801765 2076438430 -1258731364 -1941204039 892862332 1993636553 1479102942 708885323 
-1922726607 620813051 201394536 2075179750 1705375195 -1100129669 139370179 1222360236 242296035 -2098908096 -111438753 -1124659089 1029014441 569456835 -695650198 -2088710052 -1179358491 1746617503 1313703315 466197091 1267208417 613470006 -1606040459 -1641022093 1697097574 -197111456 -1887941574 -2125900033 -1020043216 666392779 -751522186 -2116299723 -434369842 1874831228 1334688102 1633019556 
-1537910731 1175615082 375908853 -643880060 -2072655175 204006170 583646847 -1393543752 1217013508 -978946242 1086524331 -1022041512 1627176994 -682394326 807117349 -1655169703 2061401948 
-1031464849 -968336308 1033126925 1012854560 -404688416 1479111471 -1110958779 -2011653985 -1347069382 -1391685419 -95149558 1706945565 1240499681 93767072 -1276097483 1643180278 -1873606636 -1445216755 -1380543113 -656272317 2065007266 -46554444 1771246768 83219243 1460779219 
1004042895 138331402 -1116958219 1424178598 -265859946 1675967549 -837629227 -1365929728 2107669546 200539795 -1985803244 496974656 616719253 1200869235 1375133545 -1990955332 -373330104 -1993154646 78538468 384663246 1194686630 -1030665952 -1781364823 1005625479 2138766085 741277736 1164384066 1250350963 1426257959 1460448073 1042843000 
-1858056894 -1941855839 -1431848292 -1811384411 -2058547993 -1567290857 -852248760 1705687565 997347147 -582611902 1334887168 -966414006 1766697818 754407042 1671623079 1398621037 1107530598 1141996726 1488054647 1199172135 1065754178 -987470616 816148460 880419780 -1871286940 672596826 1484724208 
2087556185 -1166379002 630266282 -2002409523 1406073575 -1778540741 1452376196 346756598 -1570038161 720499084 -1377841046 -1468903355 93277872 -91349753 1630950104 674664542 -1847774804 -1066812300 1407531254 1413004543 -1546335898 -905427594 -1551432059 100547685 217056106 
1326540961 1416175879 -1772729083 -2058858149 443246183 1976280633 -687294889 1617945845 -1117634508 1364005900 1264856079 -861085760 507869202 738203741 370659316 660557910 -1415346052 -704467757 -1289871420 1296491768 -925848803 1044261168 -1203908832 -220307332 535684849 -1367619110 -804850608 -2057688561 -1519318786 1601059804 679056949 1899837305 25165784 
402568528 -101927885 -583543862 1216632949 1447632053 1520119546 1884547148 -160043433 -1769492486 -1448205810 -292125002 -877269953 603216126 -1074600041 -1065746931 -952773783 614648907 786702063 -1792071596 474505243 1656996410 -158519343 -1900627543 -1021070060 -2031658362 -1303377054 -287833487 2114447075 -823568654 -1577279087 1174741965 
-1032985934 -947968726 -1573742664 1050133141 -1982475458 -1709303771 -84593766 1757751249 1225078435 1097028190 1743464418 -613729955 453061783 -2104614260 1228489394 481557366 -15634222 775532701 277058227 -256429497 316434848 -1534009991 -1449402518 1426470094 
729130288 1559957443 1678322966 -610223431 -1773933578 -1510449035 941162045 -1619225390 489995957 -1832008332 -1043005768 1573232022 1829116820 687987721 -196680924 -1701930836 2026496871 448679032 -98154736 -1290855687 
2002769488 1815107097 2090970722 67396726 784694664 876546898 1202714527 -711369527 -1040272185 -1684240839 192112636 546927977 2034321395 1671074688 
2113666656 -538406073 -1657038611 -1618775340 -161804569 -159169990 -1644326372 583083935 2076582966 -1964569621 1082082450 589166413 1337182093 1978988765 1530516578 337404277 -223322678 979698201 -285038016 638233411 794738403 872037622 
-711358456 -1538084840 -1611483275 -401260314 1197334572 -1445632034 -1766734724 -851207155 -1784077518 -81497300 602464834 -2109758086 1670817362 -194733988 -645122635 1606299564 -1546446368 919401910 -1063298275 10765710 -1281288151 1868068384 -187391304 -888113158 
433635547 814821848 1774311031 -2025274008 142922635 1671689936 1088488878 -1856587274 -1860189590 1952888969 -1165130123 1814687948 446137488 -1343519343 2089500340 1119384776 -1385770124 -1461984409 -1733757553 -636763853 -243270345 527550729 1140107522 1471229611 
-1548523172 1605115646 -2063390141 400661448 -118275029 916316991 -1539711460 1059510516 92968562 715788060 -568537489 831050436 962438412 560194881 -1550259757 782703252 1220990378 -605459587 -1587793409 -607143386 535412052 -283485409 1137477971 -194621842 2090661473 189972009 -1957708807 -217924841 2107103275 

1854338870 -1164078898 -1546036276 1554134339 1460324138 -788581130 -528882437 -380172171 -869579788 1525484811 1996847921 2061834320 1465378662 246349776 -1998540679 2102569385 -1944250699 -289878045 -1478575458 -1972643948 -370196520 1924575879 573726082 -68839284 
-1745684599 282907876 1448088610 -341241535 1272156762 -1655857978 1973688390 -991574638 -527436647 1804793633 -926493986 2092602413 1949317586 678311535 -1627905647 -1472618275 -2099771936 -1628227181 1985698084 1468153285 1171877179 
1295235226 1341292559 -1897275549 1972841212 -118042086 1391521803 -1746109572 2019349079 -1504501253 -68503470 673239276 -2044352947 381649463 -957922128 2096487770 -1932803614 -1584301737 347291859 1137340586 -795699094 -47862072 -1791570206 927023917 -1112994218 -866512750 -1353594875 1220927607 -278924794 885973650 -1273824243 -2142125158 -1666904287 -908717310 2084659463 1088116114 -703024262 -61921028 -982823808 -1514604279 -65986513 1797763175 -63359113 1223162193 
-1454617953 -1323921146 1843784358 197978105 -717931397 346747970 1068591513 -806225005 -306658267 640520370 1110279503 1270249813 401666992 1432217248 1285595039 -199854548 397248116 -1107173316 1672246642 -118773554 -1286413243 1473423575 2066426562 2021881564 -621723715 -1027224257 789531335 -899281689 
-1307623837 -1639133389 -1220580022 1139821144 -1699463128 -1490797913 -1876379754 1546182020 -117393450 1307325362 -1705534613 323331045 5906126 -1890888970 -1475324722 -35132118 287105477 654826919 -1109616170 275238385 253979533 -1064347052 1939302941 199348371 1770435114 
723110919 2078448736 1230306860 33761286 1546160199 158114097 524214576 -1448581229 -622927046 -1858443582 -1744183248 -534230644 399324903 -662120477 -75014034 -25192684 -376693106 -1190085107 1742600533 -66691494 2099939392 146779971 2130891249 -914031039 1010517459 1737896294 -381024015 2145842043 -1753348458 -1064486188 
68300367 -1160117075 250699422 1047080479 -1320495693 -1035077257 -590265230 -1669660831 -1848163626 732306777 585151814 -1296276988 1976666944 1538957028 -1902477436 364254201 -222610180 -2133986378 -339200228 -1569492273 -1795894179 
-561042077 -1010588620 -290387158 1202058362 2037289200 -862808350 1118838088 1490236060 -1591096552 -866531196 -34951783 -151478020 -1882849039 -1785268545 -410431521 1985621074 1098384996 -1519941032 -667671898 -425890530 -25946703 -1591937305 -1578694352 425910294 
1754192674 -1044669017 -317662703 -927072075 -1891849834 486970443 -1782820330 -321437507 -602792445 -2103573003 -1593241139 -487356060 330709338 1254194372 941185435 -237962487 443817490 1505109883 -754309442 536947712 1267573718 -1058943511 1506811484 
-1528527627 -1772577982 -1281162322 53346955 1819023864 122302401 67672129 10837006 -452316890 614743551 2030589080 42215015 1451394202 -1984220608 519573240 -1773684416 1272426309 1476576974 705816188 -1397398480 -1432131836 -2055620764 1006020728 
-511223614 721085914 1408138952 1454360808 -1382174910 1289337503 -1759017839 -1545292827 -1819822892 791254590 411176205 2081231370 -1103852723 -518215944 -933849945 -240859348 -270167232 
-1124683931 1738489358 503510455 358574803 -339320226 2051132080 -1162213649 1007406805 2017437328 724867625 1233810742 42384567 -199962683 314699517 1748896914 791661266 186915606 -1280574950 -1955660762 -922169045 -624665627 -383259238 2106601929 -1850679558 767125125 1019973011 -859627736 -589053645 119068288 
1005029153 341876722 -1747758544 602677731 -426511700 1960447757 -1842292850 1155822382 1799053012 -403142245 1225954584 1665275669 -1226495955 -1496861343 709552767 778078977 1345129413 -471687000 1921170061 -697454219 1207183029 1856585508 -356861880 -991362290 1252712562 
-866881890 939347945 1088827719 2128300547 959991787 -1824405999 1810692245 -1936358494 1090223010 1427217512 -1728755781 80731400 -26566121 429854464 -777619577 988774586 219176755 -2081169062 -890428019 1153810673 505449237 182904561 1902838065 966293539 
1909501103 1306818951 1014526280 1586292067 203654572 1401433830 1135065960 -650237957 -624746727 -1110869357 -1825139560 -676302082 -1896365610 2019084174 -539364028 711808939 895937459 183803767 

-1240106304 -777790840 -2092815534 2084789429 -854121072 1810666987 -131022060 1464823161 -1122225496 872796532 -876291789 -948924202 -34208821 -439698133 -1091083338 157794655 -2020154736 -1996185118 1412707992 1711631647 2095745068 -2050285778 1160888268 538365975 
-53001337 1093476006 -748253483 -573507441 510070711 -1122381525 1890093231 448530163 -1879377654 -1288802527 1201696628 -1417440411 -1504424903 1920045753 293456350 -1236885400 2070545159 1935453530 -33599810 826868444 783475250 1461555582 -156543815 -863530430 1291803908 
-1912848362 1413809248 -2116002578 -982023014 -1870599110 -128234471 411394964 -938647331 -962572903 1250263120 -58011858 670312572 1930306964 -1547950261 2144122444 -693067249 1042633782 1752796694 527182348 979419626 -19382130 1177685856 -973673464 
1076004756 -938245151 1886878965 1328964240 1515492748 -383253532 805832380 1021397032 503181193 -948888840 -665513350 -1808107896 -213733478 1102999366 688031150 424558276 -1767356678 -1571817311 112425807 1983424157 -867456635 766481022 997562607 -1863650513 928006530 

-1163925665 -512221055 831135831 1593204446 -989918447 750830346 -873241755 1681187013 1645193121 
1349771728 2038293057 648111339 -613928342 877804637 32412122 -1171889418 1845948742 -176493928 -587020316 1086331084 1610357271 -996953650 -834851149 -395085494 -402445331 -2123423329 -1409746381 -432768569 176138372 -2090664153 -428584437 2125743477 -706682856 -1140905168 -322630369 1045946928 1085477644 -503845483 -507575485 1713740742 1021066279 -1977883493 -1963076599 -863680628 2028830847 509202777 -1379962922 1116105238 1364329785 -43617158 1766842692 1094055794 -491369145 -624501912 -1565862754 -1029118621 1015792257 
-1122431746 1777361566 -939260765 -918148188 -508654151 -442906196 -47585640 18908785 -416545833 -768013663 69419136 -149277471 522321487 -314138437 1375762748 -843818336 -558250334 -1488484827 -853304644 1560446918 1390139959 -1967906523 -304651990 2099312478 1524824355 -1027995480 1712211940 1649857409 -2143183997 -864637902 -127750708 441488365 1874174912 1742968579 1496330177 -1891959006 -1409249745 1889111926 -1423757727 -44667785 953704907 319876460 1529042920 -1256393104 153628773 1583015673 172650688 2123180284 1140632856 364472847 -1746311160 1423374857 1373927282 -835229374 -1112511936 1271327769 
-682020772 1404372562 -1792460560 -987796481 -1439092514 1543571264 -1811077318 584547674 -1230025928 517029186 1692492323 -2026881593 358711656 1006188339 -1897339491 335787138 396130099 -1084231780 1008858251 1255184193 951345059 824850275 -235676481 1981786318 205169889 -1315365205 -1583409745 1579808173 -516886853 -1334298538 -1262981818 1701151044 -917425140 15345561 1345254008 -1458344744 -2095805167 -786106085 -505868688 -45143940 -744994572 1938565203 -1719357285 
