-617090476 -915955536 1275636885 -2146055488 -971661821 999142492 -378345273 978059210 1482015211 1971565206 
1133740514 666841232 -1790430141 -1383742301 894289499 1470561866 -1800816096 -2098620746 67708562 -516036575 -121111763 
1572140916 -341666332 1720742608 1650186480 292774421 -1710911071 -61393299 874438742 2137015510 -574280898 -286203844 949813404 -1113042041 935227216 1669843404 1039726280 1473851497 -28112521 -357885769 1417690882 -1245089457 442817797 
-278633000 424057032 -459229061 942048766 2002136466 -724510846 -1889322336 1096343889 -570889036 1784218551 1002954732 -1595898021 1389813259 1169103621 325428808 -1039658370 -1460066062 -10355713 -89157002 1703064261 -120880217 536753684 889492362 1150374019 



1037324208 -956180523 -1182100218 1691600354 1123803256 2011978295 -303876022 -561499474 721244404 -1697844121 608326658 1753736711 -1019278195 1965055644 -934564606 309433233 -1376057753 1458790235 195164308 1399327365 -1450621907 911579484 1987386549 869487243 
-1374654666 -210505284 2078844043 1743847765 -317450907 1903232797 -199565604 -789474551 -1752118699 -1232767007 -1473962774 2428263 -1680712738 2019082319 1441114603 210979389 -1137677197 589258780 1140686087 -1400259793 -1482520783 1243139626 -1737903410 57145622 1424262122 
-104014721 -1211881772 -1249090378 1156616685 -14797854 1991973981 1911081360 -2111553190 2100485493 1962683143 1741047624 -222652747 781410316 -1898252257 -791736828 -1348676337 787793280 -1817200991 1759230462 -1876375489 -500756178 -528530656 
125428714 -1867877764 1692427118 -885430337 -1880153817 2016165448 1288179083 16166940 -1528990487 -2094485109 1770781730 -882652971 1642233252 2010448909 -1071664145 892065971 1221921007 -2039770201 1456466651 -184536998 1591804404 -1739400094 1272294943 17316886 -1997335867 

477360768 2076596317 1935075443 -1007974787 567397564 149280306 -1581617756 623368129 1538317554 -348484263 -1038922373 1080066890 -257641376 1385393343 1453347253 -774249068 803201495 -1028521583 -1114825205 1689985552 846199578 365095340 1389914816 910799594 1222556251 -713445499 
1972489197 1023547107 -448366016 -289097947 -1346684929 -10836148 2122302582 -1436509534 487521398 -1633625790 -18207424 81430497 -1094753587 270203412 -2135721178 638231132 -1690263777 782607337 -157083941 1912716872 -1484085671 
-358232393 -2087099432 -821765059 1967445763 178066183 -2007088090 -1932754247 1429264808 1698137477 927572430 1409663865 20394011 1267114197 -335097773 -1722564864 1407447958 -1601159147 -1016477495 -536638712 372615290 1335565632 1749748903 1032558298 1721133167 -33722632 -1361134116 -754334911 -1225724494 -723542033 473914504 
-1803208087 1246897749 -2069609677 -1808953056 -1443290524 -2035654725 1941882054 395429481 -479774625 1397095778 -1092077640 1130212910 983241174 851561972 -165533684 1564409789 -1037662801 1305208126 -1710875109 2054006223 -323818178 1563723342 1556502839 956021739 21654342 1407815187 
993998473 -1381140412 1140267560 -22026714 566413533 1673808181 -1253724243 369992385 254606370 1905244824 -501463167 -1457931385 1820356613 -800863313 -1758615387 1812698457 -1860653377 -138164383 593209703 -1917837561 2023263764 -1677341779 1507538836 -510148427 1768936077 -1179979613 -1692394701 -1407017889 1716889396 -1901860593 -1447202698 
1472641646 -1951371050 -629457760 29500652 440885625 147912923 -1000249920 1290412464 -1018137335 -312073637 60839315 -1753337599 -431117546 182869339 -1645817592 1077177538 -2053484598 1225971940 2116967893 -1676750232 -1349533670 -243798186 -753928668 -1118538159 -590753597 555530955 343367055 1033129989 -1268337634 381468148 -1828880521 -848698820 1835130020 
-535071321 -686434141 1286892863 -1113497497 -1215088285 -270734357 1784893422 -164879360 -2061590650 956212148 387693430 42042826 -1861066579 1897442395 957612205 -713968636 -1010317144 376137184 80417806 -631268229 1506982644 -1964909426 -1794941030 616800275 -514741336 581989230 -136682801 -749128667 -1750452216 -431581934 -29483752 -690575652 -522292134 
-380642630 -107225999 -1884684223 -271321155 -649729464 -122344270 1899154774 -1029194612 115027390 1934120830 -1651299323 348019891 714363179 334688564 -1313196026 -1293315181 2121684818 195038867 1475447580 -503719576 1090626784 556889228 -1370999540 111351394 420342464 1177082445 -1075436447 
201436230 716413156 -1793376552 -1024805977 -846862949 -1953350410 737441030 707890658 114875721 2091269434 -1312731074 -243741621 -1850771339 -1177992940 -1726472746 -1926935041 1807083445 -417062870 1552918840 730281073 -1761253936 -880136395 1161866730 910997255 859202270 -2144776799 1934276514 1576916534 -1924205511 -227312316 1091306850 -1322306726 -1898625913 820073935 174030821 -70280828 828784179 -1368494600 1829925123 
-1295100303 161282154 1739872718 1041279063 865530685 -887458873 395401820 1657401301 -272557296 -581932281 747877799 659199805 -233254090 -828540916 875784461 1655506410 -586201830 377737933 -109545227 338139778 1374705135 697755026 -1438465885 
508541624 2116927145 929048917 1162256222 1534062698 518306310 -315226321 724593504 -1605612468 -1933642172 -2046114277 -2088392066 27112635 -1582529019 400406731 -771557864 657543779 2029552397 418071433 2007092957 -315620012 -14794350 977482793 
1264719092 -2082708023 -70216813 4848835 514240052 -1755903317 336776816 -1793454991 128810563 1860813103 911519171 -1577037142 514245039 -45955956 -579245435 363323195 -412036038 1411689753 -1546906865 2033574285 

-1623177105 362690988 711003600 1222183891 -892961825 1176543627 1988630153 -245136990 -1426942892 889340397 -1946715567 -172951645 746303411 661078551 1367552420 18279766 -1120591531 -1687656631 901892729 -1859180178 2047305503 -1713148325 
-1288531215 2117106164 -310167155 -605494938 -963716930 654604143 698784253 -260807376 -802515630 -493525951 1003295052 -280124556 -1058637086 -1548700223 -1473286530 835896027 242805928 1569722922 -553556234 -1992057931 -805873605 -1511771357 409813203 
925986461 -858342803 -1688654513 446749057 -1221238091 -733656662 507418971 -2045233289 339986635 -1558985889 -1585297620 210618490 -417833369 429532607 230991283 -1632018643 1100251758 -748858813 2084415455 411673465 867609466 100355458 -1532526720 
990791206 1968533289 910353060 1035714823 320005936 994067892 128299748 -600336828 62742948 -1307330923 -2053504752 -31885566 294952918 -735287918 -2041409855 1746681895 1148037568 -705059846 -1935401482 530060829 -770021358 -1414130368 575025952 -2077543997 -1869406205 

-527938899 1847034571 404379004 16411705 947756794 -1712577957 -1250367469 897745433 938666721 -487691123 1713316474 1059519877 1930979065 1157707572 243051463 -1784795866 1921400498 253551506 615836946 -1340414578 1973027245 848186386 -413034540 1890424382 -1949994414 1267800052 -417385093 43085871 2053108679 -1657407948 1155472900 -843938655 -131645862 253647839 573080603 1534889257 -1314251590 -1751760385 1496514429 
-1295206381 -1113824547 -231302953 1851432462 1189792637 214569257 -2000591681 -1542044275 402595910 -1840622066 -1550680127 1536622436 -691007885 1827896258 1326357189 935829851 -1981303033 102980287 -2043946082 1674160967 1675717630 -1695100674 -1513740958 
-1836750903 -1044603602 -414778284 -1691665832 -944733673 -117967823 208751602 -1201066903 1292912825 270562577 1683200340 1286286687 -974097126 1303040273 -1036293642 -1533496656 -1743644509 -660638954 -350976753 -1468856558 -1443665626 1494490127 
2065721817 165481829 595661969 -2081959820 1697992202 -1676980503 -1521978708 -235855294 220756900 -1395693557 -1805969041 1057948646 1071996565 -842156195 1132462460 -1517202752 -151006199 -1586968754 508690813 -1770639432 -1634401252 -1059945704 -1916882587 -347817189 574910161 
1719044241 809704874 2065676750 875986712 199084223 -1602200103 507309694 1589961995 -629644711 1670651264 -1987588854 -2119379442 -1917988943 -1958395348 873574986 1442427188 -127377965 131035897 2035409296 -1554872856 -1286772785 -819720531 -94622939 -1790725810 
-651201387 -1256594463 1969064149 1791085304 390835341 -1233564782 -1038515338 -726068369 -1932977539 1230712951 -1139532656 1028204652 -84195315 221261228 -1010296847 -812947794 -61405186 -1791721049 1342270978 313867351 1562080303 1985787844 863007380 -632281951 749164328 -954355266 -1324751364 -77946454 -1148446493 -1188894501 -267602284 -491362114 -420487543 
1413759794 -1899029974 -947265178 -537904795 -467402766 -167813638 -1418505047 62884568 -1207600522 622212044 -975782736 1902065275 334207994 1082977290 -428937775 1382581383 -467816957 2067829114 282950041 1736964547 -31973654 -1836514899 1182561952 1566881275 -1528355338 271197474 -1871691513 -437791966 540430734 -1297489155 
-1054408822 444018381 -1908273314 -1812035728 -1521099561 2012645607 -1769192609 70503809 6096335 -343156183 1056965026 836189783 1912895374 560610039 743164864 149855238 1929702058 865596153 -370372611 -1825237435 -704492049 938787673 736606694 1167538694 -2101065336 687645542 483209151 933647506 2094404993 -2044943476 -746243337 910129691 881050879 2100220890 -1359823565 
-215199318 -726598225 -921466283 381915679 2085457963 -528876243 -408617189 -1707737031 1714546655 1547494681 900487527 -2074860100 873331292 -1111011509 -1605513729 1115267863 
170184818 2050496371 1389549071 -1155750182 1812548395 -1259587719 1544639717 1493911988 -33247957 -53940971 572965716 -673315378 210769287 1269079657 1813955382 444491177 376975891 1907573905 1100795144 -1449582253 439270340 -2081292199 923315373 517587280 -717467318 -1009138328 1799785162 1210864047 
570146900 928927756 1626461946 1429411827 -738346579 -306912788 2057620558 -572345032 -890134763 -826169028 -1639142409 219222977 -554704925 464118893 -383478151 300955732 -70853845 907339704 1525627930 556768123 1941100045 1282106121 -2052423505 -2028734269 -1057582769 -1826954432 

360554657 1887346640 -1722136535 1489897399 88937563 1322938834 585784798 -1796548145 -1922212473 -747208677 245872037 1337626507 -308219345 121282218 1752749205 698693402 -1474127354 -1524880534 -1681317100 1042827480 1127783683 -1786317787 -701891411 115167846 
1072357451 -934431324 -315631874 -834088894 1496942818 384628258 -688678183 -1199422994 -438993839 -885853904 -1118893032 -1538274838 422130670 -1409490926 -1621105994 -649060843 -38999475 1810580773 995531674 41980875 475217607 972287581 -934288640 
-1357632980 -2121078563 1255294501 -1925563787 158049518 -93622107 432172641 315373433 -1538382249 687920116 133588757 60285353 -595223255 1129148212 -234304151 -2104115318 -537199 -1523669089 1654281042 374295959 243427997 -1275366136 
-1501273126 1097359920 -880950717 589467202 853286776 -1998818752 -65131385 1497314095 1554447067 1226965036 238223870 1240155620 1054550999 633825712 658347732 2089677729 307383573 -1489033815 1690897987 2043050808 -34073785 1488633667 932219402 1779583501 686948109 1214249610 -2104026806 657881987 

1443320126 -1894561429 18905864 1493002748 -1804731524 -1631088148 1505363567 -884495360 1066498074 -1359268467 -730580625 25304786 313460482 587641506 2119632676 143204867 125486807 627144558 1731464553 -1239741602 -307262210 -1572529999 -661969071 1383707326 -1783904977 56691107 -680052679 671016524 
1330837435 -1982152970 -539905852 -1687469074 -1181376551 1676204739 -1490698971 1491327950 461179434 -466951003 1777037918 1260323743 -22319978 -625557099 269969204 -1636513866 -1708913497 -2030853253 -1903136279 110892706 -198510495 -34104881 -1126490568 102351494 -128552720 126044038 
1081539182 -1610432787 617541596 874418565 -984625912 -638144553 -865085487 1703255784 58271658 -614587531 876865067 -809152811 -914812647 -2109691518 1458916221 22778682 -1763500229 -1816734571 -1183094265 732376486 674885842 -2142392422 785701602 1596909232 -2110482665 837248858 1983243986 -385239402 
-1696653640 -889232134 1694540183 1815314848 836677129 1425419321 2103290382 -1423698866 -240965443 1718334243 -257907539 2009693148 -1194797260 32841860 -1290927672 -1437113085 1217836502 -1427841438 1649723181 -697257104 1520862248 -1347774029 -765543058 1112170779 -812258402 
1371730156 1916874804 817933306 -1167619507 142885587 -833646694 775557585 724995370 143734281 -102823676 -724142872 -414341520 1268188903 -194197658 2131837749 -2015952624 -41899242 1338718108 -51737907 -1972356746 -877843653 -1324948183 1998157418 -1288046637 -1841126648 -921843390 -503247601 632920925 698702025 907542193 1599502766 -195622502 615279944 1486064398 -1645899733 -1398370999 
-1918639078 -1892665653 450857538 -464773412 -1496925355 -489425641 1407550717 -1101868467 1356381309 -570203495 -1262026959 1050124811 -1842678356 -522369719 -738580251 1872541045 1071387636 
-1804438009 1701011016 2047304470 -1664134772 1530991208 -262857685 -479666452 -605852467 -2111203963 -1811189148 -16464461 2007329497 446380650 159405656 -430857212 -950979638 1965954203 714568413 -81215911 -911498782 682422827 -377169239 1649060217 -664728075 -34244872 
674823571 625084779 -1940621455 1648770744 -490139186 -972848851 586321253 -1595945266 -1048808336 1077334717 -396009943 -411588666 1268333057 1796412274 -1464562544 1613714707 -2088409403 -831771259 -1263593920 -1396280167 -611575942 -1657414985 1160981507 316113427 -522736114 849186146 -1035883002 1297942277 607484762 606666386 -645254361 
1841126377 1178602459 1850604151 872277582 -2089714074 1524184887 418118392 -1312938464 -29160116 1454217318 -918738842 967201653 1499256048 -317753231 1584636850 -1677864452 -1774669126 890128923 -259384878 -1462626957 991700043 -426894281 1293368122 810451467 -762514326 -746548354 -2022845286 
409126247 -1925817131 42406262 -12380730 1432664436 2002132598 392956672 -1229459512 1432386702 1396714891 1599063331 892951808 631991696 1427071548 1112751778 58106321 1113392292 -1116189741 792836412 -185840300 -172238987 1277348785 2003851189 -1737155627 1958786042 
708191286 1846018155 -499469417 1674050386 -853876844 1718557870 964239452 765654088 1160025416 -1781916638 -887509500 96053168 -451589669 466998387 1248520909 -1643109036 1937980736 -1947779949 175421975 -2113423888 2136024130 -1209061196 -1345285148 -1059112759 -1444408582 -2127325659 869221867 -1652266102 99758289 1430750724 -783846386 1987641293 490411860 
1307162408 -252696339 245769562 -179051067 -1207002964 -1310380029 -114134609 -35219936 -440281299 438503166 -1257489827 1183126934 2012296499 -441784871 857563309 -1854567372 -589210652 -656977795 709051405 -825777887 909832851 645111263 -126873820 -1944420461 -1701550458 329858179 2131292468 -752018494 441713937 1846084450 -1410956949 
-2133295593 -1023195375 2048686751 1586717056 413835068 1055593767 -968363154 1556058706 -1672960929 -1789510035 1167375206 -1080273392 -1438767148 -228651408 1937660958 3633775 -1556761465 2012819186 743713333 -1053604989 1744788427 -1388743361 -1200786355 44146689 
1535651650 -1326363967 311120814 1335366248 859133249 1774971427 916030610 243568207 456956317 1417091942 -1128039963 -1281351322 885771828 -1740446328 -657357337 -1839670570 912150099 -934930109 640548553 1030226621 
1287775791 1119830399 1226345575 1070476990 1782590232 -699077868 614620549 -783037389 845928253 357110735 777723764 2042050721 829302176 770129820 
-1286263923 1017113004 782377610 -441622093 -778421488 1744829221 554737555 1579933945 -1802378630 -586900894 -1573371170 127472876 1433810792 860808015 230456594 -908525534 -100578100 1429067335 -1135334184 830654293 1581477170 -1137444637 
-1159117044 -814204963 -1975072386 -1106658015 -578709355 -147465371 -468527899 -66629087 1166519186 1716839610 1778306624 53471560 630887588 -418341541 -346537641 534339764 1332899480 -1136752575 -446202667 -555552218 -1814109757 658966694 202936609 1477865795 
783509068 -191811113 -146888474 946780130 -237669043 146632722 46766916 1237319182 148312696 87409140 815692684 2112156786 2060480237 1699431382 21884607 140345630 -808946475 -762534848 1961011483 -260378549 -751889223 -948324676 431378659 -2113475282 
-1964057222 393495511 -1813980854 -1056361363 1807131287 1242488303 -407674631 1361733210 881367563 1524485846 201172453 1215294446 -560151852 -705152633 -1864333847 -101715602 -1199859398 815904932 619206302 -1646121592 756874913 -446281285 1330840575 -1285785329 1326869695 1200011541 587710816 1264143564 95665790 

992665707 -48828842 -23698936 -2089059810 1387037121 -1964920502 -424461580 1683529108 229439186 -2105306954 2028852483 -1297024237 -1328767350 1258752849 -465749323 -279852879 -50127837 -1668142993 -2020981040 -1248944164 -805084264 709828897 229437517 1820011839 
-871927642 731900051 -1243604863 -1258035788 -1324144991 124484056 -1496675973 -1944435012 1014391266 507914280 -498119112 -579808766 -1722612401 1310625465 1867309883 261740253 -1637195375 389172789 -1634870720 -1022702147 -155435262 
-2053153606 1605020350 63356238 -1681457277 539450432 2076180168 -829969723 -1245221630 49530102 887217332 1600644388 -2006659778 395551861 1415537402 -158764271 -854879220 -1723096366 -1653093298 -666117433 135291489 157546771 139769594 1602490594 -1898858279 -1717110834 540269465 707106629 732868813 1325328160 -1981554562 957842698 1695421668 -1840230142 -1554595300 1540510843 1058532849 630293852 -1940996907 1427651508 -126772606 100068535 -783268803 -924641335 
1635505985 1696092959 -1622245525 -2118114008 1736805045 -1049583935 1983211584 -696032951 -1436473119 634248010 80174714 -1514052569 520285090 -1905303191 1467596400 1142367419 227669590 1827203099 408379347 -97123584 416824227 -1061991408 -173251072 -114690749 1753667505 1825884274 -1297950346 -2086299602 
-1014028078 -2105321800 507276766 193586738 606316447 -2142408494 -1937724668 412820098 -1744544545 -730392479 830820328 2041003882 -1646857935 -888592677 1214751403 -645552544 1872962470 -337949353 -2019165762 -1097607933 460240010 1440357248 1925176779 -86210183 26714813 
-96800459 1826931528 -163868304 1697891551 -1888344587 2079936001 667077255 -1985446843 1876405506 -996046673 -1045401855 1109315176 1446092103 1770678040 -1868422244 2141913026 2048546115 -2145873647 2091080126 -96992805 313311352 -1120429699 -294082939 1925394417 -699986330 -1132988777 -1637543831 -1284243024 -170885452 -599318868 
1624415513 -1881018697 268272481 -1979082861 1376235949 -174080238 550571772 310488218 296406975 389229070 -363822405 343126257 1786504057 -500341951 1481413037 656615852 -139785244 141441933 25032905 575791757 -658286426 
-1259034951 -414488870 1545396462 -460919945 -1707474127 -1433271851 -1465323364 -1282247167 -214465628 -2113393523 -1706355297 1248527804 -1525185804 -1249992234 2096555875 -1325701048 1182714620 1269420084 2139107163 -927310463 109329070 -42826411 115460426 -1409505995 
1629424401 -1655086602 -41433770 -1651235161 625390588 -1569182203 818363197 1896633388 1920539218 -799184559 998427381 -1898188354 739706920 1588097672 -1129440883 -1778678027 -1589160758 405111639 1967108359 -1161952176 1142271437 -1468440400 -1856170224 
-1832228621 -1165362600 1819246261 -1502628862 82442507 348248893 989077440 -1986544481 -1438118443 -1008410180 -1628420014 -371458619 -2097284275 325234714 735805168 -842793720 1922497128 1753205936 -81071047 -1761850277 1608248387 -1206660709 -284316743 
-965053483 -151917966 1203507760 979312871 1385247536 719522623 -2098708123 -2052433997 1153633660 2101933586 89222133 683257655 2032387896 1833444539 -673874098 -1631074292 -1828703326 
-208502745 -1700556949 338734960 -2071146395 -1392144837 475549816 -1631522950 -1077222835 -370562739 -782045156 11909514 1340470123 -1172446677 772159055 1499846592 -1707018959 -942442182 -3479970 -1465397551 1736828252 1076560343 1031541536 -895910156 -2054689928 -1673145535 386803286 -2085698982 -454393810 460524255 
1432214725 1076235516 2139545181 -2125877773 -725276263 1768632084 -1330483234 -570552827 1498902977 919728780 1964515901 223490645 1886322047 -391951126 1728575555 1181079523 357715140 -1543497875 1144414133 -1247545687 1851225817 383285107 -2061486501 660213300 156278073 
-2073804514 -1696243358 1449425806 1500794856 1869475160 -122763478 1678949040 -90116063 1335306243 937046955 1311640726 101411068 1422629028 -1536028766 858461982 -144986319 1603442153 -266122406 -1136650583 -1489749788 -383333128 -281523013 -828480441 1700558387 
1918930219 1129545044 2041004907 1904602032 1071270451 -50283190 350331345 -366339034 730307897 905015235 1459023353 -1115361222 1534647595 -1004932108 1683169428 1971196318 -503475085 -1607619479 

23945319 -1667137224 134418319 -899670162 662342857 2086561003 380310242 488719872 -1281473836 -1680273237 1676354624 -117679901 500376559 2130401867 -1496694452 1293341583 2130406268 -11729035 -707742041 -1622660367 1780128347 1204000452 749331726 731931283 
-1932025497 442517914 1075712549 1874207382 -732040722 -295716011 144668706 -797209489 784103602 -2010242750 2129766429 -69066105 2067704693 -1920414245 993158728 277242697 -148019199 -261362007 -1610814509 -148155371 1697283102 -957748511 -1865855748 440857173 1563589400 
-1257769362 -817675991 1366913983 -8445601 -1535061141 -1637554873 1472663595 -1639719711 1561817586 -1495081691 235934392 -1630226653 590197612 -1238289043 -1782121825 -1418651046 -773487560 1800466953 -1802443767 -2132276182 -1234844389 1240971832 -1366790811 
-270683200 -1959452160 -1061915337 479198080 -1512072072 1631146535 683445176 -1129039032 -1477667447 -1744279399 -1857566576 -1101294462 333752440 -1793036971 -1542462241 689745728 1370831836 159292835 804063070 -1512499665 -1119172490 -482405045 -253830325 -1134681682 2023508204 

-1516544231 1029540126 -560325944 1321176330 -1324090702 114093892 1000371582 -1087839546 -267831479 
2040511467 847956291 -1606645263 -1916601986 -664798676 -33884171 -1821253581 -2027375567 1990999292 -1629773079 1622543650 2037227594 -41312504 1446820772 1807491238 -1946230101 342701499 -183948374 -641765756 1816932199 -782851175 -1558450893 -1037832180 1272246399 -914275985 1478678547 1436575001 -1351090698 -1831857331 1443693964 1198280375 -1432711371 -9667412 1756613551 -946590922 630889125 1347844250 1195719025 -296959431 -581073158 874566588 468649738 -752001760 1978836451 1140997954 1000944411 -2116460205 -597126061 
638104736 1828780186 890737218 677416485 -825055604 -1750452287 1927100794 -1797583189 184364024 1370042360 -592307369 627958633 1874194339 -665586119 1765988873 1238078207 -1244521227 -1652768829 -1153681734 -1182782674 -357311872 -1844631225 -270298158 -985128234 -1721633038 -915073384 1787696145 782907194 1405445319 1657563702 1113092103 -238758946 -884766512 -408169323 1385703493 1288511317 -668802499 2076425566 -576306440 885776913 -2087483499 1701203972 -501046237 -1812219664 -267157351 616864948 -169931876 1811992877 444314779 -1613566817 -997777708 -783157581 445045475 -505499298 1544733766 -1110939892 
794964135 -1172738447 -1151401682 -1028522470 1661216513 -1308942166 -1322686894 -2027429150 2028628002 -1784572333 -396371755 -635834443 -1179158842 863382098 -75475325 -1867688155 -1204700686 1202767203 -522184068 -712818640 -1800901126 1509531228 -698024114 1551025427 1827804114 -373203136 -641839399 -864130678 1751335818 -954618165 2076630833 -812739401 863267011 741721871 -1750840224 -1996728230 1168051531 -982092914 -642066980 -1316813848 679267226 -1521953756 -1797183184 
