-2057958699 760180514 2007219554 -1268227738 1138541696 -389671650 973400125 1406007296 -2113110180 -92960679 
266260300 -2092337091 246896896 -1644117754 828778327 -686973460 -198513631 1845704386 1534639624 -1972190482 1740780756 
477289955 1175681704 1692730545 2042994756 1557497010 1512498246 -988806984 -2059735147 669048147 1525033051 2111319216 -464649599 -1052346424 -2067832548 -2028405506 -1792637324 -1964365569 1526576098 235000256 -1031111676 -170762345 1156593534 
1903994951 -1377662080 -569975324 -1064617314 1704031471 1263097069 2089591184 1662726424 1081384606 646564591 1459210178 -184356447 874386089 1871696366 1073600543 -2081853217 -2094424175 -2012314621 2096178236 1801813779 513272895 826809949 1933906565 -1352186266 



1192534251 -1037291872 718215782 -107774494 -152915468 967796582 1486263577 -2084847962 -456822884 -778895931 1045767520 -505601253 -1285358352 285671516 1047642066 634183534 1727575344 -1896960339 -1339356629 843049467 67645419 1196017924 -181893653 979574372 
2015923644 -257217664 -1778574942 -1694225561 -912435809 1407722087 -678303409 849209700 1577077978 -1550285687 -1121339286 -1565724093 -1016405951 -255028838 1124210466 -20242421 1298037827 -2133820946 565840670 694934856 2121472521 992674831 65099159 -889996542 1288587879 
293596075 -2103548123 -2104833876 -254578618 -220441779 -847455022 -1062245598 -291296452 58025545 -1184277940 108933174 856983277 -951531900 1290441245 -367956461 1730153755 731346749 1224940182 -460277562 2020805199 -1088244862 -937796729 
968897346 -430681605 1973723322 -871441308 660319597 -1100234272 1853104606 -2089921742 1821012729 -1466378065 -354497084 -1996701013 1400686523 -1424773379 -591361360 1500835188 -250942415 -472472283 -880526216 1996641026 -1002655851 -1190682050 -1287811208 161338083 1110268897 

-1828638659 -1858595578 1819455800 -300478210 519859278 -1989942579 -1006339043 698790815 611264370 -1833137476 70362281 -78174968 -667304922 -329569533 1638519811 800200839 989466971 -341790742 87724774 -885408625 -762713307 201460845 -1984474153 363142196 84975786 1019440256 
-1133099866 944245110 -1922516108 -829096091 -1113232459 -1725115890 673468130 -724658780 -967293160 -1361311155 1702532519 1781899745 -413198954 -431589405 -501427169 -771026088 989810222 -1996417055 1586942363 -1982542550 -1917003567 
239356544 -843330563 -651092261 215057562 1495425453 2112805914 1900067958 1156661286 -1837987723 -1441156581 253057363 -1362151617 1228540484 -1390683325 -1973789751 1237336529 -1859353104 -1599666915 492195679 -988421028 -126778052 -1373792175 1135790972 2006733801 1819622025 -933562936 745188849 -1219652622 -848914447 -543960977 
789805421 -217932304 -781898987 268049390 -407650592 2046460428 -2021244980 1874622614 -592253135 -223319590 -536948188 1285489329 -764081985 -923987292 -164651259 604044878 102232122 193746902 -751010352 -454143986 1859369447 1514797159 546374844 169610996 971876696 1146885577 
-244784828 1956693546 -96509989 1189418023 -714015712 1059218512 1615445347 -6141310 -1122672217 -817020440 -857318631 31982764 -1907003054 2012761082 489116264 2067606099 1463716416 -56855845 -1139268927 -1090544103 -843384465 503187101 1293477715 1050712748 -1015910949 592464368 968262575 327766781 -1538398066 -1577263916 -1770920185 
1371908927 1191791965 -607565578 1293476633 -193257148 -715660495 513749051 1332464212 -2144774335 1824789647 234079494 -335348501 -268460557 651368415 -2097328646 -939058253 1014265649 1314998929 1371969563 -1399787479 -1493148731 -975855406 1158207343 1554721987 -223916124 -1510244694 -994162509 1127967616 404293496 1279746321 182546532 -1798927936 -1209920525 
-784185851 1778203000 -1034638350 1118569118 -518832157 -782511405 -151915954 1344604589 1625353772 1979467155 446801163 101994319 541512959 -716845012 710389800 1939977980 111391716 1509212853 -286233555 -433275705 -187538278 -332314488 1935783001 376930742 -1255250909 -26289186 1724799264 -1951896222 1373260104 147833327 -1745876682 922078799 -1940539707 
1604121190 1321184933 1811202580 -976413457 1579737930 -1113961564 1606219157 -1116854624 -1452302133 2124059790 27291367 900679347 -197797971 -490926173 -1671888540 -350133432 76216245 820515685 1669327470 -1420873592 -2018824393 693521758 405771875 -1466086747 -2138590724 -1335076138 -703904345 
89344336 1039933287 1223834399 14349481 -1540520358 -349531499 -2093445554 665666162 -2074875675 232777677 590006767 -1907584190 -1181587156 -277150492 82324600 1174381967 -1535925722 -1142650755 -1535416966 1146161103 -1599666252 -1964779532 871117145 2133656767 1864853837 -237486082 -781476197 -1706108929 757595722 -1043873741 1342546921 1341369456 1965084891 1192445493 508714539 928724573 481140402 -2144080680 -900622759 
1946304073 -326343010 116212931 -164409132 -637688466 1076560635 -1097225110 -242685596 732488787 68556161 568772943 -1552325062 -734205064 1719944731 1438305791 -1219126775 1327027222 1466274804 -44949494 -1550889661 -1110464337 -837965992 1748055476 
-438336815 -726926154 -1778053229 -997949728 -862387017 -1618358106 184936280 -348362673 519223761 -454088617 -639407890 1977248349 -1831881090 1684127752 1096656733 -1547759043 140608677 1953005582 -555398524 622382558 692201012 -844720525 1214106076 
-543816373 461626867 -1605103246 1228243109 -738949388 805026626 -2126405103 -822147549 1320378076 -1477017778 -1194268470 1816652945 -791971816 534000914 169715721 -536589959 -1566089286 -1141142017 -130515100 -1866448910 

-1026045644 -1435920928 -871573685 891980734 109113395 -820070718 1687823051 -1951465814 1785211306 -754511388 -37203454 -1593882401 338705517 1040123004 1033196869 -1781116535 -1561918947 -1686480718 -1260170442 1999660775 -1479227690 -530571813 
-1509190512 -1243007651 1673159284 -1105638790 -255122876 1130810996 -727605926 1155871515 -295349945 -1124707937 1413916936 343570798 1529783136 1325305517 1245785106 1746367827 23248462 -932090931 111026076 -123598376 627514158 1848477292 -1394410494 
244965812 -88939444 2039239624 329725268 614817921 62678159 1298894163 -1117968138 1152202710 -607435848 -1781377046 583259949 1392976503 -929151991 2975047 -1307852598 -412835669 -1464220334 -1858638499 1581470451 676193468 -1959972752 -498801711 
-866657151 -2043754235 -202729864 -1777482860 -181853438 -1130936548 -1783855373 -176673425 168852161 1569974669 85784273 -74237956 303204066 1915354845 -1850242361 -987643983 -855668639 -1504994934 1426048365 -1073179488 507830092 -1538791895 -1990947070 -2115239883 1986277735 

-166967502 204509732 -2021294751 1060045470 532880075 1564377649 2012831826 1060981031 -105514293 -1852356377 -721820103 -1142464520 1159159961 1107336857 973864741 160278578 1656433789 -111700432 -1357918969 1601205464 705307318 -1363366459 -595731003 -2113664735 2078827856 1389563157 -1495337274 -70323916 252909916 -373869752 1662822507 -1397692519 2079211573 1769311616 1118097933 -382080821 51341578 134397182 356147666 
-491519222 1447978983 -1991912099 586315281 -1141885749 -1644073905 -958128884 -1014712065 1510744763 2106480110 1031049180 -721271706 1920756344 1373557694 516591784 729163206 -1947073758 -1009664095 -865894606 690502331 225581436 -290470548 -789253361 
-1938723890 829002970 1228823489 1776228132 277742052 -655545905 -1652560676 2048785609 853191380 418560221 835417463 -1249610329 2041371714 -1352754806 -1008419285 -439728675 901723613 -880526557 -1369522746 546149241 1597506101 611307722 
-132522731 1997624529 -471956202 -767947203 -1084691374 1132315307 1097402243 -704202402 1811295773 2096895602 1697009603 1902226198 -118225194 23627915 -1914712629 414506532 -79981738 835882025 -437017782 -657565295 2081742498 -1815297494 243875841 -736426661 1476601789 
-168628305 967521676 480181866 1215453359 1061037872 1413336928 -1425281138 -1505237307 269216978 1115308475 -991961145 120878507 2119628544 906594649 2054665924 902962126 -573276390 -1806480521 1706185818 1869368687 -441703154 -363775586 -781578861 -268084271 
-375731133 -1183374456 2095316673 1879596618 -524435640 -213602547 1134900855 2102581739 -901480113 924679921 -987751154 1562764741 -1390571209 340883555 1604584465 475170856 211450511 -250720105 1243904780 2028067421 -1505341340 -897059797 -1609804119 -1564166160 -1510365728 -750875551 -861643560 1376505991 165465863 1310963356 -404966157 654182016 -1715266068 
-1195272762 1875048099 -1654921921 -648702532 -139805937 -136410560 1585473720 -1943663999 1604446459 1028653191 1611563453 1664680633 -11251025 -752398177 -725461591 -165917614 -646771524 -919598598 2097673030 1266653689 -240513289 934438589 -1150913572 -1883994076 1353585211 530206372 -136247564 -1614784229 -527121705 660457881 
996556389 1325665699 724289937 890686888 -1954578481 -1590961588 1279785425 -53232271 -588195908 190388767 -1974643294 1113973899 -2078526419 1938653135 -71510491 -1356136179 -771711214 1837732249 -374975581 -776214069 651728578 -842218718 -2135985671 -1236788331 -1377218874 1467344586 624562158 -973445795 1397083745 497646061 -279948830 2034842636 1516278574 1444681793 -2137178896 
1339109643 1971281737 1303089809 1713087688 1334248970 -389848353 47438680 1620019567 -1745778578 1371238651 -2122204043 1586018301 -470533606 882485200 1905111063 1222484797 
-524504104 -1401765732 -1438110666 1669564578 971388737 714768579 -349186304 1486783950 85497982 1417791665 -915298339 -1226671727 -1450190655 -307000294 1013581101 -283258211 -2058083438 -1629102850 374137361 -1555453378 -373685418 30666597 -761591510 1543862712 -968520088 -168331253 -10455980 -1271990963 
-1551756650 444503564 -1180620875 2107103869 -1039390202 -1203458274 773220356 -772833567 472499972 694474416 1320165857 -133324905 757107047 1164724787 1215503382 1277796685 943818451 -812945383 629571429 1097338685 -40125853 -1046645467 701460981 818736797 2058871301 1639743776 

781970000 357238698 1440815106 -895736323 -1328409361 -359537370 -1449684680 1195866372 -1507628801 78608920 252923991 325948579 237014882 97263711 1904107555 -1739436477 -1258670931 -1115587160 -2097179470 -1643240902 -1266479590 650670982 -1206457840 -2026073504 
-169981092 1450887344 -1066904602 349356236 -1468787940 -1322720750 1293886081 1322759347 1116107332 1674379507 131740369 -1755851819 -229186651 1542523347 1355133877 360007844 1165303822 -647201034 1249137193 689960531 1674435466 -231457656 -177723838 
1930322636 1319169987 -938584197 1733212165 -767298302 -1242864831 -862463205 972808036 251987003 -766746177 -768893629 258503034 1825999357 1127682310 605809700 -643047565 407005019 -895017879 -828675560 -1958249761 199078062 1170280606 
987447168 -193632119 817094639 -300814619 1855342666 414490618 -486318871 -1900152203 2075534234 -473069786 -1016592817 1293997338 -449558952 977062460 -1738549443 577040510 504958836 1167649472 -1563503601 1957933539 2126016410 493018327 -201343888 651125 -1890515255 -2029947654 987624065 -1581194505 

-834980570 799692195 -217611919 -1548843485 -551516302 535928668 -1726227579 -307585257 -1736051932 367440122 1586924725 2072178314 -1316609823 1061252553 181626711 -1690699431 -349074341 2088253846 684434892 -1592699224 -1008239350 -555890447 401728496 -711373815 -547765806 -1570738030 -57846612 -1559391247 
-401469239 376760157 793903953 1139242553 1601715876 341360507 -1627938661 302188257 1942239617 175186872 1869934195 -851509308 -398983362 -933989186 -74361879 -816124982 -2018499349 72174515 -1796461433 -901113838 -1537977099 -1390859982 -156578998 -747307181 1026221168 411764843 
1039534781 -1430372206 1943316938 -858360383 1804111425 1020015824 -1107711218 1037468034 1628356385 -967244747 1731691501 1424459074 238755887 -10341118 -2047932648 -534721969 175609646 -1439173815 -144808776 807984403 1128711243 2028645858 -1840650741 -910492906 855073844 -1264162995 -884158339 1686863481 
1635548591 -2089737479 252263483 -1279514600 -933952012 985259957 755805731 265299678 1017559020 1567840503 648361869 -298046755 -833713448 -1000845245 1732841054 -1298916329 1240180157 -475431315 -186601324 1479366896 -720426919 612469741 628273208 1947866021 688322857 
636947442 1101327642 1306445875 -530219903 1425386246 -1736485905 746112001 -541237615 1446899818 -1793539452 1282518337 1094470422 93540650 -1835674435 1310267663 -1624556814 1829629729 1785119284 -942986491 -786934866 -1056518624 70897484 984528072 2094101421 -1519771529 -1025345755 399344025 1973158613 1638192948 1170737317 722702622 595671286 505376202 528511259 1893826076 -799784633 
1384801865 1616251202 -1800258334 579460181 -2073799068 -221114526 -1826947879 -2058390654 -1034157872 424061902 -496559411 734645673 -1463937647 -235453959 981610684 -1857985112 2118014419 
-601504874 1778655338 1132827581 1147357002 1194897278 1649142587 -1103802846 -1528698205 -1097012929 -1025509997 -1624901528 43472744 -1925477771 470435502 1678831540 -1027835434 -1030536864 85649453 -1304429313 381159255 -1509826808 320895213 1214894398 835282583 717903907 
75769222 -1282926154 1157059645 -181901567 -737969241 -1620093730 -932479553 780796145 1296567006 -1248618485 1224459586 1091898439 -1777255755 -437581539 -62256364 -1725071577 -2083324813 1233702508 -220152200 -2096693230 -1777806175 -1969612612 -1622965489 -358398766 -862882514 -2078187064 676434536 976958111 107841796 593537228 1171192240 
1580363018 192434014 664800101 884512072 1788250470 979283766 958019232 929516646 -719940569 511615501 -1482968576 2025609952 1267233076 -156369630 -1962394153 -2099672065 46484456 -1317817936 -1245553631 -1769608569 -803773872 -1002489732 153210295 1905304357 1626234830 -321241792 150300761 
-1383564809 -1656130631 -1241876830 -1429921630 507007040 1636367956 213122563 442609219 365294060 -1201998205 1406850641 -1248955772 1683061673 226524086 -546901423 -1502293880 1338619092 846537874 1139059245 -28000831 -1215180844 -1093565518 1210473778 -640512555 -1949073917 
1540820168 -653518814 747591629 -1289185601 -315960118 596201922 883621282 1072490512 -1801311999 -413765387 245779791 1514349401 342015838 1480180606 1494555608 -1042086761 -1514304016 465600818 -1678838371 342510121 -1806446311 1894034668 726561079 -1084351627 -1467969524 -1649156741 1465332246 1771257272 166904441 -673819001 -452834950 -1148038402 -401079614 
-283869800 1677821403 1660785446 162467792 -1343452907 -17126312 1866595838 -740871685 -684606129 -1017970378 1060710717 1399899959 1372091666 517780786 84708262 233247708 -1541161032 -499724210 -655585109 -1866092147 -1486215744 -1999455311 -1320951141 -570067084 895476966 -778610500 -1187551588 1846492229 -73382395 -280637645 297908895 
-733596468 294505866 1146125923 1338611019 1740855136 1442142832 -586631580 393712685 872983616 1088911238 -1290000093 873086499 -183320197 654635330 1620502125 -122503094 -745336923 -995230334 -717502757 -1545096680 -779734840 -597526892 289961990 -800125704 
2030423687 1266495223 -220223418 -1372918436 124030419 -293863774 27148898 458307715 1637430817 830995554 1955583845 -1754794286 83103397 505609671 -1274611374 1000630056 -1940460647 -217596881 2031514255 300301308 
1994974841 -492534307 -1312799530 -2081218496 -1782469379 -160951771 699383257 -770068011 -627937170 2090559488 -172678314 366446008 1847384138 -84276258 
-92302066 -494436394 -1164318853 -1125740935 -142857192 148554424 -129603070 -2009631924 59798353 -617627578 1365480590 1382828408 -992543872 -436208867 -1420516836 1893834416 618429296 -908644945 -597303688 1553362963 1112903130 -2133688077 
-1519779385 -595296510 -1239212597 701045664 1141284060 330271484 1576978116 -1674383090 980496538 1361627208 428693092 -1024600036 -606996310 -1819532552 -1189018287 -1772318572 -307033901 -432075810 -1503479460 -1454528729 -417573297 942268656 279700500 -1931688318 
-243746148 554508676 122733721 -547679209 1046534972 -2027001007 1974833775 108460120 -1137975383 -97979376 1443278627 1319047841 -370163698 1416630209 974000413 909045930 -22640102 852077912 -198696094 -476059581 -960689581 -1426963296 1325498810 1475557194 
1269166703 1878657107 1608014600 -1692550710 1382200619 117445039 -1230211815 2090987483 210788884 -1997191394 140485660 939400822 -1951948099 -1722929528 -1836879087 1482822593 -201213887 356041037 1974312567 713119733 1830692544 -1639005223 1274048891 1267393599 -87027859 -1911236432 -340124743 -358968694 -408234524 

1344371526 1311210489 -342648839 410641821 1187395185 285637235 -1467627373 1795628204 -1664557510 -896197442 -960134669 1412498585 358735965 96559954 -1074496011 -91195598 -1785743769 193479869 -89483005 2146633114 -971069508 -951091215 -882105723 -2064192804 
2143837132 -352721029 2054285546 -345901567 1506051841 -1304808675 -1901078277 -1248032063 -1974488212 496234111 -1882925021 -1605420328 -1622296832 1925682448 810496348 -1095238204 1853748609 609871893 902194550 1193957199 -268309480 
-1162068097 1672774061 -1416886580 -1368443250 -510310239 1798745348 -1513768664 -1265187659 -1593164762 910979878 -1572454085 -1244781435 -1636581 2113215174 -953948459 -518080629 -1502723019 731959627 492239464 -578161704 -1801393704 -1621450011 1061045731 -992923152 -130186641 897638366 -1940663513 908246774 -1463245252 -970575078 -1443345643 1643457195 -1327093290 -560952643 -55076808 125116295 -1637481593 -672799 2024850556 24689363 -2082195550 -1361465392 1662085972 
674240293 -1174464283 -645573944 1579333204 -587232118 2032996219 1798808076 -579572994 -1436649093 1919139826 1915669387 747171358 -1989030251 441690260 1371093255 -801434510 -575775567 -1960143437 610503146 -969591163 1129737721 -1176033112 -565110853 242158887 1398799677 1753348855 1780128225 -720521030 
1568781794 1271798425 -193997447 1466473655 1661399017 2100697136 -915590632 1503822255 -639435741 -1684000142 -2090757763 1400286348 -1434010803 772719783 584811114 -959643999 -1552218058 -1941920540 -595038215 -509463738 653629836 132564214 -1342981075 1259045971 -138059634 
1916473511 -70348708 -119628827 -816929452 -1340151016 1582655617 487261685 1293818162 -2002445775 -202796021 -1757869912 220076025 -1991339767 -129280941 487636121 1794046901 -158973591 -1991710493 970521558 177299846 -1605138333 -1183490534 -516556372 2007824773 -653752517 -943056352 551798611 -1869280008 404999534 -2093159097 
1319631739 2012268062 1291033435 143373502 848635538 451548853 -184371778 -502425971 912113333 422840238 -2144030158 1853493313 -1457582231 -614618111 -637815293 2039214659 133561550 -1443003095 1786028531 1500451598 -685621039 
-1601418183 96778734 994386732 -1850791895 -796522291 -369179865 -1325435941 919748493 -136651432 -1637223403 9448882 -257182675 -400543546 -1468374298 827267652 -1474955296 1838122846 627394331 -1113856278 1223941115 -320023376 1496894327 361173040 976738153 
-2127265450 -1073521620 -1998368477 -1729615224 -2069472553 -1726370961 -1798927911 502713404 -1079084306 -633852932 528620666 1416984 42806986 -163037563 -1482074437 1695163154 2008086618 -1941626112 1680030237 496888632 1002326445 1817376717 1975360071 
74113500 -1468374278 366136418 -1820036078 -1096414999 -1602261441 -278943225 -1685913970 653507448 503458926 -1285555224 -1899533154 -243495172 1447653299 2004782728 852286025 1042968929 688016736 220780226 -1458849740 -1234557631 -40128193 1532832071 
681709969 1732514126 75958622 -2132348888 -620046320 -211925690 1709346983 -1344494153 -185337543 -1430891962 -974237528 -1844605198 481340401 65650141 -1325779864 -800321856 969321917 
1424493302 -1484729889 -563955224 -370538501 993622560 1327000952 692672798 681879069 651338994 -1727063133 253280707 -1524376891 -234667131 -886605574 -561304764 -831015465 1705415810 1161585970 1623758200 -1623949519 1184267170 -1763997016 -367736448 -1893648618 -523949104 627119510 -2031093989 162094934 -1987893532 
-452137523 -510200298 728475771 -576643559 -785419521 -506111248 -38609436 1837678911 673256262 -1526785702 -1523606718 2035824429 1921232001 938687451 254323635 1975479651 -108212302 -680045234 918925647 2014854731 688521781 1716308051 -1738510173 -919812977 112766489 
710447375 1545615728 -1432303396 883210547 -984708527 147885416 -2026421239 517134200 802284686 -1658448386 175389551 -256136058 1377585590 96030845 -190230341 -1537794632 -1589268621 1646826506 1837732900 98555581 107915147 424589022 1563861487 1951946617 
-1012925183 -1668336961 982624128 -1167278513 727852669 35381251 1370841827 -858497974 -634973773 1997678707 -685696214 -166623748 -572911180 1906029838 -8533841 -627269607 1720232520 -1843495399 

-1588474466 1600899963 1834522006 775866952 -1180600969 1587419409 1260768869 -1975687360 648850462 -165764333 -1200721826 442154268 1894570158 1234261855 -1025576698 -1483149052 -227581883 -1357976224 740605166 -1766141957 -1008396982 1147005087 -2015150856 -1627902500 
-1115777841 -475019234 -1778295378 349013620 -2077012452 -625309183 1900255294 1036792164 43459108 -662116352 -1970675844 1906863221 187734468 1691594328 1162685834 -1272381937 -107942029 979397321 -1134206702 -530845551 2072227699 -603759884 2095805420 -255642252 -993778165 
884130866 1115704828 -1085150650 436381312 2112075935 982901720 743275596 736366758 -1352515059 1976783686 -1313859536 1011549107 -2142889600 -980858268 1389297999 -1746882771 1422444048 -1045398962 -1158078687 -406741610 534338769 1884309759 1926063588 
597770758 1016376753 2075603396 -395980173 535594884 42505075 -270788699 -1151090666 2108329229 2065438568 -1697498875 1219555915 257510778 1037892180 -827337973 -610181012 117515439 1611645290 -287233078 -1873882809 -1434387648 1357671736 -706687850 -959884670 333171110 

-491271449 1290760951 -850679062 677147243 144611971 -68374687 -95569297 1928739160 -1792802093 
-31793914 -79023844 -1332049437 -1806468619 -1482111296 1671440090 1754739587 2063231239 -1584687518 492589645 -341153670 137624604 -607410138 -315538482 446410599 1271744563 -1675615210 -1062177957 -1257501008 699925721 768835708 -1959128522 51965147 -64805118 581851271 1884079390 211321656 -1440025095 1095405815 1512579737 1600634641 -476420350 -436442334 -1353501502 -2018198081 -499576452 -559095688 29839005 -1179984280 2043876431 1775439270 -2071503574 -274741649 -1194338458 -1552943161 427992861 -1692255046 1862804070 
449551720 2131822316 1850718681 -1629826834 -1225834524 -1151933212 769490381 -662524777 1220243984 1639240942 -1483842364 1890038073 -432062281 -867177623 345984082 1146152407 1172251815 1325220157 1615314671 -1661286022 120142783 -1028927476 134491388 -890572754 220656924 1712200898 -499302359 689876942 -1999566727 -620951671 -667037961 -1599097248 -62448092 1025237992 512647917 142101705 -1496831895 -1092235440 1257630886 1013114884 1617796206 -1950213107 -1379287037 -982892993 -913385532 -1723374667 -316017580 -484982062 -826319716 -1531889343 813173959 -1466918968 1036382066 1962797308 1494340567 1295041289 
-2080427187 326077621 1062411810 1654625907 -1852618012 -1937505959 -1604067169 593472948 1358980468 -802826444 245048156 -1133557079 -1778714790 -501771668 -2088257990 1171206915 -339321299 11714335 607907216 -134358061 942557435 289011832 -561367101 719363548 -680225107 729693466 78900241 1551023294 622098932 -878357091 1021612325 640078728 2003794080 365390491 -2031103720 -563309770 1871506568 -586065835 -714571063 327802801 1280390067 1147589554 -1819551498 
