-1662259434 1461861855 2003734782 1916531040 2138741084 1437448709 387974664 409057952 1821707728 1805063651 
104393880 -1919393525 -1471174038 1528249365 1171268049 -2132142187 -1124381736 1744308459 -205856998 1368016492 -508436143 
2073742964 1112733088 1305282217 -68224411 1686282308 1355105035 1551018351 -1602887992 -1216344735 453707594 -1345789674 -1895196991 1162767056 -648203287 -856121294 1168299559 -1841313996 1042415672 1793383982 -1390964689 -1817326291 1934066523 
-1568963761 685305059 161138835 -319288632 -2121295759 -1078205915 -814678660 -875537398 544749469 -889585101 1046991057 -864029786 -317876518 -454109925 1409649279 -1707028957 1919625028 1624729244 1890762991 -1122318784 -1352576552 -1170576612 -1297340525 -2001425270 



888752048 1541765646 -905479031 616836617 639066847 903268714 -1874965577 -1992149672 -1737911765 -1791439731 838959826 -1633542940 1218462598 -200837401 -1438706522 1772477613 -2017871063 1162656999 310088800 -1823908699 1747049653 157072510 -1540396381 -874229476 
-1630064311 22521208 -2114464105 -1790369033 434834377 481978021 -1553896249 1184127593 -1043894253 -1926444918 -1004799667 2110786658 821231052 1178995405 -1933359222 1405282906 -708261094 1861189713 1901748880 763070976 235800717 -224464718 -312664841 -509401324 1958104388 
-669492469 -534611965 -2052773355 432195949 -738101011 863686271 -864259391 1916278452 -1517338733 -1691176395 -1497484337 -303518457 -1120398400 -474207448 1166606203 -1316303554 -287585952 -907702413 -1064520987 -1871022651 477887883 -494561932 
783649339 434623397 -626084021 1888742211 -916736730 608609007 -1364779780 -1081433904 -1082767667 1859662060 893726903 1483152546 1097864900 -1620602027 -312871768 778927783 1528866859 1895589500 -1821819365 1060343308 -1068174993 1789749507 -1393116767 2091660063 1568566454 

-216862956 -1559201889 -1455983472 1775290963 1214497266 1502887886 -497643912 -964058077 2118634825 -1462019671 1339443211 -1869231920 -2078449367 1145711024 4594514 444960323 -1206466573 267868321 -1314128335 -1124129591 946836437 2088315582 -1143819350 2145725908 -79022021 1613042845 
-1181681206 107838868 1791446965 -1024445135 -314767004 548531417 2095139609 -471493898 -882239696 773092959 -658363536 1058121881 55162887 426015813 -454670747 -955264032 -958582082 843788565 -1783272146 -1067834068 -741948636 
-882797550 2055222878 2085676224 -1186605965 565313089 38558044 -2132129138 1307899344 1032642118 -506909935 -967271047 159534202 -843132604 996736582 -1879636506 -1458561724 1369694919 -248286526 -676007285 -512433863 -1669119003 -659546773 1161841293 -160490023 -111988897 1401373288 -1700925447 2052191187 566048991 -1234470851 
1626507560 -1275681234 1110911774 -2101101171 1479785686 -1173004373 1468321200 -1851019067 -980243597 416814764 71010092 661402287 -1527645442 1102661904 1193874239 1892932155 198724177 1540790613 973744037 252494985 -1369885093 -1526172540 -1290900898 771305457 -1969797881 529324811 
-1887659505 -1140897360 -1005534203 103116057 -627098719 -71300457 -820334754 -2039700649 2118221820 129729093 1023653747 -1205768255 -1046334316 1755417746 -325861771 762527012 1697094025 1882967595 -1489377688 -583244262 2089247649 935463765 2071850801 1909170604 1656855655 1883283477 -2022713965 782783403 -478241150 1640248847 -1675966688 
-220619015 1616080648 -1317189856 -877727967 1021970348 -1234661343 -1287561201 -781757886 929464595 -1506024570 -17389435 2053669233 -2127499965 -1409980881 -908977247 338496795 -1175789430 -2025033790 -1658859356 366297172 -1992256579 511824856 -1546628474 269502461 1697519119 750818630 343698981 -1583664137 1623539894 159775875 -1841481680 381570821 -1212792656 
1355280670 -1965782070 922507001 472764401 -760831591 527780499 -140700692 1505938255 -1043070397 2118335368 -1710240589 308597820 -373550483 1755038218 -1801561258 -288690384 -585369778 346663485 1355255105 -469536359 -1554017125 2062036616 -1088918456 1354409968 -888632442 961634463 1388623019 -405339801 -774752082 -2126544490 -1580835657 812122663 746219122 
1908867518 -2026086718 -170631277 -2008101901 -238849151 -1085141944 1274731000 337365339 -1439155270 -328271253 -757977067 622360549 1983978080 1460243295 155217875 -1691289082 954083650 1920233916 -1331355842 920173038 -39203845 -744350521 1193664353 496524197 -12663808 1230927587 1333161534 
303995535 1073705510 -1037392257 -1496152914 753707798 -548473477 -1594641185 1316022125 -200246852 23013348 -1315961832 1646061958 -1761909005 -1312840402 -1635414965 589053432 1604532506 -1944917323 1163175336 39054118 1879121996 -1979741654 -1683869254 151375 -85424933 752230042 -1201820522 -275375871 -312604090 1539032352 -1767535896 -1401460115 -1840915729 -139149772 116915016 -567176009 28603948 82384006 476739301 
-257941265 262610472 -1087286804 -109678981 -1798963069 396573754 1453349849 -660689975 -1039265493 603829564 -224776153 1393278729 1663251369 -57760843 -162033013 1752912438 -829536246 429853393 196654312 2059542866 -417490433 153677912 -666795106 
31718269 1543704371 -967562636 1329866974 246572724 1775465821 -642961128 -1562469155 -13750936 -1251836747 -601089803 -423443248 -203665138 891027819 1946028343 -2096609064 1712558668 -2043344468 -396129670 -977133216 -1622987583 -1105498703 -1910855666 
-687774587 244373346 -1758658485 670276918 1603397543 -2026954404 1731484223 -1013210495 -1638586834 615684115 1471238186 -107388489 -303444330 -440997167 -388845832 -316005395 -879809734 1586741167 -2122986449 493417749 

-333064315 938635378 633839131 2032323410 1813395879 1712148817 -327513059 574429997 1979852674 796483507 1295186879 -1730741716 431200540 -1545864802 1527571256 1503024504 1811985272 504295782 -1322105243 1377699163 1351723802 -801428207 
-1633452270 1790623142 -1696405748 1033758553 -1496308659 153633747 331016447 1798922915 -139489230 640227619 -1495228211 -1729812382 418269746 -490292444 -1050414453 -2058956117 -71434932 -1968099937 646434052 -1015487311 891535295 1939360197 394942807 
247502282 -1635713059 96631524 745331899 33064133 -1094125991 -1932581401 816980865 997872779 865972889 -658176519 2048385988 -40065268 564989375 -1686091002 -1345558619 1703469563 1616311773 898372936 -1177088150 -1602326711 1395425192 -72392970 
1771060218 1087304404 -43061495 339147825 1751180193 1111127423 -307968284 -729289980 -1731123713 521054238 -623190800 -49262371 -1972322537 -556704751 -1216480831 -1887999610 312182244 2055313166 807491822 20876797 -439979188 -1410877166 -196810753 -1072117032 -31288960 

-80134565 1165916816 -447262371 942965344 46652183 1938771232 1596225145 1271445665 -1312135042 -1960378563 287860041 -760907629 1070003352 1319406985 -1898574919 -2050168691 1342496044 -448480605 809967606 289634862 -370166063 -1423659520 -1149599248 -1670994988 -1095147934 1820776319 -1892081308 1697346257 806672303 -1507354191 -820509371 -27593498 -1915688479 1147042633 692609490 123097090 -1968386284 -1064388267 1533150869 
-1504437044 1647696953 1900269659 190039365 -140392825 471421376 -1031613047 292262102 -997836840 -1286472334 -895785214 674173193 -1641877622 993812911 290993375 -1698079954 1399484552 -534576688 1024955527 -77321976 1076687025 1853667943 -531409300 
-334104128 899378715 -500710415 -1817265910 1600573874 2109040588 -6546097 2047323810 1963614361 1914432839 -1431847323 -427740222 -863117067 922756850 989906137 491434139 647770439 -1013786787 -2062066402 -1605883560 -832334399 -1916955916 
1599401872 -1913286951 601102402 -163202512 -1348814707 -1004002647 -585205554 805580861 1016950815 -2031181831 374245492 2145148995 -1192686055 -1090479821 -246012994 -1093646260 -2077600894 -1338655292 -1952963258 1396094863 420643973 -1735198445 407123225 -319602757 -721256761 
-1729321990 1960333488 836772466 -387273494 -904200918 119856972 -425940158 -1565695569 2056620108 -562283821 -1544991934 -1843818220 1496462198 747139289 -1394100875 779882087 939673019 970148972 1311941767 -803903915 387518491 111670941 1410689130 -306989512 
531462098 516950050 -1770913735 1619421262 230625902 -1777434565 2120211385 -516162292 1987600696 1079980717 1669135323 1339554050 891575503 -1674951995 9316648 -1783459133 -1257842162 1778808449 1336004932 -453537476 -2064748288 -174719593 1488262187 -1123631040 -1355583280 -1044543437 -770084681 -846934418 1464514450 -936523572 -2100506843 -1795291037 -1839851262 
892552023 -1143192835 1374925896 -612923843 1832995982 -1039725344 -1740326911 -1000927782 -302984793 -480013405 123981435 126832671 -126604985 688828617 1240197735 851966195 -468928000 35782584 -1423074146 309242323 -64984249 110836898 1165425922 -1904362283 727736432 -1782803765 -1838634452 -3173245 -1270134514 -553508079 
534434435 1164172627 1668360238 240051989 1575770644 838094949 293560433 1185941546 269518016 -914031581 -964696177 -1304189693 1905063183 1165729321 891150449 -994864006 -937595847 -645843667 -1334813601 1737257594 60253953 -1254637577 -789003814 -540787142 1639136288 200074593 444254110 21116178 2009978938 -450666494 -2075653419 -1687231852 -1010223917 -732844956 1960399730 
-940035769 526805702 1020114083 -1068741130 -162382210 1892752575 -1781793590 2078535214 -1303619859 1708042742 -354981702 -147860236 1838473101 1063896007 478064394 575391625 
712887020 -399137914 -1000631034 -671519234 620717301 431038805 72815103 1852393385 1293218430 -199327074 1952281348 581022113 375667133 -2120753939 685464106 885893138 1139116460 1870511192 -661268142 798877474 -1774236560 1121485878 922556366 -292867810 -1074382602 992126157 -96892581 -1636740624 
-1900589086 1836341041 -550873559 -2048600800 -1676244462 -1234180485 -1970064489 -1088926971 225124500 1842843472 -216610296 -665302082 1630397713 698630590 747282212 845014991 599064158 -637057704 -268988619 -650877585 -1131599713 -2110392267 494083620 -311514252 -1538455455 1434114437 

321567019 -1272134888 -137529739 -83700996 12282152 1161481818 -59354727 -1081930261 478544925 194938120 688206446 5672883 -1420245837 -428283357 1109343448 -1168090863 1321525689 1920340560 559848874 -569768982 -855160677 -1487125166 -1818249291 2070636118 
332510315 -1914053493 391662082 -1942167880 1052367295 -263217548 285181033 -1091541383 -404576282 -545622721 -1455718746 1030470120 -1898772493 289911823 166599173 -1398765595 -744141265 334177097 462434926 652540775 486632672 964576026 1993768955 
1941616110 -890080290 -668697827 -1499787496 1524512519 -1193705196 -274171573 1991812221 1749941413 -1161555409 -1590506296 1026366241 1907091348 1065783199 -654691193 1454567899 1966573249 -295185423 -1999453930 1985038593 769531252 640473439 
1435004724 -1687846364 -927070965 -1188581991 1547587674 715124847 1027828144 936862679 -119744910 -1617356836 -1142113327 -18679571 1059801060 -448550055 -1223389944 252369318 768362247 -1630291023 386945320 1263656767 -785506103 2147008329 -37063038 -61357119 1692561021 1841680728 -602548 -1527989412 

-1745674952 546394371 962667177 478549560 83126721 -1246225412 282421260 766668174 -1929453274 1439223386 -1257707139 1513362531 -173237732 1130773527 1358292720 -247053426 300539979 1081044756 159918095 -134054193 69293255 -588335155 177037537 -182392379 977740630 -1925631043 600825942 162011329 
-1849107059 499303877 -1017189195 -1127412396 1319731789 -2101775901 -444303119 -209295823 -161732286 180362104 -267698148 -110453582 -1468467774 -1907030211 1400737200 -1583755069 -1116002320 1809742828 1412474229 150106619 -1970695838 -1976197138 75345571 -1478545676 1898142542 2082134429 
1673249338 1056183552 1722240715 1837603900 -928687625 -410500513 -229868293 730505213 1678552945 -1379417474 344386288 931986153 1348605329 -1516627666 2033918722 46170760 2110828772 1282356715 -623914025 -1387336632 -270786140 953035626 928871064 -1309831673 1790221983 -492965384 -818982690 -252179651 
2049239785 -1781452303 1019356401 2036811427 -330318074 430237560 -22522362 287434028 -1784153834 171511129 -1283662978 -461477791 -1008006796 1849250549 59831403 1839119279 -643803835 1741425049 -1148593148 -1026620287 1963299696 -2074937879 720387940 915057922 2056552528 
-1158433386 839003293 -411809701 -1229416089 -1952870318 254667605 1504511417 1243303916 1752466803 1991465113 -120932281 442312183 -132264299 -1706672115 -378208509 1416280258 935674554 -747890110 -2035712736 404039062 -799708087 -1242304436 1746594506 1953756323 1621077285 -2138060776 -1338118629 1679449293 915830026 -1937636200 1756392259 -846375855 732169671 1656965564 -571285568 703893848 
-1584760969 557308521 -1490472872 938309464 388664833 -2050697330 1997389258 -1929807791 1817449286 865169259 262590076 1400404830 -1164186703 146851771 99302384 -1749538087 73467238 
-726327167 747717793 581048952 -739574179 -1464502021 -251241366 -1775103608 2235734 -757441977 440819083 -983162874 67752542 1438151216 -902655327 -1325167986 -685506998 579959686 1852425756 714704047 -1066114636 1210997968 951346938 -2116159366 -918433821 -1172287650 
2015375127 1410727775 -383122968 -616041074 -1373544808 1140170235 -1075019399 -412849405 -574694806 411199130 1135648518 173437781 1764889195 893682008 -1715457950 82689866 -474320330 599356569 -721746717 -825703811 -990909418 -1211778882 1575088419 -1757227170 -1747032678 1427173722 -1253267291 -991712437 1978181080 -1006015531 1239409590 
1199685703 -1290346030 -2130451175 -2106286974 1837581333 575780678 1220863773 -1978821110 -456228497 1129863151 167818218 100251303 462637611 -1253730966 624953781 -1315518070 -1841181456 376231710 -1168208679 -32347022 465362502 -393963418 -2034071688 -1262325003 -1958102448 1840452837 -944067202 
964794537 -303649519 -1016855034 -1822276338 1025510074 1957618199 -1172851938 -297747102 1605559512 2001657075 953439122 1993718798 -1399244304 78568750 -19681274 547316829 -810549233 -316434474 -1582693949 405512774 161598625 -388003865 12150636 1605087527 -104203215 
-682569077 -1953390727 -108375460 1543498572 885771927 -1759880657 -353045363 2031024650 -208070213 945411979 89688529 -1226382982 1350368102 1250972330 566949176 -85451401 -246719577 880642434 1450305898 1247660278 1382135801 -315457502 444147043 -1267211662 -165157515 -1625863572 1531511617 1529671164 -331012939 -16641913 733482020 -1097547734 -1656331584 
413730157 236509473 -305455546 -1756863311 -2137570474 1654091745 846738203 -1458640916 -782164637 1585974297 1174785398 1997520268 1297705330 627235778 1249743278 -241699110 -624439535 1398762482 442300071 -2137651316 902542030 306383644 462045526 821810946 -1275195577 -583633080 2135798308 -849862640 -642201209 2124256609 -1258756836 
796306444 49817174 -852042300 470095687 -1479896457 -1320734235 -629856902 -1776144518 2036323013 -1872855583 -447078957 791998763 -901058443 -884959365 -1588808195 1910292057 961562810 -419575506 -2117971726 1208330467 2113899071 -2045397984 1884204722 697208843 
151517848 1794210311 -317661622 1549638130 -1017686161 -261530256 1337668861 -1029075436 -1947969064 1475447838 198980615 318323182 1914392593 -1926493354 1004442009 -626169597 1845091875 -647078184 -1381515978 -1391626539 
1262799317 -292397852 -2146267749 -955707597 -215835530 1516528286 2080299325 -126990161 1258874060 -93301013 -2071209432 527753573 -1718351729 1041346295 
848679011 410241518 634169949 -1312582640 1173796935 -358548912 1942857960 1844900772 -2054032752 -1055436359 -1091353421 74852147 -870086334 105910578 -973942556 -1932600577 -581199978 -1258083800 -1799900834 -1851504963 -1689884899 -1388703356 
585207908 694464822 -644128375 -191989250 -1870313994 871296668 1233840013 776988192 -1114069984 -9089193 1598397749 283072080 1736409738 -526048733 419354340 37396366 -474066718 805525485 -808166247 -2085786109 -1154692525 -1345437450 -1273675238 1831850376 
-1638224293 1573503413 -367793252 -1050750815 1987334780 -631322288 -247191561 -998935004 1175877281 -977929713 -1088263326 -126276281 2002960046 455228072 -797021685 1076806463 1888577588 -1097614828 411370735 379655255 1919315032 639882555 -1148377840 -78853622 
-56522212 -2041264571 -1502304083 -1197349154 536224357 -643844820 1887987378 1690035667 730680413 -425812692 1338294069 540538153 835953613 1657230121 -470577965 -299307990 -1517095157 92784134 117745488 664187797 1096557842 -807239152 -700607459 905404301 5184559 -1431364346 -1698722976 1877326913 -459724412 

1888958297 -827847968 1128469814 -573302512 1544988384 284912661 -1255310373 1543718171 -194896620 -1411980078 -1408815858 59026901 -110327693 1079611304 1198448460 -685191031 1854557908 9062506 -1497088313 -670870580 -408174631 -2089103725 635351856 581637014 
1176073414 21346747 440400518 -1882628267 1916678196 -1786157752 511694582 -1371350172 -1616714823 -572196830 -1221066315 -264880135 -1039435473 -519424237 -1584056310 1035981680 -35412450 6431687 153223373 -114641291 -1373860975 
-866674797 -1381574812 1144216403 -1383794218 -800196828 877876885 -176135462 -1262500739 -647507398 1444029842 -591797100 260839875 1220330411 -920015036 1794171651 -1621715865 -1061074768 -345916331 -1869355412 -46104678 -458609132 -1391506572 574473526 -1372122839 163432424 -1176206458 -1635689634 1335028168 605354434 -1686864773 145449548 -1387581423 75475144 -1472211466 1133574818 189771512 844491413 706222786 -64919819 -44567830 1950015141 -1124775727 -1714050043 
-760932220 74640949 -1925585646 -1417577405 1897295571 -1431128151 -1223190115 -38543987 63531604 -1670331922 -1852856228 -1794642353 -662153651 1343225775 1940326908 -1900471175 1539900755 -52064031 1662524564 -725170939 942852488 -1804575366 -833571623 1294973180 197631889 -1102209808 -1054566308 -443669439 
-181883610 315689220 160025470 -1981787320 -297895809 635750896 825544210 -1361849175 -1307664323 1060611280 -1891533955 -642541032 -251577972 335990125 -1686309081 980127729 881027430 -734398957 144889789 -2094655535 -669817319 509046874 2100432523 891471298 1838507361 
1447539412 1621174039 1740625389 882438955 -1338626365 -2047543542 -309265071 -1422893739 1834468065 1112053448 -1073577172 -898909103 440233836 116853294 -592464756 195880586 -2015700842 151862725 -1669372800 -1507897385 265365403 330432797 -469039977 -2014593679 -199898647 -426621690 50792757 -729937556 805149237 -1790113159 
1436381158 1269215692 1598393327 916694720 -1423586464 63496457 -584530306 -620146100 -1985432211 -1629374086 1949207656 -1755583829 -782392728 1447281757 -715641075 1666183245 1058921021 1453683462 620339261 1622176229 1422952472 
1423504343 -1290946662 -1304766165 1130762753 -1636973983 109107474 -2082602810 1464636275 1071472822 -1124307813 196305067 -425801776 -285858819 91049375 -1334864012 -471038940 -213943318 823681212 -796915945 -1852133027 843954857 -1480002805 -640062997 -1262623141 
850067260 -2050826014 249254789 1798974936 1750950473 -1701770 -572344325 203408913 2037094270 -233498337 -1871803250 1525427991 -1706469224 1874695552 425138687 -1161102678 1494764748 -326399326 1355348704 -563420218 -1906779763 1579677419 767233976 
-675872949 156353251 898888491 -793815850 419747372 2035121792 160486336 402391977 1665938372 169687130 1908390904 735812363 990207413 -581667506 -1240947292 -44612286 194446057 -1582931680 1302133349 805907416 -535944475 -503613575 -1898607998 
-1057953903 -1955832245 -1921903152 -1552402900 -177910959 1265881268 -1277972969 -1243201224 -1982521642 -1431139492 1984677621 562579336 -1581275018 2045736274 -441693907 633870157 -564266083 
-1170192078 -1787309226 2101822147 286511150 -667466234 1619985658 1023587453 -550022988 -2113696761 -2131451121 1459212926 390462140 240150085 719861416 66814226 2038104549 -60652724 1138000598 -1901666762 -265462128 -1213485242 847584205 -2134736347 480215938 -435629296 -1090883980 -234753170 1011195152 274693777 
1347529228 -1234518306 -1640831101 496148789 -842824120 -653624444 -1717470413 -1743731468 -268419984 1070604706 2057033899 180863697 -781744700 2103509222 -2114372882 1801243127 553974416 -806525515 -1889828321 -916908290 354017028 -1768590103 -1746023547 -1663665300 1502572602 
1143129115 -1064766773 -1622035126 -197812087 200254341 -153377166 652762205 -546609154 1594951501 -1199464135 1538161746 -889289718 1517598953 1775686037 674082499 -1644954451 -1259765469 369601797 -1781696464 -2118113751 -1540699796 -1482010012 -65746611 729967485 
-866769883 -364333805 1789357817 -245971459 1004355907 -755706501 1776053167 -469592312 -111506304 1569121095 1090861243 2003452483 -421281263 -2034467870 -1807878543 1234654317 30492058 -1369538118 

1378078775 -806980511 -55720256 -1458272024 -1940462190 1333314332 761661310 -2065603999 813151242 -1334209566 34886501 380483039 1789088966 -831112509 -47188105 -1073529455 1250077260 -1306240643 1555363850 -76797462 -1726242866 633744912 1766666068 2031067664 
1944971139 -870047414 1087811670 1432148374 -1983464677 -166879076 757197499 -165343434 -749111478 46299077 177976919 -1331429384 1834239018 -137765739 1562212299 -1444052637 798273533 -204283120 -914247789 -1539384784 -1651581621 696611639 992352846 739250386 2066729196 
-1712703346 -479020561 -122471995 1471816438 -175926285 17794130 1259622020 -1449505503 -157809156 1525197784 -1425698654 321761542 2043322507 582724429 -172875115 1295969931 1395463175 1910838259 798033241 952023422 -793171082 1539985140 -1094168756 
978319318 1859720932 431999066 1905945264 1070287463 328090314 -1225319398 745706051 1848993485 1076392805 -569510446 230222535 1039677473 -745546279 -1618338181 -671426727 -942712794 -416443342 -1088171540 778926861 -957070890 -239539823 -142917330 -1583476425 -1325498326 

215899204 -1091382343 1132731618 -1848495813 270102458 522955839 -530585753 -1239131924 863046972 
-1186565956 -2045241435 -1177800655 1397884703 -707365908 -2090442346 747498345 1791066596 2124515515 -598356600 -1736307011 -841629711 -602201286 -1885861336 1962562318 1930002567 255732713 961781559 671379584 -1176819246 1279495572 1098273633 464470641 -1753889198 1106396683 110907577 -1824547288 -1708662166 -1373156412 1617836563 332264481 1902231539 419065647 2118422321 462851888 1964989491 -422647788 -31885676 -1881564661 1413766600 -2064796263 497408856 -1027488378 -1598051480 1178103950 -248932376 -2052940392 1503099504 
1549509489 -2112292634 943899345 24534609 534747747 -654844048 -1073275573 -482069568 -589884890 306793980 1644095038 821474801 -1930716698 1542661608 2101089300 -228723182 544166965 -805590151 2010306383 -1115944860 824466977 -1603922818 -57644331 -550085469 -1864751303 -1889347252 305238362 -1792943411 504461602 -1269839237 182186755 -686554699 -2016408524 -1705329441 -1138738363 -1136942386 971285446 -1236741356 -1861449513 51777835 -94544475 1998926246 -1860107801 -1596550617 -502162473 380510685 1686331008 1661898206 1126800221 595747455 803148937 -1194385910 -608845182 898423523 489953397 912089842 
-570958686 -1774320530 -760368576 -1692127842 103895553 -150468515 -2118624272 1142337195 752948447 -1031011518 -1356045315 1886543922 -1366034916 -1523396813 768149143 1929196715 772511606 -1446061242 -694029637 1774256391 -725680986 -1684489540 1942987607 -384025266 1591786671 1101051519 -1327441620 -401949890 761219792 -974203567 511842760 1510590219 -402438339 356132349 -741971374 573316641 773899811 -257531810 -1548089321 1109126998 -1819784157 -1836044898 1772571419 
