-250990684 1650631057 -364587410 -95142420 1500527060 1149757168 -225916691 824363583 -904084183 1389620117 
-504411784 -1141598014 635201009 510237531 1720094579 -1640357353 -304293987 -452004331 2130283531 -211384699 -593882329 
406297458 859527434 675185108 473418255 232819445 1595646618 -1151182439 -974988372 1755759972 1498347906 776158025 -1353795365 204933320 -733381972 951829682 -98614639 -1159989633 469692030 1033592329 256867476 1271503306 -1770599331 
182576493 581531430 -954774937 1533071928 1315567775 -2140319254 1331263923 -1564971473 -594135142 2106580989 1086707184 1783342054 192793669 701129815 771164050 -538598564 1733526891 -565572777 -1308348205 405343890 -443410359 2086936423 1911843994 1125818435 



1361000571 -242117148 333197825 -1389251735 -615578215 827651463 -1821347706 1488892082 -910218005 -556750068 -775482143 634783427 -257754035 -285403402 -610081953 1223695610 -1316142560 2111406668 1849586516 274027493 1229963456 1155791917 961855230 -1468582286 
1633955592 -1143543451 761695917 231069069 -1144748575 375743615 1915635659 -1448900121 -530742395 1990830899 35299057 504289791 2057256362 -1132782060 667220049 -1967908168 1901922612 170100773 2028381025 -1936189911 611304024 523624464 1519603863 1907195871 -408829967 
114459363 -2085114949 -1985034179 580240733 -944275379 1883511984 1069496733 517431035 239997261 -666043531 988034130 -1051454227 1941941010 1174131011 1218132210 1214396720 -1657240398 179572179 1390799608 -730619171 69095585 -2104889601 
1147158347 2095018829 -1620685169 -1403437348 261316439 219120553 -1214471437 799775235 1157242752 638807290 115189729 2138544887 -749644721 1583620037 -2077268723 -1664437892 -233193594 1656774714 1117774718 1039218937 1826521217 -256114998 142874257 -1327361490 -786018089 

2065683177 1584344358 -1982177301 -2027266007 718529728 3904858 477246037 -389392336 -638081958 -922618142 1564574935 -1460625427 1263528223 1566781451 1336890507 -1577177179 -1014635883 978773882 -1241621632 -1575285712 -451131776 704613080 -1269608732 1655823433 817690272 -132479130 
1234267167 1126986058 1389562426 481933533 1841143631 7932978 -896946608 -1034874955 -1000446658 -1053450480 -561925424 1543650128 -850723766 -740687481 -31577821 112608316 1993053190 924251063 -328773238 1127903499 -1139889954 
-417171348 -2005223476 -1786410844 1510993940 1259406989 -259602465 498562933 -1772625098 1977869020 -1532033644 -157557902 96083701 501553048 1478859411 -1280326779 1487721434 -1267120113 1032705861 -1440363863 -2043026023 1325975904 -644684552 895897626 -1994027356 -1590112989 550301514 340508894 66517910 263058198 -842096885 
-1994109155 -78603204 1932691733 919278769 -1886510824 -776050977 -190764149 1357721755 1087638086 1745595591 345986661 796317924 633576676 -930063389 1967189479 -414212586 -2075173297 -705050913 -111107345 -368095208 -1142202212 -837187022 -871425071 1326143166 229788235 -92178715 
-1942716639 448341570 289787711 39898936 1000309512 -165985341 -314202206 243060439 1602122586 1445080014 -832276247 1483969118 -1864082880 1194605719 718395510 218432592 1221112135 -1196610612 86319919 1293660064 438027142 -1604940364 -2106741613 -167501229 -1872869735 -740304204 -288884493 99032782 803180696 1333199936 1796811255 
2037809142 1755377864 1779263416 1771331655 1645049224 -602278957 1658410500 1303932780 1669701114 -218303476 -982059119 -1279415233 1845197945 551570085 1945480691 1396628652 1021804963 849069831 626847329 628734455 965737526 -545853869 -721191893 2032002322 -701792953 1866002781 -793106506 947653042 1213408293 1711216927 -1299975557 -1421319283 -539064385 
-1262861487 -610038697 -12162169 -1305289049 949088815 -882543108 2069730194 1152520180 1315794483 -1853477478 1258423348 -1836193822 -1060529474 1536838937 -1395878454 -1240597549 1460493987 -1010998222 584209561 -1835552603 754647221 -1237507008 906179474 -1095181703 -1192151921 -247756119 -606844473 861876744 -291338627 -711176037 -2030432507 -1166032712 1141284530 
1497287321 356217583 -83727997 -171662858 -658060006 -575726632 1158148277 -780538802 -1874039250 406791503 -807888254 -45759381 -9171627 828507597 221539910 -953320819 468464754 -1614174413 -1684165411 -92659934 912373712 -979179748 2110340162 -1352460637 -287418201 -669270946 -941103957 
141590068 -1350546675 -964254552 1463191680 54022128 1556462584 2060837704 1148386743 -172395577 1384721488 1737619111 699778526 -1193733381 1098919014 1209655469 -1895205026 -240308907 198697061 -550650460 -1709044631 -1601612898 -1515762951 -1045023430 -1541982371 -1267622676 547428312 1085678395 2134315596 501767587 519287260 -108162136 -701585856 -482108408 -1193267669 -1485360412 807365592 1427100842 -2005126722 2024594495 
1242219112 1623476352 -1063851216 1562910999 -797139137 1970291872 1946921238 -1061128635 1004016032 -1353900689 456651823 -1497903703 22232533 1720525986 -486079755 -1378075994 1104022217 -1987291166 -447310181 -1434701274 562346715 -1124440270 1788705795 
180839020 2003034373 1542216403 704006313 1930910546 868297906 -2009220259 -465739395 -29475295 -609643887 1468491860 34802790 1789045932 -1826987822 1014325321 814154947 -1814284320 881860619 1839840249 -1908582628 -906772086 -626814939 -1259973237 
1614277878 -2019568912 2016047195 -1591443825 -1687994149 1611424756 -943313661 248790356 -876055820 -1489308813 338759178 -1057807581 220271010 -972609321 1781968967 -431696909 1068880094 -1868516508 1800573507 -839549399 

1496513241 -1944875392 -1481395097 1351686005 1756504097 1367591196 -2028255093 62926010 2028095352 743622155 -185076989 -890928000 406124431 1874248185 1283265816 -1161449984 -1232627073 -1733823573 680200104 890537532 -819576859 782258365 
2017621484 542781307 -1501751701 147667369 2002336035 -614728954 966616563 2050339299 1207330950 257134483 1813570075 1178588517 -29504054 -2080341334 -336676769 -1137887327 -83158621 709380906 613157593 332752748 -1226287559 1876974682 -1098816807 
73044824 1195965070 -1230049849 -222441391 1997287512 1506323531 1063229359 -1691931872 1499972402 1926322246 -1637901933 -1333862852 -1721192633 2045384947 -1219481239 1810969014 -1151637278 87897343 1799030687 -1163037388 -1334734806 451454594 1941415013 
549090623 1570739026 -391966667 116851277 -1490739284 -618807162 476706211 -1332497769 1843582647 -495278346 1653461998 -2024501423 -191651887 734294394 432290137 1929467483 -67856618 -299111608 -2077354386 1430226645 -309519752 635640190 -943920946 -2023313936 1026413574 

1008652064 -1873778151 -1952728831 158981835 -817240680 1837692740 -75306707 52995237 2095412613 1558359916 -2134896756 255254423 344032418 -780586697 -175795643 1008416237 -1477573545 -451833570 199384646 511981397 -1468267988 -721650058 193945651 -194350379 404988261 407487380 1039517992 -1902469659 -1209881711 115434480 -1992380352 -695660522 -1091726113 1906650137 -205659233 1099038299 -1064120521 -1509810913 1663666576 
-396587157 -180453638 177166112 -585629166 -1526473362 -1642346213 -373046139 -228122980 849525908 -156923034 -1431651107 1404928406 458393899 1682984266 -384572717 -192218430 1410450624 -560727595 -834627281 -1577039438 -289399169 -247720299 600673990 
-1229735131 -1087625688 340279491 -1144662521 675554802 1159610174 940668249 -2052052927 -997243971 -2029830610 1846654495 -2009172342 641102260 -1063143744 652167980 -1252888584 -294221784 744621642 -119672943 1502232304 -888760347 -1654452902 
-1323133206 -1531270623 -66914676 -770035837 1027760146 1289991974 -1776239148 601265193 -108760126 -1534618542 -356555489 -1670546367 259268005 656167801 2978645 970298339 -849873524 -1378747421 718706416 -993159038 1944019220 1532975806 -631784508 -1257039423 -1532479731 
842216185 -438221911 409727636 -430867215 75854239 -803507424 -753550787 569003387 -2070364431 -30026613 760496243 1575384787 608378208 -31543490 -468651233 -1667004283 -657467911 526078785 -1760888859 -1137893054 -625210614 -1630062307 -952657014 -1701352212 
-353171619 -360544732 -924164638 -231535661 1346723696 1677669531 1348589838 994983095 -1692180198 69592777 565695775 174745283 -1168100786 840535491 270547676 -2113484706 758622151 -1976321322 -785685387 1922832385 1010291907 -1719032032 1083596661 442860907 1732961574 1147371315 -446452110 1431839097 1647036639 -1761658230 -894009953 -1401812621 2102752553 
-1298606786 -746585108 -1902807006 -1624136819 -617022714 1891157119 347506823 -1824954673 -143257609 1004217697 -881553069 -2112433534 408910584 736606668 -577664253 -1578322890 2139127779 2141178862 -1319794672 1340985756 -1719990521 -1256463099 655169413 -1213495262 796383452 -88987903 2092215841 1345310760 -1228558364 8445169 
-1026752720 -564379743 -691808827 1512506539 1686030170 1583183380 -1881391383 779996080 -1444549921 1854854115 -1659329382 -1799107890 852474827 1143474752 -753959817 349894281 447735904 952298468 615872760 -2143255047 -263375699 -160561109 1062737025 209634467 -1662677417 -1176710919 618569200 -616159657 865012146 244574164 -55637652 559684917 -492674085 -2097878056 1383371576 
-379356201 -1572326000 -1056708251 -590554233 460060022 -49112109 401249204 -2033478229 1802636729 1981896260 551490269 345046233 416040858 -1545247768 -882573037 925095357 
-735749354 1668793126 -1205315414 76807522 -1705095774 1590991700 -1976832819 2036727600 364828918 343038215 1526012832 900095916 -176289630 953385256 453107437 84191658 1260357366 -2028054513 -1553196481 -1002585929 380456022 1152801790 325758858 -651821230 -877502314 25593948 -1281520151 336782036 
1649120378 -1553634175 -1526241732 1937128462 -286712600 -84526166 -1317170245 -881737128 1236652074 -336818113 1920084516 -851021488 -515592077 1306163046 -259249289 -1006702793 -597218685 -839219337 -842790362 -1495765053 1915022877 1106453361 -470604429 -722292606 905248771 -2019526898 

506357677 49948043 -1361590308 -2100924944 -1020949488 420315328 721446286 1332049407 -1387124479 391316998 1956852122 -494413710 1112113303 -1731824243 7788776 603864640 -935377273 1610913756 -524062047 -572129313 -554231685 259423356 1237090893 -1958959742 
-213566112 -142560728 -1432916508 829401554 152436393 -662552275 1134122938 -1442336458 -352311367 -843619601 24467194 1971561406 -555506894 -272333392 587449492 -949030198 1347103355 -604097422 2095189936 -1577316304 1248648660 1455082499 -668801386 
-1121265525 671282208 -44885619 186927452 -1895284037 235108390 506930158 -1222527227 270280942 -893271559 -1529011215 -1888583996 82202328 -1266968640 -896004128 1370331110 1805412109 2080349633 1187795517 236496146 -1334918725 1765335465 
-959908047 -1925554529 45185782 -1556094026 -369401627 -626733630 1587854404 1935101450 546147260 -1419408420 -361346856 -1925760993 49601674 948413471 901480548 1853377864 -690392059 -1961695297 -649442553 -1374497631 1799220600 1156544970 1044690151 1660871680 -1724486309 -501471926 -694525552 -1723097172 

34118212 -855408033 1937250141 -1899711155 -176469020 -1867617969 1330941230 1185911825 1169154382 -380278077 -1110978311 110200288 -1756013408 2024702904 -1286019707 -947234516 -6368744 -729859121 -1355638025 1474293401 1801865936 1958665989 947477266 1108882964 -293219682 2015859569 -1794783255 -105333201 
771275464 599818286 -1613039146 -458470099 889129710 -1729744343 1996595000 -1431372085 730689164 1055506307 -490100304 -2060113954 889494580 1589826774 -401495920 -783873596 -1077759220 432770851 2085713146 -855066228 1792685285 893926990 554386477 -1823321834 1834546123 -1126107897 
-1657886982 606238620 -867407018 -1553608721 -1172064231 -1609959669 1079326309 -998161310 -135850127 171761043 728210948 -929484772 2081500456 -1745737008 -1987801719 -816859999 -81894256 795947086 503846627 -1575311606 772200038 -1798275458 -387840510 -796754307 1081563365 1766258668 -169465239 402983097 
-100670090 -1824598386 178331802 194715241 -1366003952 -1805857333 1728039815 397732911 -49675561 1722110145 1893656149 -664141964 1292436614 -1911176215 -1803461812 -1378394178 -578660225 1873086273 574309202 -1888009970 290340939 -1259068333 1586530295 669209528 -847895182 
-2076357731 467504109 673925061 -66288688 -913580576 -174441024 -1040752013 865711354 1479946899 -207294916 592433908 -1236529811 -1657330601 -368656502 1263900821 1367826313 999920725 763874201 1439000206 2120135663 -1225344077 695505343 2029507661 -1573355243 876928826 1701030737 142935523 -1667960967 -98047271 -1663189744 1391871344 1474999890 1323171314 -1799387608 -1404445175 -938520083 
1710913423 1699212928 1186623268 1424141256 -2102082353 1782759840 276574537 -599795975 936390547 115515191 -315073992 918532871 -1420075086 -555562517 -1506325901 -1340557 368091397 
750033810 -2119688692 -1873757393 -369138238 -217505662 -645593133 -423629660 1798986595 289094624 1517912714 975035231 936240521 -1003225658 -198679619 650947075 -943980701 43839292 1937541406 -1239969705 300687528 -103578545 1318181444 -1284169593 -312528624 -346981413 
1031242971 -14789279 -288403163 -563762152 -858351957 1873444850 722437965 1113719971 1957039502 -1051464596 -1677934580 1477604938 -960168639 1904270106 -871968128 1218586277 -1260771840 -462863793 -1166187873 1514857700 -2089746560 24246539 -1406543231 42275716 -549883539 -2057704440 1334675698 1479306812 1641091373 -1747036120 1973306331 
-261093305 718348746 -112741490 -967569718 -1247082237 -1589173818 463465900 -1492866357 564945839 -428225914 929608945 -827741337 868470825 2116959434 1824484171 1157664092 -530895987 -2017073481 339268576 1010551593 -633725864 -3679342 -694206860 83347379 -552835753 -1611381219 207745391 
1754501446 -274651529 1713545315 1563220495 -768334847 -2099534950 -1256110731 -99897625 -1580460102 649365495 -1613495621 -118765348 -909077601 -1623942463 -886056775 -209358814 -553569005 1178656062 -1868589580 -1108659719 756826675 -1163870138 -1658494388 -1099126391 1254189202 
924801583 996498049 -1711744637 1432190919 -1103040366 619796791 -1221545014 856443212 -1845119673 317847185 -828173190 1730033694 -1009503319 349938720 -950583526 -1784159837 2100066778 -829861188 -1948539507 1584197942 -1871803817 1393757691 211968936 -824782229 -401702256 541553816 407757846 280667979 742455077 1561731170 454769521 -407281076 -104704440 
-1800412046 -994452196 -331279015 -233504016 -1242529870 1539441510 -1595721239 -726631456 -1274608369 2145803243 -1877296558 1667130371 663085811 -467225576 -1661995291 -1465365283 927875481 1090279528 -747196590 134438071 -1402572342 1206613673 -31415903 1788158458 -1006773671 -1503845153 1972493316 -1556127311 1290035962 1365457390 1632368480 
1867941417 718657869 390441842 2069939767 289476448 392605463 1119778148 1605062962 -1787011549 -1755294419 1859203460 856851557 862283212 -1590591028 1031253767 -1471240661 -1612045729 1996426604 -1221820069 -254290495 1798517825 706714719 -1309518593 1363214553 
-509442305 530478136 -1005803676 -610801820 1182231007 -1828370095 1165859937 933769913 1631409956 1734859908 -1950721512 -1954741320 690324317 -742895534 1898798554 627642302 684357778 1879903688 -163249369 -813493323 
-203611274 -2097822228 943386684 -98937432 -1927073137 -511245193 2058231008 -1435388681 -533237566 1335902506 -1193248836 1146149142 -705969927 -1318956242 
1243618890 2062312378 238942782 1095688 115314900 -1886503299 -708306980 1559397556 -108891101 1300397037 -2001917400 -1452071832 -1289302851 710688449 -1333493802 772201216 -1845737080 -1964458610 -672912950 1449767810 -1605978767 1331643923 
1127575482 -1157983442 -1321687419 -1882796584 -1784372958 1097896794 1202267780 1802078802 1620013991 1413105613 -360890026 1052952534 -704398307 482053180 1606197048 -1311175059 1509553752 2056813348 -370742511 1219756226 -1540439469 -1635242811 -410672552 1338653631 
471746607 -888400071 -212043243 -1171758366 1139124099 -1373743539 -129482840 1441383071 2079700621 95503283 923478848 1487198953 1657562081 452527765 1648054694 -537992664 798456291 -148336142 494788582 2102133516 -420029004 -1127136456 91783352 403219214 
1414138871 346855774 497115476 1708435859 -1840295167 948289826 211390736 1942475955 1368938369 -1938192000 -414705101 1744424609 1153129610 1796761170 -1430899016 -279966472 1601033191 1700766146 -1392619734 248429158 1092583886 -1455663404 -1028404607 450440529 -210029064 161164507 541169846 -324994016 2074426663 

-1758566524 -367440697 -2050231189 -530228858 1112257262 1131275430 -682513427 -1578895476 1506910798 -1915161952 1912817510 -8298826 975486342 -1930384752 1481720720 1070579936 1196060743 -1681749609 -1057213076 -736200062 -1758377314 -141162029 1420205357 512746800 
177317779 -141616719 -1140912707 -1247723392 482707136 -2080353501 1420562836 -1130468369 1656363078 783889994 -1349853481 -1276068731 -1879655458 1604125054 1584172512 -1999382153 1138938484 1385364589 1368273788 -1745320518 -902456380 
1571336347 147449471 1547696139 621737894 -1672715511 -1858704317 406929243 -18674340 -1357640581 1222096573 -1997363841 -1285659578 -2099543482 -1101024175 -1746808585 972729942 -832846250 2115208830 -1240100679 -127890467 922276393 -303025379 -1941244814 120370446 1688591210 1835329414 -1409650954 1048291974 228690966 531091666 -189835344 33607663 -2051687987 772765608 620608167 -1549652729 1037185112 -248596606 604671778 -925065643 9001585 -2030003968 -1302205968 
1473269912 2053842107 -1720925338 2097699071 1845971917 -1431193212 -568119975 -964459268 -99837709 1567682588 2121520473 -1521572758 184856921 2092437669 -1499291793 605191 1675876548 1310415450 -142167148 602653957 -1948154662 237131634 776499052 -470718004 2023495977 -2023510453 -1274601255 1424734789 
558559185 2145953898 -983759874 1319050410 983011425 688241612 -816559579 441826097 160144586 745409979 2142674304 105424526 2124549569 -920342028 -790336047 -1189849159 -1983389146 -2075279859 954188618 57270438 304244361 -788142934 -1222450623 -561374494 34828371 
1469058572 411040246 907805835 241876620 194233784 -1294095453 -506130529 3796918 1796739708 -1888497121 -915101331 1621134003 815460389 1749735472 -234735103 374693859 -1570993029 -1457317412 676272085 1123509623 -470587882 1643230472 146048107 59476670 901612429 -1739414858 1361069432 -2127061658 -1811456806 -520099482 
654254281 1854732077 1711897474 -1727002144 1488529509 -406078789 -546657567 1574321487 -1736991975 179217352 -570212162 -1649592162 1444430192 701368159 -1384897258 -623546884 -1228960699 -2118519371 2063275187 -1088310117 1403815685 
-540014103 -234181460 -1565108451 -301369525 -439682257 -2050188754 349681551 1286355898 -27843859 689489348 720808473 -1856377302 -1076300697 2111062231 1795895167 -1352581431 1212594249 -229117275 -1708872744 1669821562 146882243 2007852983 1243905843 1468835385 
-827129367 -630822437 -518825848 -1740985265 2079345472 -1177847486 -457634544 1984193823 -2066332082 1247304434 1833036987 1987141856 -1140745248 -1321164439 -853826327 1726738491 1277300068 -885531246 973054395 -1270481828 -1292833578 -1857881277 -962155998 
53156987 -1582887888 1193565706 1830216802 436040678 1891031897 -264037588 -1574296658 -1576812625 1129119338 -1241207028 -1157061184 -123857754 -1939145097 2108006610 -668497935 -1872124709 -1198190334 -1342396072 -2044525544 -2037357805 -1253774021 2071058318 
2126861650 2080221141 -1478451780 -1273418249 184329973 1124937459 -1307119682 -7909946 1285849888 -87140152 1182133023 -1914445435 -199321284 391738746 -2028222188 539798524 -1795033162 
356551668 -21126244 684823472 1575454517 185832313 -617474129 403274820 -1932705181 2038491149 -1653447428 1287388932 -1427036354 118654713 -18978205 501017822 -1281371420 -903765567 -205751389 853146625 -2004681520 1352257456 682598283 612621439 -289574572 1271216249 -512464902 -1628971511 702257337 484712320 
-1814205327 -132133477 -1081549897 267999082 671421496 745638872 274389309 -616138985 792543707 896588448 35000524 -1650289427 1000922568 -865013113 -1378431885 -1704092249 1944440951 1756698407 -876314873 27033001 -2047168620 62021136 -844794983 997754734 -870567423 
966674798 1426775939 611226241 840260300 1454429203 -131754804 -68088756 -1402725660 -365843224 1423899424 1010392380 -1480872871 1943847682 -204479081 1038435989 567134460 -1767782775 -681348722 876379284 1346507117 427726432 505107027 1537435842 567989008 
-1804200080 1690616664 -308754170 490039964 1755783183 -1782690414 -1025874397 1502903168 126965218 1081136895 1328541587 -1913159259 1390451891 387329245 -1994346902 -1834128799 1139348941 -1542344261 

885203884 -1630790941 345059701 -88062431 707005474 113805978 -620751983 485922741 1874083302 554723243 977404317 -38981516 637774841 574566910 1148596165 -1647027524 906588110 2039902335 -2093229937 1496914677 -996743939 1224795597 -381771142 1778920974 
-1902682183 -1486923119 271338529 957544099 1487038328 694546725 -112180039 -1161459781 -2089661597 -1037204189 -1329296880 -872666166 -63034398 168812573 -606090999 -505780820 638125653 -710345511 -813382820 61579802 -437393689 1227939221 980949706 -1192020539 -1165279429 
454076071 1864689736 -1755505026 606984181 -187413489 -1618936590 1602775883 -1300387246 414273312 -380749012 64455158 -1015648625 -50116391 1627849034 -1528810336 2023590129 463286241 -1567207093 317996068 553154391 31316171 416733738 -20088541 
1920315499 -715270034 -1276211774 -336527270 1922269409 688108423 993869498 -1726523533 105339611 -1533389114 -1644597446 -854141038 1523152802 -1226420631 1979580625 -592327766 -433564780 887845651 1995969222 1451184128 -1246760634 1641955739 1632937304 -919424215 1534644472 

-1353129990 -1472084293 -1123848168 -1440544364 1981679208 -1257289281 -1641272057 -804074339 -1439176196 
1014456632 1402765566 1891233065 -354693578 -1541977851 -1655238507 1557464335 1684478022 -203078628 -1732097639 809526342 2051866306 955813839 565655019 -1217700345 -1658854537 -792415252 1552934193 -977864400 -1488149192 -1908804619 -484234517 1937185372 -2032624554 -1857034842 -1548131176 1276873728 1556579767 -2053564628 14321651 762867585 -386871491 -1713795636 -1566813258 -1099150066 2085045087 830120188 1494417381 -535070090 -2128482185 626725729 -1963655061 488089292 1110904434 2082623179 -962052503 1456175992 451834196 
791299764 -301818641 344618554 -541372253 -1199356242 425134073 1789699010 -1601651574 1825141798 606337303 1146021111 188157444 -1329840678 3028177 2036356388 -1645410389 -620521479 -2110285512 -401750382 -1848097242 1989155373 -1457540383 1328832407 1277633724 -708426875 608692924 -712729009 633718685 -1301411065 -1948564322 -1868562419 1073661714 1852582351 -1135687130 1996631937 -1110945882 1843030520 -1319322575 -1993297817 1149495927 -1201074255 588885142 -1464111531 -595001794 1581958349 -858217771 675804066 -1086988154 277494533 1620604335 628841165 -21031116 -2050555751 -1510984909 -565365720 951991164 
-146994752 -2145293319 2104433391 1088877103 -1763596853 -1487450643 -13305372 1249532944 -225633035 -864821442 1745932564 106732685 -371667869 -531225361 1233110680 1045250240 281867786 -24949363 -1603083447 217262477 -118307867 1792083307 856840461 594778179 286957698 -2125080094 1634595811 -513537904 1248280805 -222326037 -1484138964 -128699343 -349022646 746545034 91443515 439295168 1718077504 255725305 -169020681 -830042277 1816200210 -1107099668 1141246858 
