-1408893853 -1939917467 -793629905 -749019608 907378164 -982555600 -783479171 75885496 -1644399646 -1065394134 
-24669539 1571209720 -2019430500 1765527926 2102946634 -1942205729 314863808 -865137571 1999543777 212428192 692365342 
-1822301655 -1969186479 779189662 1981515004 -1941072575 2094800529 -1841239797 -1964885448 1355146498 -1975898915 -1538071849 1350499183 -793346935 1347676984 133874183 -1965321657 1611733465 -953132033 -2093070833 499320440 -1478139105 1239614883 
-959982885 744151783 -1501073490 1031337204 -297167266 -881986387 1860922475 1872293573 -85278812 589171249 447929366 151500465 -70126809 -1126540862 -36725982 -1416469722 1938409723 -1327433411 -1956661336 -1963699423 -1692709673 828487401 45422726 -1922644613 



-259064746 -221711957 1050854893 -1897642212 2102051805 1863411579 1231040539 302690563 482303534 1735649980 1642335002 254441766 -465166098 581740426 1035273708 1169802138 1966389083 680350425 -1457008357 -766538305 1094828068 -67332627 1896431434 -1279705857 
-1700616538 218774062 1225768634 15963791 1007138399 -1414449366 1264808523 -2147101892 -334377747 -1418758615 -1404144673 -12818706 323041574 240441901 1526831396 -1220628494 -704994766 -37569513 -494426031 1229031558 1162705735 2115242671 -440355802 -648079947 -202753027 
990506094 -875161357 -836197633 409921424 -77853227 2034236374 -468082213 -31811054 1417248643 1903315431 1239648977 -396811260 445777378 936997588 702957988 2141802008 1723114777 -785173224 1774365140 376067626 1801751086 -1983283199 
320167879 2102738963 1505821000 -1629260615 474839432 421049488 1551507960 -1423969778 2121904530 -2014381961 -594546629 598004057 1225972499 1851734850 1954393090 1213503181 -679734881 820257594 -482392790 1893469450 1365485630 607327706 399240310 -57106765 531190398 

2056338165 -780948181 -1856062453 657017516 1095484128 -129796048 239063700 437110631 -1455230078 -2073122676 1088290301 2068471189 -1748484533 -1158072837 920312607 2129634653 -854501656 -2101205499 -154735850 -2125510832 1920645686 1439898706 -1646476655 -1631942520 2013189620 -1312600887 
-1089212436 171521447 484804375 625752374 1843791118 590224396 1459949932 320821305 1892133633 1153221757 2100438235 -1058893396 -1777423471 -1373544213 -805723223 926141780 1326258902 1163063898 -693241306 586277740 1506412439 
-311571031 1500794608 1124854272 120928007 -1798165488 1385514466 -822278256 1262314690 1540527815 -48140864 -1557758214 1259157870 1753287367 473353011 1067946657 757354621 1323553401 1479145475 -966511633 -62421703 -757745337 -1262810230 199402611 43786475 576079834 2023456370 -2034071614 -84928208 810742171 -1575525726 
-519218619 1148232358 1228547973 704227642 935547023 774388118 1345661462 -1007121237 -1509106169 -859546531 -839440225 -1637618908 -1398486749 1268883482 1558314068 1756221656 -644087727 -1959933146 1377550754 -453458268 -355840510 932474997 1414215857 -1285618774 -2074714798 2091151182 
-279908013 1231082470 -1493620499 -1809219971 -189224702 68629053 -448850975 -1277787422 1929750841 -1951669823 508233541 1016233838 1588147819 -647076082 1439107180 2009245290 1319297608 -622224022 1442276138 -179630984 1354660995 316401174 -1064111795 -1615968723 1046157591 -1607985962 1331124602 -1875139672 -823885689 -1845785390 1820610471 
1557385395 417758543 1925334163 1204045186 549002292 975652447 -128989035 -876154907 -1822292336 1925078618 36184757 -1372306821 -1600506656 1525177552 -1505066882 1961156683 -1113173663 -1079389164 1552599104 313956334 -1797405522 -1553539665 799456761 1780691852 360521332 1705845807 -1122625277 -164573387 -711260799 -53797854 811401332 1504249025 1767944903 
-995204141 -140346666 184571648 -1707724821 -987194555 -860040117 -1892476197 -1817047762 -1906230864 -1425516572 694230450 1343451856 1093142214 779392183 -430537308 68458353 -364149252 -1635832829 -189023747 -1891474596 -1471475576 -7169014 714278389 737629457 -906682920 296936245 -247621245 -1243922202 519882303 1003021818 -122106333 -391810513 -2120953151 
1383628920 -1822673527 1342781327 1709141384 -1350728062 1667390483 913845384 835475356 -1639124243 -1524233996 2012888527 -1039471241 594685353 1384446911 -1845258422 -817558482 822573218 931360934 -969939646 -1507001746 -2096356702 -732303760 1834579899 -1656730277 1701451023 935886552 1072302698 
-256011048 1116170812 1545730044 146448903 -1066641247 -143033675 -1405441294 -291108710 666438364 -375486649 965061997 -816679723 663792962 -876126679 -1939053493 1894528582 -158144357 -294592961 1771326240 299152676 1742932722 437766517 613381817 -505054997 1465000606 -72191052 1084421732 -1709594994 1394083273 2098004567 -182341469 -361513708 1007276631 1416496492 1385078597 470867608 -41938681 868405232 177527422 
-1413092237 1109377291 1189339653 1830978573 -106588947 -1564193443 -712801179 -623643711 2023947517 -183284451 -2024786933 1856327637 678315261 1477682986 -754888830 -792163473 -1780610 1790305596 -626972642 1087276106 1229037424 -1026323730 1673321518 
-801031946 -1612870819 -1895294810 -1335307669 1185335822 722122768 455453796 -377225822 651943186 396446849 1244431748 714291768 437561472 58118127 -1714137571 1731334524 -1865069664 -1334968696 -954043349 -1733581276 -1944606405 -1588217845 293107161 
1662809953 853590376 1185664982 -2042936961 -1682293113 2029278961 -1110923556 -622178520 1892962883 -1402425968 1329568062 -1837413532 -16441874 668108187 1519848170 1833908531 -1456944580 -1344601226 321521465 626588586 

-784494921 -1685036359 -851053485 -229189850 -1970114549 -521955531 -525570217 1082926679 1894029935 1892422262 -1345736402 -411521413 393400503 313865102 -563174776 1239363327 233845145 -1553624747 1894620822 1699057241 -1965952343 1657090250 
-2107716292 -2127266581 -1711603736 -604275887 -1479891377 -165840851 -1484566802 379178048 1799701784 1026666800 1065958199 -1272689844 -1629001207 -35856109 2027729041 -1785820527 -2126030438 927160361 1076658990 -1234826455 -992232079 -1806505463 1466518708 
1370500479 -825100175 -739624419 -2003832269 -1121003838 -779028787 1553116080 658631033 -183389960 2024196603 1082461563 1622643705 -1169193742 2021287686 1399950536 284532126 -1287799429 -1727691586 1946676129 1576814327 -558146337 1902004223 -943413113 
1764470274 816100974 -2027180930 -1672190433 596552496 -1869743242 2055898024 -1355843601 376038852 204145066 1101313303 1176690265 -1920274881 -1684404928 -1198605849 1385501736 -2019026499 -1187466451 1193554389 -1716479160 -1712918262 -1895685539 -2133505798 -578870812 966531429 

49060198 652514036 1520676498 -1043992216 1218377313 766901481 -1274329875 -605628715 1129648619 1992563713 -170476478 2096784486 1160981641 333178220 -1825447055 1653459400 332419835 -1432744075 -872468733 1489037083 1789949857 303596424 1735926942 -1284892156 -34186190 2105435170 341778815 1644045575 -1475418906 2113822861 1985901115 712466875 2125350647 989703615 653638196 -1568071239 -193403191 1625079803 -283191953 
-483633116 2136042775 997404093 -1176553784 407689509 -305279841 301376895 931889466 -1874361028 1123931310 1409519229 -1579738034 -599117387 -1799559181 1007649271 1377910524 -1363590711 -1468372183 -806252873 -233913850 650447532 1794841089 1168563376 
-1969340166 194397730 -1957774490 -968414599 -339103716 2099647331 -2041227394 -461555604 783321722 -398772675 15732137 1141720872 175231716 -1654959093 27325842 1581035821 2022508680 -2096322655 690376043 -796188325 -1659478530 -1446931917 
-1832032124 -1721860753 -108929973 1853657021 1258970537 1179171965 -897188790 -1344230977 -208133865 -1431837710 -1026178427 -348146250 37759857 -657654038 -1854416898 -477855309 950326313 -52899660 1132894929 1843195900 1380845488 1683135597 1383332327 -822287539 687642218 
-1989862626 1371059257 -1828713255 -1875660629 -772995531 -1251057917 1217279755 641044666 -632045687 518612889 154839029 883112987 1876414425 1229286044 878498468 1002773280 -1231238152 -432618088 1646063136 -746794476 -1695930275 261570166 -111304718 2050905099 
1805734351 -61983776 1339024580 -1485771114 -76994142 1134443819 387232955 -645947947 -1617563270 -1999355449 -1885616876 1525231834 -458114242 252206099 2033039428 2064664033 2046505320 -1722331752 -1526463046 -107234200 477457339 -1946541012 -46766531 1278285164 -1199771227 1847555548 -1805432578 1080637155 1803761967 1739571891 503709096 -1251920754 -137151284 
-647132697 -13562041 -748088021 -547955069 -1251054248 -543438415 995734506 293496296 1241188220 1599802416 1011158317 -1863833015 95900771 -444707611 -1279150462 -260545663 -1580396213 -1570979591 -179948921 443887125 -1578153241 350559351 -165873603 -1472870062 1252832313 268334843 800445905 -1556090405 -521398636 1127724091 
-1078517466 -359689775 299227924 1004938766 1987271606 -1921298285 -451301680 950740737 -678588129 846240441 883933845 -1134274435 -941453167 1608485190 -1188427865 -1106744633 1568252702 442524183 -1331677663 -2077839515 1150464249 2040618608 -1400868324 -2082098757 -1776439842 1598348028 1481360402 129641489 440492955 2093315302 80446479 1893486690 1935035359 16118660 1758814895 
-888696224 -451190300 537534065 -1770101168 1267058474 -1892501199 -881065474 1508824683 -1909239461 1532782196 1189174808 -1709378114 -1001839895 1303717851 1427360486 1808542756 
344673712 -1179595323 -751489361 546006183 -1706826134 1608375979 642892365 105673339 1802271316 284874218 -1578097742 -590070640 -170467371 -255643508 1392415900 1424580874 -1437957989 1214075825 -2004580186 -1776927478 446858091 1538760449 1132917787 -1421867591 1614995390 1622025438 -152337093 2022466505 
1107029532 1757452299 -803674090 642025415 1189467878 1219610338 383162798 -1461579646 -970699092 -1293929070 398995463 -1368183566 1562350653 1539509531 -569517403 -247126473 -976374673 166900175 -1353436736 -141546186 1080739293 1992821052 -1892430438 468194994 246829101 1478721300 

-597103523 1523097802 1974927260 1771477939 -1855315767 -1830393579 1835311791 -784730623 -1821017658 1883683601 1454191196 1831504900 1552974887 700245336 2001635174 -129946476 -680399911 495628344 -2093226270 827278843 1964483084 -2000164319 -2081110826 1447830494 
-332519242 1713044643 177523450 111084528 396548806 -1887818221 -792857250 -1822909521 -2063304813 -1403152357 -100205097 -1543909233 1106365138 641521008 -1164329696 9593949 -1157042725 950823728 -1554116018 148223194 1003261489 1697403194 -1883826713 
-1988548317 521191936 -856264812 -1213070371 134919677 -1611925195 -1457321451 -1160289078 1873489906 -1389729624 -1015013228 1188030635 419192565 706254049 751036821 -251123669 727060747 -1067371131 -1214952411 -827897440 658691272 1022973824 
-8967284 -1714555135 1217433013 1726362795 -12769542 -916140604 993354731 659371170 -1064615174 -519470609 538869773 -1611093359 1296316750 -1809527986 -471583 -1383555562 1491843499 -1054712919 -664670476 505901294 -1423115548 459804655 1576194879 1108448773 169873130 -616578600 830067684 566614373 

-1697019815 1974707929 -1698309789 -1550586024 -1920671915 580557803 1037200932 -525476074 -1744800322 2013747179 -1305116824 1311228005 -1427058535 926040323 1319593888 -1180065311 1639876235 1527989924 -443084109 1229232909 -1573394497 -881984413 171624638 589192305 1826084889 -1151873726 -777003214 1639603864 
-12678293 -1753915396 -675101977 -573426949 -1619405414 -1718036016 -1256041996 -869594930 -191957052 743009168 -1957725244 1978137158 -7345474 -2075168111 -204641633 -2118226972 614615869 1877520684 -2111057741 -2056668496 1291727931 -1107125282 1304384844 1711956126 -699376210 -1425545305 
779794334 2096940633 -1722672767 129137156 -1298302415 1785282030 -317280600 -668361232 1729276575 -258399714 -826475537 -1312880144 346340601 1882752647 -1574284991 1394515067 -1361413509 -2023862262 -1066845946 -1191928150 547512357 -1598414525 -410687790 523845454 220713191 -1226891304 -830687443 11029813 
1250512618 1318174024 -1839036390 -1178775376 -18686726 1669261838 1616518380 772685558 813985019 974672703 -421991001 -715713429 2121282874 1488623696 2012447653 1144225544 -257377699 1057000557 -494296196 1789049425 514043723 1299587496 1765800977 -481954511 -1347875085 
117748728 -1332611144 1091512229 -1153615422 -777389324 1361442791 -116131970 959251574 1520018029 87215026 1923404975 1337122895 336179121 1064121003 -1007829878 1420684079 232760541 -1142879158 1954304071 457760998 -411199460 663312538 1146265969 603663380 1431016346 -156282793 -588451263 1471846315 -779467852 -1806710128 -1659614854 -1563958192 -2101165597 709108686 2008985410 1844824357 
872332498 -890604700 1826186388 686069418 -920478356 -171039657 937983795 -1028990304 -712744291 -2120623972 -550868969 -1559885492 -1452347972 1655187197 1034277946 -357356990 636109499 
-1894252782 242367607 272361921 438333717 731872884 1995230744 1435514214 -1673188695 -5349977 1402748448 -1267144865 1313718673 -133271939 1468995985 1116020342 1983883665 -850318179 1262136758 1523467860 1067992032 188505055 -980429755 588067933 -248311648 273774123 
-1419871697 -197307989 -1014510704 -994673124 -1653079516 1672506513 -823935963 -562536459 -2138366504 -633332844 8276230 1922180435 565459745 -226957507 -1728391648 916277764 191888058 -26494454 -1892810864 1657500150 1061456140 -1064646833 -1617472127 1191808380 1146228415 1523481910 1851505505 -718141425 -783692839 -358569514 546322313 
356152718 -61943981 149624290 930593607 1804971115 -197567028 711905132 1581401485 232062606 -1344050152 2138305601 -1374252065 -98242943 146911796 -1322358107 -1375544022 1272734760 1633782118 -1725445355 -636185038 640692522 1034562985 -1848367719 -1349372772 1987944808 1027339677 829537964 
1499292107 365071415 1463212255 1873971179 -265881502 -318619937 1565841727 1437541747 2073169335 -1899854301 -237233712 1015772598 887963232 -1732517351 -1145541477 1144835880 117905529 1217222447 -1387647801 1867639035 -1978507020 620447551 1215072568 -1263665310 1003844195 
-549592421 -2078538301 1126073305 -54990032 -1922829010 557909896 785303146 -956897147 -871241299 330489616 1008225912 -1754459569 -349217432 499711986 -2007758848 -592854668 43984357 -1089952625 1716805477 -772472806 707826515 1021876569 -77910655 -1634466161 1456119765 1719856257 -2131889762 647377607 -693391831 77617452 -1441075874 1197565415 -1682700057 
-435085758 -1915149341 -399886186 -2058252840 -1879040456 -832020688 1389716617 -2147019242 -1440797447 221382194 -979579975 1861434755 -630449015 1173423004 -24385697 -2006652136 1931946437 -2130023548 -1599264833 -1178721832 -761417198 -1504925034 216120302 752337797 -823409941 -1258788704 2131534864 -1844225022 -485880849 -2042046594 -1463814385 
176316317 -442141845 -1427697072 1714741747 -1521751587 -392671436 873429909 -1505546871 1325246432 -122911164 -51638347 -477168873 -922985332 64086031 -1576282204 561586203 -15300629 1466560207 -98339291 -607770852 -1719066785 1274455801 -290575040 -1448145066 
2128448438 -1634140022 -1026248816 -44070464 -1558312806 782132706 -1921933506 -1123442346 -851778327 -853278550 778129846 -604915085 945502145 835899789 -1044036296 1432481487 964164581 421867215 1405167396 1251285402 
1917341111 -506807457 -826611670 -1398792146 -177092914 1993804549 596382220 90679499 -178157548 -290357495 -123895459 739188578 -882604701 1920817832 
-1596627468 457078070 -3174700 -500967087 936429440 -1352553376 1787028234 1435539616 -329728321 -773997901 -182718372 1598890910 1184689221 -513493288 835802208 -1900621664 -2084802234 -262987266 334858126 -1815235903 -2050528369 2107067839 
484568437 -78465194 -857084083 1951038323 1121259589 1523944201 236703518 -1356642250 2055661783 11793564 1136569720 -1200071968 -392847854 -1759730277 658866830 -1695540787 1636433325 1513234832 1721240302 -76291399 -1773058731 1940059952 1184750878 1607064255 
1810861840 549232022 -864317722 127513311 -535457605 -1906141690 -1429271994 2094455103 493966179 -676794915 -1512217257 1976720227 574670879 -1956813245 -1552991161 -1680512931 2116211216 969566310 1195902090 -1504314356 429525331 833655925 -1779130370 836494643 
-562961740 421291077 1130754052 331829139 611763562 -6811546 -609906596 1184174201 1844796547 -494330123 137384834 373291733 -1149299208 361485025 -1503252068 -147660001 1253819912 1050129601 -381430008 -2060965113 820205092 1944106181 881140510 -141454309 -217308101 -687155236 -6402529 -403475945 219459092 

-912834500 -1108703772 1766115277 -1882534608 -2135289524 1296497224 253567484 1884461027 2118296892 -1354117354 -578202795 1643395373 -399482872 564341914 -148050 -1197506467 875605300 -96871161 1012224869 -1176493508 1725503250 -780568406 391375320 1273942540 
-1153538378 2069105165 -1744821691 1128160053 -708464540 1944440139 664446520 -828550963 1342309351 -1178775673 -1438826158 486536725 173470991 2076151528 562471338 1049058012 238346144 -1917173129 -731707778 681467929 676460798 
-1288390184 -2042281257 1666025897 -1333334314 -1909348048 37214444 947043823 472705712 1436255450 2086051006 -996479024 323395328 2134741155 -1145050322 1225715334 1604062552 -1044633035 -518203089 -545398904 1921370724 1580118798 130339853 -1110767293 -1582719476 -2062156013 444277010 -1540995853 128399739 295893705 2115094475 -1392979944 182634715 1323314299 -1122139808 1570421455 2105361810 915537883 228463634 -1536229157 -1654445683 -1345722400 1430543169 87476587 
-1385910613 -42960518 -2011169752 -211885487 -1614197253 1773831519 -1054010409 -1409015970 990205512 -1932649135 -104749428 1923475538 425573872 2031386558 -1787688646 339802200 -274567066 -384956309 821204387 -116569349 620182285 -281218038 -184813780 -844776256 690286028 -216156681 -1617994124 623493371 
1197841065 745114800 526279616 658184708 1279858860 -1437947052 -338054573 -355650950 91049380 83308852 -1179003951 299103045 -325389575 2140830089 486196062 1581039155 -1398944940 -456445553 2138888430 -1636060416 1210671726 860199875 1275708769 -1952686618 -1584580824 
293666255 -1717655831 476851588 -937697198 1731749511 668003016 -985465432 -1925049296 -1033484653 1412233101 -94624625 1922279727 -876921403 1724570586 -1209499194 1926652265 -477620517 1262957088 2000246522 -1652369766 -1918597940 2014451985 -1075846591 228417804 -11398516 1910577264 -559996075 -1117573829 2008422982 1631385977 
1859075829 -682227813 -125664802 -2048509417 -2053329515 -571019692 185093700 -1134573423 -308807914 -1120648144 -193673764 -1634114561 -56917934 779964357 -1398519174 917469753 -362726199 -640982493 335834670 -2092371990 -210102006 
235188386 -391087664 -981573979 251007620 -2128414923 1602947904 1639082676 489325487 801441489 -1244657115 76361968 -1880488352 -1954520877 -1732623158 1286599941 -127344022 -1028955665 -1785184024 -706025649 1094011267 313517353 2069139727 -1526193228 -1017476985 
42081492 1765621633 1759249560 -1053064407 -992635624 1409731806 796669334 136851612 1012800409 -740799982 1116015072 -1217511798 -2028871230 -1159474387 611094582 551915910 456946907 233444306 -1068447791 -671248881 1635949918 -1387971832 -156265426 
-917008087 83453652 536463945 -783493061 1514721011 -1788177343 957496384 -395133429 1433136152 1795913625 -1804304030 1358372711 -738106317 1300927585 1773091278 -968761092 1802739074 900482722 -751986711 -2093708351 -147745007 -1879794256 756556808 
1233998439 829593553 -614911879 -2094860026 -1368570151 -2053543963 -136032978 1978069231 -1253473943 -1256823038 1238744660 -2123953487 -1241103516 -401372478 1164309463 -179761429 948025916 
-165287757 -2129009579 911326771 -457975623 1022658541 -2714457 1713707828 -2080873668 1669083889 -1546254303 1415281797 -883028921 1553303853 1065772711 -1997305885 -919695098 -891271921 1282875053 1447278196 915516973 1199433332 839422808 -1643435169 174895698 -1270084269 684980075 1684326846 -1044939392 -1378097410 
335122919 1650806742 1017564927 -512467180 971974443 -1554534758 2089524867 -1002413679 709241573 1360608082 1029031159 849612707 -1737090351 1346951888 1821349594 1707994948 -1136817787 840132413 127942918 -2110000517 1239963049 2040613100 1903183991 -1739707519 788010787 
-859294125 -445860882 543835506 -2054143646 -1796966537 949658210 -488670334 702343855 -337240255 -1841911440 2028633587 -1011338536 -1394200264 2037912193 -1943253530 458254806 -1119367850 1723957892 350292772 348438120 1706705973 -1458701112 -1050760922 -1948954716 
-5695349 -1375575715 -1692175714 -1994450800 -1644232550 -1325873679 -616423104 1831524259 1575001920 886806958 -1451242492 -434531303 124131310 -84032974 1933914482 -97420304 -845184923 -8179477 

1641358217 2134326336 -1432591127 1336758496 -1102235757 -878651320 -973452577 -793847913 1309622391 -830344917 -319568199 -1680937934 -1349642021 2094520787 -1472467396 -673243379 -833155041 1373111447 1483746559 -1382941246 -1176999628 -1689108277 -1010470832 1835277352 
-1660263722 1180399636 421157582 1606206788 -1576061726 -1567839843 -201559415 1005926531 340568087 376278746 -591767458 1985197329 -1179129063 1969316811 -175520991 -1728680159 -918374713 -1310751335 -2074400323 -1519195969 81182081 489182148 912976093 365203911 -1052006206 
-1824278137 -516276150 -665567713 1116239057 -1776066461 311957581 -2052883380 -37168354 -393716198 -1996180314 -742705162 -1945313561 402770495 625001894 -853095962 1531371251 809876291 -1484554470 -1136533806 1110637344 -1736148472 -1797222438 -785343561 
-921082372 -1603612822 -1776689436 -566274135 1297702300 1032639696 112141960 -992013834 -1363374168 -701420615 -340330277 1380130880 1215587803 320900539 875325143 -419197406 -326305347 -1568459001 -1440939724 -1101092651 197978363 -1590934941 -204794435 2029841226 1168710384 

1094553337 664808393 -2118722099 812169395 -334560844 -470003671 1510950713 688740760 -319359672 
1455355143 219693379 -1857090521 37250162 -836931444 999487242 -1069703781 -1942520609 389417546 143106549 -2078593466 2019791833 1158312109 -745225247 -502428099 675920817 1316092984 721974107 2123319956 490292041 -111734981 -859719314 140133112 -116393818 -1618995777 1460928692 588856967 -1134410823 -1150267812 1941430683 -1345931865 344379476 -1126100501 -1552235284 981149544 5571531 707307627 1259772382 -1731382800 1004530434 2027906249 1974074494 -183857156 1634193447 -1703875186 -1058527516 968386246 -748786354 
-347418228 -1215318151 -365479648 -1745742263 -616616888 960394201 1364510212 -849398146 1035722488 -2137586348 -1320397621 914754648 384234674 -2095219721 -227706674 876016085 -239037854 1047960590 -1700970982 -393370999 962820702 -1777560121 -1872345473 164630719 -1097526635 -2016691884 76608985 1356074240 -245975323 669596693 -1920706493 1731356359 1984527465 1203463127 71120153 -1429873999 -1749106571 1138057599 -1950843626 559846624 -1133019254 -552346321 -1652318338 544380079 144978035 -1940212097 1224460694 -1138259074 -1159104133 749237807 -1830604196 1050162097 -1119720609 1008560005 546451680 519284486 
1792364773 736219858 -378558279 256141015 1181561920 1236809534 1656966397 1385132911 2072803437 -37988047 -1717506200 718521199 -1674304897 1285282161 -1797467061 -1971541322 1506012629 -1112614823 -1980990043 2119861927 -1777904690 -502548559 1401930466 -546926539 1557486413 2033438119 -598004288 -1648390994 1155401045 1519501118 33221798 1806079991 -1449364173 -34697732 -863193228 924092470 -685627699 1770245814 -1477175692 -301844695 -321845089 -140035434 -673485488 
