346044727 393081265 1885847633 -796707631 892962921 409446051 -1262040699 1796521916 -615139333 -1050007011 
1500141050 1049895265 701116822 1026503855 1905881794 -1864242632 -1542471940 -1761315666 1004063931 1779793817 138830161 
-1406718625 345818123 453749961 1508087023 -1606948269 899899248 1422680022 1582715174 -1245520436 -1945281912 1862214819 1615484271 624031486 -264495562 137115102 -1275006753 1497278037 620411598 -1827789621 1656439822 710439329 -1127310903 
-452566698 -1146704717 -2135024627 -172767945 857037251 -1452693338 -1989140417 -1303899140 -1597233929 1670185380 586313983 1958255344 533075675 -439297935 -1237053078 -118902750 -1433131496 -62571620 -1664364806 697051410 870626942 1425517924 -412033699 1818174994 



106340693 108496117 -1544100796 -167878591 -485590427 680913157 238375010 580109372 1225871214 1105004020 -920040687 -271955442 -707249981 1669708417 -1033172528 851417678 1153772441 1181934960 -1619104434 597759433 -547880329 -1188388531 168295878 1298613730 
528545186 1211108408 1147577168 -469981799 1215057252 -1967633136 -1379137932 1397198559 82369857 -1530428383 837523860 2001953084 -447644585 -796696858 -1627651134 510118182 1575953569 -2109607016 -79003292 310865314 -1436991151 -1731861209 -867413705 499938176 2125336024 
343395055 -769176349 229295624 2094295653 -931023967 -1503862371 964939815 110520479 381037268 2027571507 712203570 -847113924 -160790230 2120807006 -1308147423 -1016862699 -1508329121 -1801811997 -1795690439 571852663 -1962804506 -603168330 
1395300722 -1014399724 -261997189 679887075 9473050 329693491 -867224671 -515878820 1611922206 1762129237 442368132 1624028591 -470550284 1880764998 517770929 -705575107 318107600 -1176465892 1477713070 -1149664959 1626152587 484104557 -1864047089 -19703040 1753588167 

-543845806 1884974225 178628391 -717168467 292487415 -1210387071 -179507817 879223198 -1016388632 -863207732 -1039264114 1805658665 1086345227 62132748 -794131673 688780489 -111554609 -999019492 -2142004584 1153341220 -1876535946 -291413670 -1829947570 -1833117000 -1209695077 229451973 
-899351137 -102194386 193319561 -618655940 1977547141 45695252 1867154499 353185978 2111140928 1270059502 1578625535 93059150 -414401589 215035502 -1364051556 -1881453374 -1792914016 -929041118 933845863 -1449257821 1032291864 
-2034343999 1784829657 -1042318008 1999142431 415888876 -1369068919 1602231049 1871666422 1847255715 1645724504 -862603973 827143064 1694556155 -578891479 -1084169031 1720304679 -1226693088 1526726798 -619887313 -1441086480 14676654 -112971425 -1917734988 -798642470 -910701119 486674482 624898257 273949117 415396714 -780493911 
225961663 -1244720754 1718590472 -1488320563 -1796897470 -2000614756 -1515383273 1124551813 -1721997977 2010389034 -191954355 -599253851 1293745372 1664397714 1384561716 1782586925 1331856921 1138606837 147033226 -107596998 1968973108 -309273064 1329241567 2138218070 1852909687 2128485287 
193396614 -1938468236 1871234427 1372047746 1201502922 661937650 1541140 584455103 2053924089 936717687 271996785 -903970125 -718236321 -1437719287 -1942520339 -1944781733 852434136 -1927839937 -2024327023 -583940692 -870630099 -229344221 -545241656 -1110227488 -1847716291 1828847359 1726666771 1098864456 -1258907876 1849612399 1625453193 
-1207231751 -79842916 -493885449 -1670224707 2121682247 -1639719390 -250584013 224923930 313561233 -2068199853 764787794 1094087786 1599041686 833128621 1927494737 -182818143 -1263859240 448908383 -1083624020 -592992101 -768567119 -1572241154 636043467 -18899711 657624528 1856614460 1073674972 325317029 -597940105 -1696621188 -1422673863 -864412335 -1200461255 
1692980821 1311824232 -995458816 -496009146 -882936175 1393825468 -753664704 1519631872 -2033117311 -1843558679 1195955719 -1577989398 391038279 1026001654 536868200 -292480834 813211476 -455817424 -833984072 -541759759 -1356806149 -597671084 -862304746 1953897450 -791695239 -993941188 -51031868 -53620400 -1875645519 -610466008 -680298618 1827426702 -1759706280 
176469872 1490909371 1511805380 4930338 -1616758694 -198263437 -1841830870 1448739956 -701492070 -1743199782 -1330320436 -1701018974 -1417270324 -423723562 -251291770 1009378545 -115869143 -1059154017 1268652701 1842229778 -52304728 703082141 1403822308 912566418 -1263984063 -1357225689 1571623660 
2071881922 223965889 -197492066 -456794119 -2022653181 -2097735970 -608198128 -2071958154 -1557313277 -2024981760 702490373 -398823418 384077932 -1040927556 820282532 -405042562 -1549487136 -473553340 1827808325 1814859026 -2127903079 -2037842687 1290809125 1256499216 1731673004 401538324 1229548891 -581246509 -970813908 -1863227135 -697959945 -754508305 1081115064 816638980 1809192719 2095226612 -1141480451 1478816878 1763132997 
1048338084 370195213 992539459 -251057181 -813689042 413345546 1713931394 885390276 -1027746481 -1100100259 559711704 417777532 1085384501 -102150850 -880278799 -1669189539 -782181972 -208452533 838001962 447764907 1583203227 1352832676 1147481856 
88892000 -1876987300 1522280730 -485347918 1699841567 1138679420 2041976329 -976322426 -1983475076 -418403179 318754521 -2306809 1425537907 93745172 -1675335749 -1907339377 2013144346 -1505017573 541838405 -658612991 1233248734 812269065 417741091 
-2131643653 1436066813 1787452534 -788151068 1054183221 346782628 -1161011290 1989631883 -2045776563 -1511166485 -1770902345 -303168639 185408763 -366544746 389121637 -1205353895 -372683704 -724190098 -325404850 488487681 

-1313498885 1460141408 1914075650 -83017090 871021530 2017337825 344769129 1647992204 -340605954 1227671144 -2013835782 -1901119070 -1047464227 -1849532013 -1690649099 255349018 -829594267 -628127671 -371599788 1946603215 2096091675 -1730268575 
-843739784 -901305562 -990084426 1739150196 -112321826 1504530743 1811019853 -579020701 589347287 -2034177801 -1179133265 1934667866 1594242046 -1244451189 1923228589 1106359007 -920212630 1882628683 1856299232 -37858186 1097298737 -1797731974 -1836001290 
1654869617 1282370461 -806052798 1790001729 1067548137 179800334 277094878 614988640 15952738 1155289385 -426283478 552359735 762191628 549903256 688674493 119447883 -298970062 1669982243 -1936926972 -206472608 -1035015220 -1975860132 -428493265 
2105456289 -1031209422 1054515473 765033463 2130039793 -714787898 534314278 1039676200 -1930506487 1669213719 -1089743093 1555977158 621457515 658528771 -1837699050 879359930 -214817271 -1140114342 471315462 -820572401 828862249 1756858743 1080988913 468207153 1930462665 

278881054 -203075365 93057634 88863949 932096029 -1883608370 -1741102645 353914595 130190428 503954216 1316042537 -1437680711 1888601744 1142669302 1251842359 669806769 -675361398 -2003094171 292377399 -685268838 -1039163765 317439351 -1558959640 1066456206 148317249 -1747377400 -1992231725 -347493352 484348120 -2005221642 1513910602 795224324 -489368726 950723691 675930284 -1507971540 2102729287 756984345 -2074147332 
-20406327 -336236635 339115581 -438582077 1727185767 -1998583563 -1168948802 55440984 612483410 -696001307 420650387 -1681425819 -1829992518 -1474252478 445485332 1511652381 -377401250 -643418479 -590046622 1823248981 1452407729 -1732452108 -526029616 
-1965687840 -1349685946 -1188409700 788360523 -454206999 1488891440 -313875930 -571073298 -1276986852 -52619804 -1352983202 -1803109358 694196961 487661244 -1795041394 -2137472962 -1753414440 -1714492394 53021744 1234379120 270192056 -1004119885 
1344105496 -1386580745 361231305 -1037187230 1412357853 -721260877 1894256346 -1875619242 -384380615 -615551066 -456273015 1739934851 -1923238835 804038649 1414665310 349533536 639949718 1361470293 -2043605013 -943136219 -27684671 21348180 -380965501 1092020313 -1448572828 
-2036525633 -2121832432 579755913 1389427764 1949020116 1389836510 -2095275749 1668393181 -692560597 2031745429 903802640 -27717146 -1113507819 1884416358 485207522 -939166865 -509472187 -2046639773 985675258 983100815 2092379951 -1138563273 1647180763 -1102016525 
927885809 -1662831498 -2007563655 -456311301 -1100604772 1040401043 -16682533 393174484 642424803 1873585600 -1417229743 1592735986 -1801778278 1462302905 -1742509911 1869980004 -732463358 1584743712 -1230080757 403191362 -566744317 -537692979 218882933 -1990162880 414284159 -1902943176 -919229515 -2038714031 336365227 -1477201217 1690917322 -1818509786 -366463900 
746115980 1390164067 777184492 -1392249192 -362152258 -156245688 1170545495 -1788381039 839442636 1660765050 -992846089 -233703449 -1299040119 -1339212904 1939319361 1511272416 -933077194 1748546264 -1578822605 -392643421 2086298839 1901333441 -2077721299 2141077671 -2124930673 557097811 1998970582 1347360140 -1755608787 1508906507 
937399033 1827333475 840035538 594085384 -1282286770 -1880710771 -214904048 -1992984388 1255565389 -801672581 764365942 1227292901 304990888 -772474932 92619040 1113397325 -863614696 1859706410 -83420720 -1940992196 -1859651745 -2115979130 1802706907 -1598023444 2029031240 -961035161 1767722276 1332034603 1983976623 -824828901 -1056018339 105134492 -89486205 1168949119 237550984 
-621044937 344323667 -654113744 -348830484 925597057 -1065907096 2099113640 -737951224 -509901122 -1096545244 -1281455995 -1191283245 -1499946721 -61192138 1652569244 958446413 
816359165 -1335712621 1954315224 1398966695 -816114924 1967689340 1604182992 1146940609 1357567489 -1056242487 540002516 1794609875 -1798084659 267005645 -1346031909 72081703 -1112403229 1607029688 1610433087 1960456471 -1878843229 1443785099 1228922391 -1594550012 -2050584047 -1303352342 -1792994914 -1860293027 
-585506073 -809458162 1555489501 -1505903816 -1651055621 -1387644364 187213496 -429901694 1980826740 -1272506632 1180913613 842593687 -430563268 -1520482313 -1050461755 1465069232 1730714210 1402294797 -1490105581 534271716 -235127419 652129341 -2119497365 2019705110 844613789 -1619213657 

1042677606 464967704 -665170231 -648980930 -1056386436 -1799158754 -2029946021 1613004092 81646552 -839383857 95750120 -746489919 351549516 1670398077 192998827 -78418531 61812716 -378200589 -946402061 197227166 -567127852 -959937190 1449039328 710281286 
1290357490 -38581965 -2134010229 2138776711 680869899 -1891005150 1564519170 -1593186141 -1872852057 1583051026 -641668268 1146226349 -1524761351 -903639845 -1880584847 1926835935 -1024716338 1345238410 -157602622 -194877481 306358591 -1931651095 -1915823567 
-170949760 1742693364 -256835357 -1192312464 -832106244 1549529696 -1887175292 -449752577 -13404011 609979605 -83595387 1456437738 1909474432 1048207117 614451021 -1834799755 -1739783561 1730121405 -1582425265 495915552 1444200491 841384800 
1214803095 141730531 -1253815980 424722714 843074251 177230864 -70743345 181260680 -1848466981 1568009386 188881288 2133493713 488771058 14797879 1564581592 -1344415506 -917436282 -485455091 -566488831 -1447723950 1223663060 -963440922 1406536521 114301593 -899532364 -897283388 -2112435590 485001257 

1311566093 -1594516946 2113716264 1151885646 507929020 -1310719965 1443341218 -1747634482 1430566431 1530672071 -1311050021 -1935154292 1870008260 -384160528 878741676 1052876811 -703760647 -1087778319 789082958 -130635988 -1900790959 3239402 -1406175001 -1051573183 1699681207 197335370 -1852504257 -498752985 
1138084221 -1218696271 -581187705 2032450550 302170403 -1036803647 -6805403 -1767149627 -1919399035 -1163970287 2066426431 -411115658 -1857614573 895046797 701893198 1413315517 1159854851 -1436894620 1280898309 1794284954 -1656602232 -1532500132 2135100487 -425206631 1392847733 -761230273 
2066251889 -2145770595 2020441211 1331057959 1651514524 -79330686 -991892614 -1687852507 723394093 1657605675 2080466347 -653754286 1193941281 -1166320823 469306104 736071208 356977506 1869695765 -176174700 -1922635153 1574291593 492280277 509569127 -207370802 1597772862 910810183 1553162493 -1940506457 
-648893336 -310912691 1300795858 -866899428 2085040977 -857434813 398438274 -1396634106 -345068100 1534569467 -429546632 787592577 -1420313556 -1945503961 -1684321901 -265950162 1261736456 -1637236253 -128080032 -2010997810 -1884440772 315641716 -1383148410 -1252325097 2006940478 
488482634 -1312823159 251679882 1969711751 431253578 -128873331 1966758068 -260266497 942930040 2039100521 -1572998261 240832025 1524239774 -308354806 -1205374064 1317441375 -364676089 -811888795 398087274 -689684944 -1764385683 635301811 530694127 2063771759 428876960 900667588 449752105 -577394554 -2019448598 196427153 -749440323 1181479547 -1525195730 -1799903469 770480671 1542405260 
1705120844 -1497021614 1565989999 1156853440 -319657617 -1418272438 -1537397357 1770763244 2094418798 -972899211 93288924 652610219 -732849587 342479473 1899151688 376106403 849201716 
-1620350461 141043300 -1171105809 26335477 1516541312 2025876775 1682165197 -961578584 940542428 -1723025135 1639024429 1865345191 1685537547 -1440234221 -368549689 203891716 -1935083556 2107540612 367294933 915684178 989238475 -2033156601 1745198372 1372203023 -2143613639 
823315416 -230825275 -603046769 -926857355 -438670399 910739146 -1293551666 192209880 -257058913 -381783846 1230913269 -987933413 -1310910253 1110770845 342479682 80711503 -1110821412 2028851384 313715897 1673929556 394658951 1131573984 605985772 513983166 1726213242 544914765 -1744343404 -1039775966 468202855 -341751504 -904031326 
1705644614 -401548742 -418687206 321574679 1224090311 -644954972 393905411 -1628888082 -1615581428 23121496 2064182383 -1460509744 1715114880 -1281065357 1934133981 583600734 1735809512 -1248730363 1349524474 576212777 232531778 -1497201511 -1746810083 -1521733862 -943801739 2144200517 -1410336172 
143185381 1897007597 2134380399 1619974185 101820524 1702782370 1935732696 -1209929325 2099266184 924480999 618477129 495357723 -1170468639 -43651317 614251946 -1755015685 1310419287 1316603399 1556271891 1374277291 -869296484 386822980 777633377 -350031146 1933336634 
507229666 1498512929 -546738332 -578942378 1424540863 1674071846 1653820071 1491478782 2014253701 833180046 -587232894 -1927106016 -1251159399 1115942111 -1011489917 447800892 760716391 -514508590 -647562421 107947448 1866710336 85630575 1251946086 372786403 -1836166144 -1046285991 -180725499 -414453447 -815423127 -897955529 1633058388 216457822 -1920215070 
-2043531694 333776871 514800966 -1520007873 -1560918948 2010365300 1639982792 76916684 -1500719992 1573898730 -563473553 1466606727 -136931073 858109785 -563457044 -1521960092 -958768384 1903405344 1034962603 -1401035347 -1364987031 1108049289 -788809098 62639609 570435555 -331609885 -1275400518 -1186529012 -1650394758 -460703774 1112277148 
57815929 801163810 1734542765 640233528 542208535 1663315934 -1689637771 2060206108 1425734579 -1045635921 -1607384981 -637512128 73878582 1975750542 -2101055557 170371792 -1806402641 -1711928322 1179393818 1181558224 -1598713451 1334086470 -1786044310 204378789 
1030732776 259535910 -704980222 1630098483 2008353950 -360582791 1882657522 1942891154 1030551675 -1433883926 -141655715 -1129955733 1863386424 1639558077 952342079 -1156123852 1617663950 -966838257 408211731 -2090919099 
-66668998 1827994875 -94146556 1972592866 1023874504 724164362 1421968413 536148349 -1191784265 -1694733967 504944330 -395219581 -2015632395 1159559389 
1454834205 733356685 1512275287 -1584787260 -1483105368 -96444651 -357764028 353764966 2115593328 259204205 -53196931 -693390248 -2058696502 -2109370399 -1811623216 932664959 -2062249991 -1664927005 962268378 -343478208 -1856192067 1034506529 
-1251192407 1732333457 -725562605 -937770207 900889826 1286724526 -648928786 1996405653 261096437 -1341598593 -368117865 -1772844261 867264797 546378657 1618715645 -1159214267 2096066210 549986609 2116426514 1116825139 -1156821192 -1200722177 -650990429 -891800493 
619667044 687340400 -1600279392 -1685147178 -1935747651 1832472593 -1076055686 1563997565 -1570137802 -123474752 -1791187211 -1713962636 28847347 1294168433 -637428544 544014142 -233575723 686528936 304691640 980273894 1466126560 -1282710877 1526631703 -461489592 
1851284979 -1415358335 1857155661 -1143397746 -1427776694 -521712005 -685773984 -982774260 2004402471 -2132438194 1847242461 1974114107 435086347 -324953917 -1121183417 -1369038702 -1474829351 -106477508 -1793632758 -1528173495 -1909431675 -149290763 1168683221 -1804571347 -1618898525 1587656581 1675541951 -1308404120 962392882 

1446788006 -1503325410 1429451897 2085371219 -1423768104 1644092050 -1491393535 -1413238840 -1822486602 -535604385 1023219217 455981171 -1416100804 -1537392867 -941025041 -1123782693 1969041681 -1426440987 -718424786 253607742 937490886 1494020091 2122142739 865498923 
-31806158 -552998464 -1029885047 287242013 1908639685 -270242692 445689521 890984556 921145361 853379791 699444776 1464475999 -401906090 -1443008852 860015692 246950112 -478959807 1416858433 1143480359 -604758321 1059891265 
-1249362780 -714628348 -772870987 -1220332683 765905691 -1830499012 520698393 -2005362662 2124228351 180794333 -1749905895 1977137287 -1649237903 1546220511 1425546080 -1053298058 -1997170793 -1326609206 -122750182 2047094394 273393049 -182976154 1204140523 188473987 -105446188 142090248 1862248911 2097829468 571948441 -1418916618 1747235494 280524274 -205930645 -537868319 -489803269 446069958 -242479767 45887147 -1381363006 -1384525858 200635844 -1079432213 -1735157150 
2057823856 -763021165 1588534984 -294042158 1741059338 1727896841 103794212 351637652 -1091729475 -636320189 571014733 1208041767 2072041970 -2085116242 2000806747 1333417163 1296147798 525265406 -1066377204 195395916 978968540 1387594510 1499338426 -1165200693 -717770867 -1656189829 1061294673 1667995763 
1277568118 -52759585 -531135907 1015638580 -85064461 1497564932 669912843 -1945594019 -358028721 -1488838250 1301107423 852768399 -443161135 -807485254 -56544825 317164823 -1939491009 -1787289873 -525901888 -47837089 -1939647177 -1292949114 -700592840 232868 -1840592749 
1183620135 1845125679 1553474593 -2133382480 -1324782198 -253486726 883858696 1950829796 -1936421898 838210304 656321475 563428082 1461074951 -1836188378 -1851759625 -1726094952 697107211 1128162495 1836137131 -1791472991 460356487 -444682116 -1478099872 2114373756 801626103 -682456599 915982096 -1462343108 1230665821 378118773 
-779298549 317897831 1061953944 1742975130 1637749778 -1306054253 -757847371 1165043830 -1876719694 947973227 -1126907829 -1455622798 319999955 -511832308 102504922 -1679782205 -127329525 486165836 1247167117 744431668 1366193202 
67804057 -1016779020 767684150 -1010399560 -840723771 473363030 2041710015 410648039 -1827583669 378227277 468927214 1500164076 -1275548381 1101171761 1802307358 960717654 286108096 131127453 -795102124 -1037802831 -677205501 -1717315463 -1860579796 -783020644 
569446464 233753369 312692123 55783771 -1136943174 -101831510 1876037225 19061422 2146392753 -889075294 470786993 -829835466 1487961039 -8367488 -2061826461 -822268688 -359957874 -1524759996 -716772732 -860141836 877989984 478930628 209753856 
-790651689 1909868094 1519640790 -713334142 219073254 -151368610 -1169568095 -1437472402 1291424749 202461546 -382764931 -826171614 1219573461 -879108421 -1331224282 1210162675 -36380170 942140748 -16987760 -1701635933 -1103056873 -852955042 -386691024 
-1578405204 -1940154161 -1951411963 -1302660419 834649559 1621879063 1432617393 -1141146677 1023528720 523661419 1868856056 1852319874 2031056420 -157423149 1839559079 2134389279 -1004253728 
339562927 -112327493 -670028747 -233385591 -1865302124 -770075558 -1073753128 241340070 368328103 -939110004 -280490345 234871245 1860645272 -270437917 -555820476 1756094925 1145990998 -20025722 -683638461 373924161 59970377 116849087 411423064 338631484 355604820 107317974 2140738995 1572889816 1246000800 
551806452 -1930131994 1307282666 -428471462 -2099996458 -539103522 -1305470199 161053664 -576862646 -2134040896 -1642749197 -128720080 44007620 -1780818960 -711728186 -281182653 806973875 -403097450 -1607371438 -1400337854 1208921430 2123160888 465802722 -1425392817 73861554 
1141548280 -284934699 1939671036 -1316851365 1354520775 669129750 1351008795 1902725476 67219501 1639962970 -955163204 839047547 1468707362 722377930 1327317869 -2005270001 -563870562 1376380996 -328972261 2138903914 712771723 -199648908 1117941112 227374463 
298602959 884997700 36750643 -1738462728 -1480052187 -1774106274 -1224215691 1655094827 324979136 1771824580 98298632 -2037252599 -2063838265 1798697763 -1152073353 -1179681011 -171272125 -937874823 

361605861 1373164585 -2127070717 -1159119087 -918820261 805595113 -1094463911 440299466 795679380 1750035522 -1551118301 1642709201 401435648 -817300427 -199326062 1747709769 341548807 1601297673 -145834916 1699579532 -369499802 -1890311406 -453611715 -1315830976 
-1045955849 -724914972 -413026355 -2123586793 -949752376 1565011829 -1769229024 1953561944 712262769 1634387068 -1329716297 1726932792 -566728399 -601391604 -943723946 717516525 1992779606 127906704 1674438619 -2014478485 -179794227 192449875 828169172 -1157865556 327518440 
1050272459 -1822783292 220971215 1977534397 1087038061 76468614 -1318734088 1271441040 -1007366909 522034753 -911719071 310984995 -382781657 -1405281986 -85691170 -111986909 -1487717977 2134607544 -922200485 2052305748 1475631131 19534500 -1012838718 
387413218 -1736318678 -1791792963 1671450759 1493850949 -2143572896 1946496696 244122365 -1509109764 1557249248 1309523534 -1726315568 -1637853170 -684322869 735612803 -1797577648 1640867313 1956409081 1356051540 -788641236 -1491896349 -987999651 -1166228806 2127978973 934765504 

1713703555 -1952880727 110769854 1818686789 -80433575 -738450314 -1850696647 1351023154 -683235336 
-1331366513 -737000025 1334843019 -1116277791 1762648956 -2144316132 -1045727338 -1683815587 -1669573887 -963306850 1877843166 -1365099531 -1608433414 643675546 -1463218800 558064115 753140628 -470177672 -1138444453 -170566792 1803040523 -1701758830 -1993961184 836587449 1209566957 1346833656 394086269 -1526955164 -427678212 679868447 1073674940 -751996693 -1295217677 -1880520020 -32018547 530969077 928660228 2102476468 -906924714 756728639 -625589056 -107624130 198470674 -502290470 1828582671 -2057185671 1628002378 -1064088499 
-357227151 -1994615261 -1425225545 1887448173 -1244215808 -1075241778 806965841 -430615546 1423612287 1790004091 -110237375 1732023570 1434737876 357517050 -178137171 -2129231218 2111815264 1147469780 -1567048262 -1683146578 -200272029 -1869255874 1941859686 180039927 1557234875 2044177060 157014562 -8136634 1005889607 -1245238684 2127775081 -1466989111 -1325532386 1684191620 -1717361422 2129957354 1067671650 -1847742649 -1007348420 -1095451840 -412333731 -1069723912 -2039068757 1666450731 -898545986 179722948 784672973 -1892361906 -395742850 1566416457 -2002721186 -609454842 -1810496744 1744777895 -306445827 -848441158 
-856428596 2031668859 1809711692 756816253 1227278930 -2009428813 -1474569425 -1295574378 -351272594 63122131 1503700245 -1257344253 2117519402 -1220781095 1812332381 233009550 -1085325902 2077441303 -640439825 1470264057 -293104931 -1513920363 950795137 -104844652 -116122995 -162990561 1932227674 751840115 -629973763 -1810923297 -841510223 1718966596 1448957131 1650199579 -1377689179 1058999040 -184886465 1536674893 -1757246927 1636240185 186720234 347233704 -50736271 
