-1832577925 -1217422171 2074629817 442453816 -1916241330 340119544 -1734707527 -122590627 1973675700 -21075410 
-1183461630 -1644292668 835385036 440653826 -1411552403 1263240586 419082771 1709764509 -547277694 1898259613 291045492 
1199088960 777157064 1541911274 1012588838 561737271 1510650547 701499417 107438680 958133738 -532005185 2048377010 -1913164683 139310108 815583157 -858441439 -96169794 675460816 -803590962 -1458481182 179094854 -1755538385 1705564460 
-757734019 1846028889 -1080510386 1532643851 2065596780 411868180 -968975085 13523622 -926075314 666350808 -23966108 1359376599 559050727 39836816 -155384030 2045677540 -2099704410 1605505579 1396679527 2003099514 901522771 382761541 1364992679 -722551054 



1360372269 -365651137 1328299818 1926531258 -1819145482 -1842499843 -1881391567 -615832833 128383811 -1056274279 -1091321251 -857389159 -972071636 -1510226779 -1912794935 -2030283874 -196536186 28971370 2004300050 -1520769787 872284317 1707239770 -133253188 -529455754 
218235003 -322950931 -556056034 1761495110 858189961 483063436 370712042 1201620216 -1127298738 -1297238480 314254247 -1000459058 -1675454709 -1799323722 27393983 1584154400 -1268384513 -466136837 -1875334832 -354354910 1279503586 560217616 -1956334740 -1863230244 241787458 
713736093 1842641813 885695528 1083598467 -641200966 -1250616668 -2040825074 -408871969 -2055555220 -1976033392 152555692 -1708266899 1136706864 -307720084 -1687535567 1159327732 -1386973793 -1906608060 38849714 -382063800 -628967850 591721487 
-439408596 -1019152680 1584387020 1152435760 1068873800 -1851797834 1167744839 1782762658 636454972 307666763 1154271779 -1841328873 -563692987 -116607082 -911020485 497836729 2060127845 -1244464391 -162548945 1373249489 -1469495624 1942136778 2027753917 1508091320 -1576491609 

-711624400 -361826779 1825996172 564996815 -1835897346 -330847398 920174132 208424007 821666623 -1503436872 -806016610 1030979198 -1983836439 -576932089 1635486009 355924636 1831564319 1697505822 1180689117 817389845 -439258920 -898367349 -1829630638 959683151 156560634 1527008504 
-672534439 142815227 -1469284196 -393323985 -346209885 1081219452 1014948777 1408690158 50104063 -448964002 887177585 365594200 1698127356 -336372108 -499166140 -706660223 232304166 -25966337 687306218 453385213 1838429337 
-557344380 1687072184 502803744 -1239852199 -593304243 1544455319 -1923284757 751768053 677476306 1113502910 1250332380 -1197533730 -1997493041 -1010645370 -713530733 846123767 203378237 1808578226 -1045731689 122632235 -856260949 -359469891 1759513238 105596504 1615695223 772333668 1848299604 89242287 -17045004 -96476358 
226475174 -1740837558 623063859 -766701127 -1146862975 -843715469 1095082027 417399325 332558907 -1495140648 -1032119375 1685898576 1405061519 1537835289 -1923509654 -52005698 -798612676 -46019122 -1320439199 1330154277 2116232988 1722513692 1583009230 696516522 1101591632 -698782403 
874473870 -1662070819 -1387955619 -396059303 1339994984 977148117 -1154292745 -858078723 672105979 -1259106214 845901329 -1928350854 -1864480314 26441114 -1543659728 2091421835 -435969659 1617565306 1264937544 -1029958017 -1666950495 66877240 -784603146 1658417101 -1573401214 -1213656991 -1126279866 -1242346098 1172024252 96164131 -876376331 
-1739902261 -1236602921 1569000941 -196306591 1359813111 -1038177518 -147412005 1513835596 -1173236956 -933747129 359216470 1020871225 935010975 246056973 -1999131726 -25267033 -1303752441 -807640469 1391083072 -355642809 -732544161 -1189606220 346521444 -1326897698 454886229 -1888825518 -626255492 -2124896833 -1061693052 -784613749 1495550101 142478007 -1527220127 
946952586 -306888983 -1094479501 992536219 -1953497176 -1240926930 723044645 1078928624 -1802466450 -1047988248 727585948 -500115620 -439727506 956356524 1428015808 -899545203 1044851428 950229129 1069379322 -1519497808 1904105865 -847109072 -2074433037 -1545478554 687139548 -399476342 1998277665 -1260147395 1123067343 1346919989 -704095586 -411992416 -160072543 
2031653898 -1427651687 996228723 -461740438 472458494 1948360126 -313352061 1591094305 1539046365 -455048169 -604535791 421626223 -482518667 -2105590520 1757930158 1021846262 -1762118560 1832833297 1033571005 725985950 1285077520 1483509877 -1292558470 -1464774772 877666122 986647755 1801736772 
2122658883 -603363087 2007378584 -968295632 -419600345 1817299652 318942598 1930764323 507207025 513426400 502541545 79249912 -611172631 1066634331 -1739599296 1993225888 205153903 -204398885 47383017 576433098 432529030 -1713242047 1030735470 1511924472 631441251 283344464 -824430608 1965419681 -1517825775 1987707980 -1806821251 1305785651 -1912903426 -2007253888 518059600 2044604480 -185293474 -1117303747 -1212438434 
-1052552509 -1293422942 904411213 1894328849 -1786321658 -918819446 -1151144804 -1623861716 -1428809320 623327107 1800353233 763904730 -103902130 55921847 650820061 72708039 -1389502044 -1246494732 549481796 473568318 441410810 -1347457219 -1651751831 
565595788 1495717266 -2144442579 939511083 -172366298 1336329200 571346600 1763502320 -76924059 -1334559383 -839986106 388087059 1938135563 481315462 555371132 517567555 289978682 398237522 124020200 -53209253 805231072 158148662 -815284522 
1684457049 1403910801 442453029 1000396808 -177378498 -421784940 778209835 904906964 -1192359585 -210052052 -1118964545 540303567 1161596232 702281920 1517866747 306575263 -1521601970 778558563 -1583095285 -843422332 

1909602607 1777123219 883249880 -788113822 513581444 -1996662282 -488286907 -407209374 -784365143 1228498100 -639002799 1799421712 932130401 -4016115 1880099622 1354668525 -1417534986 -2033231113 1064333959 870557104 1990827289 -1720281755 
-1712815591 96518678 -2020006481 2026765027 265606794 -2140929315 1212692876 1818363377 -1272172466 1045602456 855385724 -162398139 -774195593 2116867550 216137006 -1726416212 -225179221 2032157220 1869527474 -963691369 -433761501 1955535284 890998469 
-180756102 500210538 -1364149294 -127263172 650791226 1353977090 691693877 -1232715900 553502969 1474969104 2122720613 -1097392936 -1121686675 1378870407 461196105 -450648078 -1968427115 -357653775 -855689525 -854417449 1516974759 -1940647667 -791642240 
1728648083 1933802867 102156174 -224620146 1232474440 1096714753 -872715068 2070848182 -2000937994 1609085931 1741559819 1334541178 1692314745 1176404591 -1701036263 -637886698 -1306373503 -2081402676 541453382 -795337315 -512991405 -55340221 1748855807 1299598077 488547378 

-1752045325 218001534 -1259776846 83077104 1508011370 1982733206 -921959163 943041703 1066997846 720356592 -1373084789 1859870287 -1648477245 -1442170006 1835828968 1356045192 -1566213047 -1757656298 1190508197 1281423580 464191357 399890465 1472430642 973958254 147555685 -275274617 1439529502 -742585226 2009169864 1631148160 1787090152 -1510533835 1789444378 -955610135 616429069 -1008593564 1036510379 -14130569 -1668033006 
-790006878 -1522744771 251617296 -527377195 -472928707 1244661352 712883769 -1450705306 -279876268 -1608942517 -1480603263 -733291157 565447913 1506660539 1599458696 -737190991 -2015233404 331103464 -959536433 -266188462 -11162814 959969024 1714558102 
-911074579 -2059121025 -970834590 -2067294260 491757313 1853852323 2030319337 1697610085 -1653054492 1402884340 65656135 -1347534082 -363250048 493450831 1079134574 -1160168388 1026867092 -812946341 -728563414 -237517279 767364028 2018946537 
-749302077 1264761411 -1149946000 627032011 -391065364 2027386593 1461293724 1390748729 -1479109607 2018664866 1180488595 13716267 -1994529668 -1961241716 1228443040 1086758499 1841969012 837213315 -1444413780 -1772080801 -561634770 -434684279 -1046679505 585003171 1183993855 
1891729628 -899881335 555231230 -1059623995 1380461647 -2072568497 1392348149 -2122852571 -308316064 -1712649118 1753567177 -563402211 -1790593956 -1105225591 632719922 -1738231836 472618671 -1430586977 -1007247362 1929076009 -843095557 1300005054 788824844 -737609294 
1160969855 -1527725653 -647557474 -155967325 1345407489 -185494854 -742537327 -220331388 466017264 -1771906071 128492213 636815831 1317249903 -1044489523 923607206 1790553516 1343531588 1208467812 78285458 -2104313802 -268548332 1407957651 -2140439291 1625517470 1912561162 -2091124073 -1175170517 -139711823 37354855 321590627 -875334734 1088282872 -322748155 
2017646113 -760155284 -1721453865 385466196 -951527657 -752233317 -296340302 70188033 1109625699 -1075664943 -1844101140 -1240101884 2098523038 -2062302374 -353678775 -2093288789 -515565515 815417466 784753379 1172389713 451053493 1253422163 1824496708 990505274 -609576157 491533097 -1526333024 1874395387 -1979628935 -1290509427 
1325830979 -2003038972 519184378 -1902371130 -1670820200 295562374 -455968171 -1743627554 -100641304 -692124387 -1426575536 960122704 -1102162962 1091298609 -1420070876 -1773957501 -602588864 2030365376 54644220 -508788970 -1901159689 2121524422 -1703441845 -569284649 -771495379 1271655685 1668227064 1008434773 -1726710354 -66868353 1678502151 -102164021 -397216107 1017161662 960004966 
-1518292730 -1928997357 -979009807 819895662 577661246 880324584 1032161913 1958238905 -1530103260 1031128697 -1419678929 -2030874627 518812018 543900623 753473185 -704426881 
-1679809988 -1760605972 176863033 -376458809 2105475902 1737150242 -346791089 2102462398 1903495524 -1989462763 -178074731 1246323658 598623450 806823004 790450507 -1455965884 1179325992 -1887255603 -1004776151 750729477 -713657067 547638385 -1515931965 -1128516429 2033753368 -68031270 -848847274 820011739 
1442205559 222197700 -1729368324 1563958939 1458924664 1842999306 -537699762 -1847401197 842888599 -600809504 -1618283188 -1235659568 -742701462 -612903486 428536164 172734630 469058078 -1902275967 -732870585 -1195676769 -1776968157 1874794951 -474191455 2007674737 -153214711 -312279829 

-1306788212 1977485800 1803196258 277624015 825269384 -1964286898 1633331459 921638386 -139859116 -1837527879 -125343682 -1019244364 -1843475458 -866242727 -1920743711 1325697055 -428244968 645161908 402275722 1305743727 1501977912 1020962089 -1250001004 1570307424 
-956774578 1207638838 -456998534 1656902565 -669515032 -409120015 1393461642 2118209597 -611168223 -310592706 -591069345 1581452028 -1527170512 -893160605 -2019620023 501134979 -748586781 -930231553 -484019311 465737962 130746944 -1769615577 -818186402 
-394453972 1553374552 972291662 708932512 -1298687958 -627114015 -443193503 775090352 -1248441508 -1378429485 -2057552593 915873706 -112301075 -1513907235 -1153713422 -2040524519 -1255494881 -1121962127 -109217623 1029370998 -2028212989 1251155501 
1176539277 -1504791930 1013069611 1643964082 -676721434 443669641 -1958142126 1303212808 550968148 -239444909 -190352691 -804320642 1678851768 -84005228 984228770 -1270318126 -1953171266 941535044 -596721990 -1371566991 -1372320041 -1563215661 -1015942102 1937755604 1689556653 1800696002 2098927386 -1910934906 

1330502299 -462804574 -1342880746 -1546751290 -135969528 1836368473 -172774799 -1373863930 -1833684446 2083652968 1630444286 102533113 371893843 444369521 -27597682 -1055899632 980333557 22352819 -770350332 -351649325 1259207910 124410533 -726020143 -341707987 1485423169 122545629 622454952 946042747 
1839379857 768650950 366047797 1222078376 -2082088394 -588975637 -1789356822 467944047 1044422907 -535422284 -438011759 220241380 92620252 -1905104413 1163275739 -172367646 1008075271 -270632887 1802132732 -820901469 2040154749 -226718664 223812093 677991113 1609738459 -447369881 
-1908458178 -1810754030 -975667018 -1861367322 -610018746 -955931033 -202438983 -2091441052 545352312 -24975580 885644073 660349092 1900827776 -1914688884 1372624864 -1716808560 315573430 1647531660 -64295931 1654366951 1178356223 756845987 -330428857 1406597600 433497958 -1826580375 1921997118 773221681 
666043163 -1345157278 -1449857485 -936312414 929630448 -103626174 -1093584057 -1713120862 -1267733267 -1247307505 1068674787 -2008972646 -310025023 -673309205 -636708278 -254200589 841353766 1208651592 -171738633 1486599625 2114580034 -1370299124 1395255294 227367854 1476991139 
1333428760 -418866389 61941682 2113946583 1730592083 1631097654 1602895651 -1836783157 277100673 -1488438489 1884788825 800429531 970985063 2015155207 1527055674 -193814736 -1554066300 -233249218 -1040522704 -1961851812 1125039791 -1051636652 1052252578 -2107880194 206734964 -520455487 1303700278 -1747474579 1834703783 -1866483348 884493449 -996004269 1985164845 -27338836 -1664720825 -1042706437 
-1707638577 737283625 -731971115 -1785556547 343453952 1845743693 -1976986862 455690961 -277306708 1967149 -190564345 -255390040 1514072127 1296110205 -969307814 350269788 -832048896 
-1311937263 -1887336992 559451739 -1917334672 1613449889 -1331203881 320524322 1074847220 1193600516 808989647 213687004 840504668 447667785 -2043118908 1696108575 -1848072238 202064069 127231321 -2141337257 1817169874 386165673 1426445182 -1765728688 1957193294 -1246530296 
1250733785 1480647735 1317261487 354468715 121188593 -990860735 808735798 -1186272812 -255555311 222913934 -357241213 -1325248801 427781598 -1706607235 1663656301 -1076969537 1106117451 -1175513289 668718585 402527925 1068208097 -563536296 1481384960 -1622597639 -503211550 -327786319 -1741088818 661557089 1329864539 233049996 802294542 
1207546823 901476765 -1375849698 -88371621 -1989829699 1156897762 1160375550 -75503033 -1574296985 166788516 -34312257 -1532424961 -1773894305 522108144 -447495648 1935075714 1873902761 1637463421 -1581012411 -873302590 -61148316 -1795162249 -1113666499 400199392 -496507899 799372532 -1865665643 
-1914842240 1894792932 1731130934 819294412 1849248896 -1089653989 -1963336598 1962522429 -1729077040 -128489358 593550319 -1038704999 -2115879286 -1838951799 -1674500337 -1333250720 -1807610133 -1527672102 -1162406881 -1330861950 -28219621 -1266531181 502545403 432670791 -1180369030 
121578357 923568431 -823725465 52223232 -1801636730 -905296187 637605283 -1689577882 -345817168 821938220 -1943601863 1267518830 231488254 1987521369 -1935899185 -1194142991 1790584664 1705302626 1049870648 1648901303 1401621874 -146541337 -2073143454 1525059043 -899297712 -263978492 354778152 1625336947 1526272772 315214126 -1666617955 668389895 435251213 
962089226 -1090862958 709262519 -2078662568 -140836609 -608513535 115047339 124707831 -1580280406 -1054182671 644882867 -1399253579 -1402806762 1045449740 853775866 -391125216 1314250929 -1467801015 1153321191 -1009824538 -480844456 -383948227 -786445366 -1954797787 1006959601 -1058345220 1910936492 1846732721 1947437809 1613918145 -89095782 
-119037514 -187384173 -1068428543 -1116779862 1133323129 2147367896 -554341534 -333351162 -97892937 -811524271 -547090226 570812789 -1122254498 -293185196 2081508616 -123898856 -677716268 -1531955629 779964368 1127896779 -268537337 2145387638 485175123 -234629868 
2091917661 1157048754 -1854599690 2053699375 -816614072 772917848 1550926537 -230048515 -433525362 -812155662 -1320119945 1004385368 -928773881 -177207163 1901374187 -707717323 -2118260062 911114870 1593589279 880387319 
923030829 1725908237 -805294552 1100977925 -251695300 -556696900 1451455369 2137364951 1451678200 -1753744292 -1126290900 -1012968812 1933577926 1414503834 
242817428 -90474217 403141672 442883337 1136637681 1985178605 347037919 1771351175 1132572377 273706807 1938690617 -1290004947 292981059 -1800786669 -1559873236 25546001 1009884366 1116324197 -1647532893 1463363844 2096376477 -1781056245 
1382425627 -252527663 1437712137 1701244206 -747035575 -390855456 -1518330505 -1134576484 -280055080 301282326 1172026129 -1142300604 1132887827 -903074408 -338234049 2126627057 1959422650 -1369923507 -1547661359 440974416 -8530341 276277041 876934601 -748538482 
-533392625 -607882882 -1278535649 -938364406 -1082491700 -1647847405 1343034705 883550987 641572816 1101151193 686877733 464289304 -1249226138 -469770042 -1531993953 628953985 1057332740 100309974 -2002604229 -1342056738 -1569390132 1695956809 -1478376425 427169335 
1501595000 1271016472 594486097 -1537978246 -601139474 1234930059 256364370 -410095977 1752436627 -1034887551 545913501 -1919689754 -60717305 -1899951355 -1555754582 1495228410 1706862240 1123918236 -290939816 -1615464001 2081813042 1584923508 2087880543 -94095281 -625545231 1595434609 -1998121514 484236056 -1761187279 

495231006 328099196 216590587 1995518055 230442853 1655126113 1196905453 1884681107 -1667350823 -201910935 1603123395 -1064937259 1580480358 2040247091 -356283677 -1746581308 -1560890058 285408712 -620010195 868493694 820763208 24191372 266243564 -1105213428 
-1178378408 -1228447185 -987711608 2046779558 2116477383 1489453387 -1781886062 -1707153239 -1180625331 -819946361 399773517 -1179168833 -1627892351 2070691454 987128058 -985233804 468560780 -1140015437 -848119770 1684724901 1647607835 
-234093552 370081813 -1841606723 2070983226 1487669292 -1388827600 1354844336 1951877087 1405463999 -1574521223 -1168764834 15559776 -898102546 -137974203 1642627013 -963097399 -900146262 1098546712 171292647 -1317517367 -1400653844 1306290090 2001385090 782763798 -1377995568 -1841264209 458305743 -1247183596 -959003976 1324206012 -503445590 1842257173 959898805 19500841 -1959996174 -1173938298 -197778122 -1198524685 663694245 728195744 -1934225975 -939619672 269711843 
2051036380 283849220 1121785020 1812610514 871539853 -1332032478 -318373489 1096205405 1645479662 -849572254 289151265 2002939894 2067229214 224910526 -415675558 -413695418 -268647271 126432611 1379322448 -325320825 -181390647 -600137946 1117080726 769203248 788267078 -558266593 -1807267803 -212256415 
1455114145 1704520812 -15757293 560004504 773768360 217489852 1757907348 1185765014 877247727 -2123945065 1811586079 1990525563 -711640677 840658198 694981603 1448517870 -1039735883 -1359461534 -253582790 -1186301379 -629651707 -1534062598 402103040 -373128401 -1372467356 
1214886505 -1943183163 -1518908348 -610949505 201526431 -1694046902 2122116568 732110090 -927092036 -821646112 -1644692116 -488769018 -2102321568 238052282 1844258306 1203321599 -664441101 -983327684 -419671827 -1605505634 974006034 1993366458 -1065177684 337976918 -668123577 -2010713628 -1951631743 -1267971653 -1478407301 1916116248 
1991448407 38846202 -289603362 783283694 -1692903016 1236811121 287706087 -585784699 -93594127 190480457 824089162 1952333584 -1220263045 228581572 -532387676 124955786 1574543360 -455166222 1526482812 -1378593841 -950837618 
1390088610 -1804458082 -1017299865 111604729 -1878452634 -1349973103 -1727850023 -65856862 -935148212 1078921894 1077669408 1729407695 94970311 138777038 709362377 1013530443 -1199563757 2114873993 1870837735 1888347252 -1623035118 -887975598 -1205326051 2103841143 
942463904 2009029751 -1560013547 2107210990 575892826 2101582432 -831385192 2147334469 20899745 579222568 809903522 -1958010122 4989747 -308031760 -2133823001 -324427748 -69658906 333011116 663050788 -1131018340 1928331883 2074001392 1276614825 
-881546532 -1646542915 1746045809 -1739632039 1277352878 -1709494416 -704689762 1960295745 -449582721 1540221384 166183403 1893666430 1133242333 -1524202685 -1477007164 1493044694 -1326584149 1593478507 1251792842 -1062912482 -1994396087 1600390146 257774141 
1502525986 246582788 -1780852310 587221151 161908614 395275083 745353933 1667240067 -658401219 929394002 -47869180 -1517988775 1469651920 2099569494 -1640087299 -955562893 1208723818 
-147011068 -1322867110 571240975 116178181 308989321 1414991124 1063646109 1759474998 2130136578 -265792198 1009637249 -2128219165 -1302252459 -1067671273 -1995491086 -1305591946 -704005370 -1206312447 -1122632300 -1221095237 547679247 -1040887270 -1248890516 1140063063 1044905205 314456681 977807297 -842810764 -1272306772 
-925325503 -1395673177 -245877633 -1479929016 1963928992 -1026075748 1114569132 1332526580 1364049581 191443022 -1322427574 -1441781863 -812279595 -1528257666 -860958503 691534936 479355249 2059331989 869896861 1436976272 250196340 93355858 1606319660 1801983981 2078532522 
-1944911256 1961988902 -1748184480 -727297520 1969023019 -22861144 927395861 1646560162 1409983739 -569311292 -673087404 577651507 -467715768 -2039852779 828826790 -1252569434 -2142148576 -138875711 -325873001 -1982015702 1455831930 772517832 1360816425 -2039748344 
1699710524 -1270878462 -2061661599 897303350 -1973684930 1050209583 1375349874 1796547294 -1910296892 404500578 -1458938982 -937909595 1064837920 1906672947 -806366994 849577780 -1387211209 1645420380 

-12110578 -1592572546 1102711051 1997537485 -923853440 -1809963411 1759175583 -585686895 595833474 -1921023604 1595608039 1586982765 -113780727 1091840750 1622403461 887020668 1864563159 1328855413 1798080792 82195597 1236145144 -35634776 -88304042 2105450291 
1094635068 -1406927720 445826879 788339970 1373332787 -44532105 -205532974 495925168 -8409259 -376440231 -78730245 -1306000127 -1048718131 -1021010237 1897869247 1907032134 -1077184781 -1342160216 245959927 -504999611 1606854957 1026851700 1394660364 1330408451 -921944163 
1443462871 -1848610944 -2140051517 816473161 -1710149482 -737007813 -2074702013 -544061681 2034578667 1383874154 -1714783046 988044191 -1627277589 347076406 265499231 -1613635003 -1642922872 -2061037827 75164449 1536177915 -432091967 310840501 397377389 
8428244 1207750603 1924249239 -1099973735 -1904575890 2058261585 -1455513246 -1904140351 1934769536 -1646753001 2072099501 -6604366 344670093 -1142771540 -1409348732 329163733 30985224 906052333 -563311804 -1488556055 -336877257 1381150676 -664387612 -686512301 843655481 

406930663 1778521964 -1673777336 533329724 1091348090 1622971260 843151362 1982198673 1548209725 
-1089991004 -751287880 -1881404366 -816426782 257662192 891410723 1662198442 214175330 322481680 -230412140 -234588269 435710587 -1854353726 -1617391845 -61584610 545211238 1939224628 -219425832 -88450432 -1725017308 1271304647 -1657115862 -508091680 1813019954 1575334513 -1200372946 -887652982 -848037896 933047519 560581636 1324157035 1745038499 690130677 1249621649 -38982220 -1834219480 -1415732582 -255189820 1955903333 -2004117018 486373930 1203139551 -310150466 1314444527 -1627318355 1012324198 -629762679 -1390260211 
1220037277 799136313 484681709 1256251070 -351959462 833022785 683015289 -543111153 569438338 1432911488 -204485041 387600434 1244354887 187122731 -336040646 867812326 -1272099461 -1453912260 1749735826 -1365876925 1496615972 -95048521 -1496979771 417757792 -1304800503 160423527 -2066646119 -2073617791 -1441274765 -1119418702 -928817597 -635202914 179326042 1978002840 732351877 1197069451 224032476 -805176539 -240509415 1477904765 -1188184750 1443483421 -405365431 1541351727 -1837035563 -243750923 1067283236 1132045386 1847312756 -59606421 386878131 -1793312545 1686881003 590010856 1069622929 1054705870 
1326285907 -1280576924 968171650 -1411549541 -1817346084 1639685473 -2030947410 1479303656 -2113124714 -285901081 -1060025121 1332088228 296847179 335730958 -540776292 997626417 1851984839 -1436952132 1136536196 1901448827 -1564384386 -1788436477 1957066342 1508756406 -1648683138 -1582596887 -1582057059 -1692469375 1216125269 1334079885 1515080478 19208977 -258262382 -921826455 898947991 -1329152211 -1181457144 -1904868314 1693490624 133175286 1771881792 1559780068 -325009602 
