-2137722445 -1566239568 -883009210 -108385094 1350053171 2087256348 1478767295 -444962173 1236689319 19166363 
1949158079 21821674 -1847005054 -1078266688 -525985730 -766709242 -1802081921 1130253474 -371414059 -2010122040 -589156313 
-1520374612 -679723504 696200547 860795557 1071031707 991534218 483405712 1565125867 710423514 937579992 1314091655 -1145157186 1084257921 -1417275416 906541810 -1839532092 1694465820 1709222730 540772074 1441760880 -653544708 1202084662 
-738397426 -866614718 -1547345807 -1314501109 -1838559262 -1890848470 1876229985 2069628727 971367474 471648718 1558293245 432140486 1784164707 -1333265463 1450745299 1944343664 -283750509 -418638059 1876618259 1792334447 -1999265860 661669536 -125079374 2073392830 



-773411461 1496776700 -807740784 1419281384 1097648478 -788336770 1748717957 1255384473 -344251851 -1632284460 -871151761 1834080372 741741413 1400815859 1331213906 2130228344 -543834259 612624240 -776656782 1712045302 -1905899522 1129449255 378288910 86514526 
1206270621 544140060 -1321397261 -483210980 -299069923 -2129455821 -426128805 1279856799 109753395 1188264841 655708329 -2039705023 -1498315756 434967066 30603493 2124490294 -1615758927 -465457729 -1513012890 -1211897512 1497968326 -148230184 -702859220 -657921504 -158354275 
-2008449843 646107535 -1518031253 -383119539 -725250083 304059111 1895131458 1578996355 234669203 300737349 -1017065336 1195075397 1244635206 -89925616 1724860531 -901058343 368031055 731116438 -893856523 -1278451554 732800221 923240182 
-2125280315 312320354 -188596202 -974161233 -551465342 1145472015 771694881 1315179975 -1250835723 -1553185660 -1334022892 1832771741 58720610 1798097361 -2127321428 417777788 -311290931 -1356422941 -431536399 -1531121870 2103066052 -117812713 182030446 2068357147 -1371385122 

-312559782 1498198930 1212727215 489566567 -1934512230 49374958 -595267694 -448867710 964891926 2059946725 -1566344378 -1544401286 -1288729857 -95523097 -399366651 1042354502 -276950950 1922212708 1323798103 -1491921456 76696998 -1135644767 1511921797 -569163877 -1196786768 246522072 
-1981410431 1703601707 1732806753 286859712 -1039156493 1176643855 -1747937849 -2018005895 -1368097850 -101920239 1083778928 549220171 1758478680 1820838386 1729955380 922450370 904536534 914152836 -1028274938 452092071 -1042397329 
-779645935 -1488703804 854780689 -1135554367 1101998195 -1196769104 -765960291 527172868 1909934714 1933768752 1161461416 906610021 -1163310752 683560478 760570301 -1333038977 -36785291 -1469029133 -720137711 -1159133237 -962731753 -435153400 -1441533299 732549965 -1445557023 -690981250 811852977 151632899 -383879752 -1299410395 
-1237764940 -373503651 1104326178 1507573545 343872062 668774766 -222571353 -494597035 1178859562 -1597827278 -427809465 237814858 2001068705 1647551776 -1567591146 -1954626914 -339866132 1585101078 16882246 1959088185 1482917802 608890635 -796025715 671827152 -1532463015 -563149431 
-2045491083 -1193403401 -776730570 689170651 396764030 1119582872 -1043424717 -658525080 -1750674282 -109947035 -1256334309 -935197377 3180187 713059219 -1930941063 1900279988 -255013272 1811492410 -983078667 618391197 -1676019874 -351651016 -894075097 -2132072976 1296592569 1778364661 -19637597 1918092518 1606763180 -1007092970 -796940944 
226254665 723817167 1066699828 1939014140 -2073572708 -1011963938 569379294 -1482279960 -434594404 -635882355 -1665683679 -146480733 1682797055 -466691330 -1394691784 -1524310857 85957156 -910964960 -532650290 875301976 -1276577009 -436728931 1460663644 -298131721 173725234 1820226723 250297988 -876143170 1041495260 1596281067 2027103588 -1633792208 -628129191 
-744538071 763493111 -739886337 825480153 1710758063 -321932359 -1478154152 869975755 1537853072 -514862014 1484971730 665037088 798790850 -782878647 219040269 -797377350 1620887814 -1370270629 -1981536033 1337057102 1519353793 188757019 -799803063 -2082821574 -196683404 -421474829 -438661376 -1154167109 427769392 -416220371 -994935927 -1742124100 -7697978 
1688637419 -98854557 486006495 1958896132 1045039292 2009887487 -1801641288 205347331 1866798607 1426673729 8596436 -1044550272 1403247156 -1810437776 2135370957 849019387 -923950925 -647120625 -687876688 1087477332 941506179 1853318143 -1624230528 1250339083 -1246192101 -252342942 171607188 
-1951428643 -497454784 -306347539 -1108363554 -1911232569 -156893554 141790652 -1526260215 522641874 1357553256 -1650284705 -367246825 1343731058 494535401 1479989760 109467744 -724749242 -48431969 -1975954177 -969440090 1185339093 1390925099 972952818 -2079292192 -1844032030 -1663930594 1945523004 -2114490165 786346158 -1531175726 894489288 -741986149 -877141646 -1303058487 129881650 -1240477711 1011826159 905569062 2051723389 
-1744159739 -1116566299 -1322584160 161359196 2094817265 -606784818 924546589 -1172243217 1785038525 1603918253 -1891537320 -870167885 1284466663 -824704489 1625885352 736883526 1385693289 888544688 1912342742 -513362086 1237665700 -1994024944 -929563533 
327234965 -1395138611 81326712 -956355877 -1369890819 60806641 149332709 1210294472 1332001627 545341345 1988093046 -2134597608 1808720632 -859098700 358956494 1645379592 1243484255 1857606319 1276996903 1598920998 744155224 789469282 -291525328 
2082032005 712615979 -1899835078 -1390142238 629370916 -1324539327 1229522415 -52304725 -2008136462 1166099532 -1005562177 -2001955108 1545188050 847655722 1107370985 -52514629 -1193388054 -1540030018 407208589 -1710158600 

-888976701 -955728480 1524782460 2047074394 -1502182141 -430990951 -373659670 51900280 583824159 -1183685648 -1680857249 637678836 1708347658 -358683090 221761366 -1069026392 1735130977 -129561425 2121187176 -1044133143 1697129280 1824238819 
1475567734 1967102193 -1906477101 -1086899372 2101499030 -649382190 -1907307698 925490303 1158409157 808040548 1779863350 -1060305519 -339162876 -1993068244 385819089 -1607734115 -804774447 -861303686 1831428875 1630020361 120492963 -506374223 -1672042948 
-959259454 -1944444083 -1881677411 128320054 99903167 -1048501906 1092587236 -1549257232 1830093470 1982446756 1881930190 1636617190 453213454 1669398335 705319251 1581235134 1526062530 -35215922 1030307651 -43779050 775222820 -1015714152 -1262881972 
-1703524416 -301446713 1214637349 -2048097248 1581406953 1888866778 2040766533 -1327094131 544834393 -673835026 -1123316719 -1477264969 618725361 -35524182 759926134 -127464357 1434198219 351657659 -2084381024 -156058593 931511766 -2033098128 -817107030 1031703116 -465597992 

-707124673 -1178126628 1013210825 1893287142 1574656442 1506841698 -711735368 1445596539 1772293554 -931172310 730800977 33149104 1901672545 1990948376 -1638199394 -61143620 981246517 2016282369 -2093357715 744306763 1899178577 1077669240 547625813 1148130636 -1839946208 242694610 -1026165271 945007439 964734675 721757628 -2125943591 -1729734592 770720354 117482907 1275042971 -1791095650 -1631139347 139874259 -1510664383 
962519337 -1683140545 -1163234448 -1183984603 -523712849 -474058324 -56213166 818267209 185918522 41425789 -1742342649 61558780 717105321 1942764018 914675856 -1695391519 1046168622 884989176 1726622253 -982333150 725724902 -124505306 759407194 
-1006513902 -906089360 -495702413 1808351325 -1832325838 1233517348 -2074902123 817383177 -1069531540 700550553 1414881286 749233079 -550698821 1095803722 1441379941 498760583 -1905174581 -2123515713 1512139425 -14929856 1618706558 -304330703 
-1363414851 490709857 -1577499811 1109150030 -60302761 -2081690900 895194125 1089218587 1306270609 1849010998 -604666886 -1279876579 302929557 -1346575885 1464989023 -1256007949 1729986450 1551879653 -1560262371 1356392397 282084158 124302525 164842577 -1695709976 1476488806 
-1313429169 1184377487 -1215632130 1329791926 1153430721 149926390 2006384411 -274337859 512634267 -1067052389 226559929 1982400081 -1363438839 863080580 1314077699 -635458121 1443014525 853249213 450312815 236826572 241083403 1300875928 324419426 -1561700510 
-709892858 971192781 175651056 -303818709 1338683084 1113799469 -1186473790 -849850405 -1594655749 1067318124 -1281197395 -857554608 -1924608369 -63467617 1101445338 -1255384147 -2034438405 -1939476902 -1942122884 1687529415 2018058887 -2084616995 -118730090 1153917295 -466814115 -1231946027 -403620930 1526826385 -761590316 -1726528897 -1887180738 294878683 946279943 
1806945043 -198115158 -1485706880 -262175104 1635097957 283555704 446112989 1211483091 1246351328 -173188227 1108081459 158904651 373773384 -764475199 945440794 40181629 -1474314569 -1478672381 -1241517476 2004320478 -611182788 1404344220 1216804690 -806064688 -1361617223 1133615960 -1654411935 -615906846 78817643 -1299994067 
1123018761 2105650784 760454900 -1648032686 620735376 -1943251633 399711037 -993940921 -1327037380 1972403899 -637533004 68757742 1972992188 -1617029636 -776870990 584079454 1930253963 -1785821444 -2027010974 -122370582 1199847942 1348369782 1150589298 1833074645 1560759195 -2118668864 -133930188 -1284299709 -192782065 -2001670675 -293609285 -520934881 -239174718 -29653379 -1716184776 
1519923936 323114620 -630452817 1276029047 -590166519 1981492103 2118565110 1643921451 964313520 117405946 1033216442 -24986605 1425684569 -1553999041 -875452867 2031753320 
-673976311 -183331033 -2071155818 350781882 1322788675 2106621970 1700179626 583416787 -1196402582 1098541512 -1828426461 1768450419 1787315739 898605456 -254663688 -1898611970 -1272780219 178764370 189898098 1293889851 766024872 -1982129847 -307380618 -678713852 1396563583 471182196 1405916593 -300429180 
1010641436 -871172090 -1585870353 2027138776 1375209863 1987648014 -1941327195 -62881324 -327866791 -1934366636 362055337 -120040197 1861584558 -611260113 1240113324 326456508 -1436374248 -240156638 -567888974 1337385900 -43794957 -1025455101 -1245072275 1509537889 1895318741 -406030596 

1292823527 -649695055 1096538419 -1142869122 -113086992 -1812216890 903658182 -1309117827 -1515851395 1093483752 2071820002 -1989283156 -1193801894 -1510314821 -2048353032 -722072523 -528916100 -423730028 -1397572961 830308347 -1124267563 556348344 -1201783855 17828820 
-1872753474 -1420149362 -2024709091 -747946478 -834862389 -30717419 254763503 1723670153 -2071344471 -79008467 -1224147022 1449045381 948641239 465552798 -756973581 -698563868 -714259352 643093500 -1521362693 -392620710 1605825137 1882788740 -119332212 
645437231 615820639 -897674029 609080108 -676055147 1296730189 500848494 728024100 -1624061701 -91452657 683227036 -162723888 -2128881262 642915217 -1015864809 436608213 -1798497225 1425410248 -1200323390 -60248163 -112450131 97580156 
1943372527 -756353513 -294576537 -1342276405 877554864 -219790281 -1885441103 -823869021 -1208056516 -2079792651 295989542 134138325 -1487191381 106192940 -2085645767 668561291 -519278318 1824525017 -1911357383 -1723573920 -1212129156 949221371 413684325 -173055828 -1201897542 -133101250 -258424987 1791325791 

-2003103288 -2126568740 -1309472179 1574352411 1298753783 -268320022 1471502411 63128411 309177237 -786376370 -869790541 -1977579505 977646273 2063828249 -1093413413 108754368 -1098040251 -1532113438 1949999166 690572263 952823962 476838826 2031076819 -867489571 1732850229 -1649292657 1446074398 -339924934 
1272491672 1095982065 -10323288 -1981416623 -1681405532 -1331467458 -1678611967 234451584 289169109 -76971006 157422665 -192812816 735064567 -833672050 -1678788939 1361861828 169660295 1804874799 -486801986 -618964500 -1929539840 -1764943825 -960835727 -1447740836 -922566189 107506909 
349547844 -1456318427 -1609308249 -1896710420 1506573488 1248307488 -36104436 1288750078 -1069741023 1386461656 -1166955162 -2051980823 487107013 -1523404809 1232979975 -881669601 -2100125897 -1166056176 -1663607920 1394077864 -674674771 1863256966 -1681982168 866491470 1364684823 1090418647 771726220 -555529272 
964291864 -1284132099 -1612941504 688601963 2085167460 -956631926 1690400640 1758732217 -1458680064 -1981745067 1693005760 -283150567 -63618629 529198938 -893976726 1631267098 -841113694 236605191 10867536 2051885648 921628470 -1700712362 1705140604 -1133692863 -1414754442 
-766083127 1689157938 -2007108209 -1441791753 232113050 -1559547667 -1877934135 -621784483 543329750 -15330543 1280461797 1248872546 -2101899963 382586004 -176614532 -1114352254 90382655 147364134 -369485343 -209962564 2085219705 2056744073 -1602455972 -1882418071 1374199242 -1789978165 1977197088 -191516132 -1752193402 1636323900 1451119859 -608219755 1851345145 -1865498096 1848700476 -1511483858 
625312509 -2139727964 1972933830 638510383 569699854 -631414906 -1439331414 -245565995 1026456038 1082759375 135928031 -1601240740 821167366 -1845170596 -1932398304 -409910858 -1248642733 
-1892816191 1959470008 1336824086 74986456 -2096049960 -528775506 -871994024 1540851310 -2087582747 -1196836099 1449075055 1702436353 1283336746 569495147 2129087717 -985199503 2133811820 990923939 193513023 -1314290231 -1968597516 670625034 -837384180 293317500 -468420945 
-1183311213 323734587 -669165462 -829168459 107005940 40620559 33522139 1491787768 2085230563 -173859814 -649577177 -1604793018 -1024749351 -246735429 -586392690 -671862399 40853372 -1825846103 2086952590 598752079 -219851510 -167803739 -1416969525 1937189164 -1785458463 1746777812 1786921912 915766005 -1602335763 2038718048 -2068664987 
-816400742 -984721434 -994112380 -440217500 191710030 -415578412 447065345 -1007709352 -858928889 -1684350934 31232377 -511830501 1363502203 -1895201141 463640225 938101355 -896966153 2036481768 1058066536 1448638356 -167276650 -1915503541 1975240078 -1814406760 681223948 -302538108 1742984402 
1267245527 1874432682 -1080576353 -698923257 -1367297495 1962640540 -2000409909 336467643 886047310 1126498012 1432402006 -727410562 1684951907 -1029718627 -1735403783 1449646886 -219702434 796889390 1940788396 -504732706 1165502352 843838788 135970348 -1253063966 -94136517 
-1066677 958059998 -773338032 -1887793269 -1582484135 200833731 1452392838 -481335456 -2063213067 -296152838 1542710692 1523491005 -898959979 568292971 -535221664 -368810662 -1585122616 1892810403 -1597712998 1192420666 -668142877 -169996175 -1376285974 -1208151787 -1491804191 24965238 -1811366952 1764313054 -1580200793 505969132 -980801013 564589667 2025296771 
-2118130319 607818984 -1249037410 1061326982 1114626345 1556646441 1685368795 169595333 -798333329 509378670 -1537018287 -1430009186 804660549 -469394991 -692899052 -601411469 1763592715 377654047 1457679621 2038370936 -1882226076 1068346186 -387771004 139554677 -1598625032 290884628 402635505 2092807202 1896110724 1187740237 -828863853 
1168827636 -645808246 1174420131 -1401721612 1244188457 -1669021397 -1436697996 589568181 329824248 -765875900 320549399 -2004631216 1054199563 -1256161709 549946387 1686487141 -535831916 -1007157754 748969485 -1405989880 -1911090014 2046085740 266714231 762094840 
-1902516407 1477166404 470379966 -1733408676 1380631629 503483481 -141351498 -1387967650 1110216441 -1511345752 1724134743 -1943057892 1663186763 -1948385445 -1918550020 -73882214 -1463867183 1223488956 321628717 -208085387 
-367299394 -1733621667 -743698683 -1975701673 1413947445 1422254979 -832247609 -880146652 1260859083 -1646833089 1845403851 673000509 -599422611 1684812026 
-1449285438 2092581008 -55253478 -1388025068 719220633 -1131214752 -1664053584 1080203355 1073410393 -1715061209 1470069990 -1747706618 -138707005 564041607 -382627371 -1586219119 434462475 -959598891 1018433191 1250468279 2044938506 1232365877 
1903378010 1697998569 1302145340 -41601379 -1429406914 -1700050017 522505471 707425719 1803043198 568069960 -1337959624 1386063792 96178736 1974121459 -1036861593 -1065191160 -915019217 1732304720 1705790079 1537385546 -612784069 -1918671641 -305177339 -652889854 
1760284617 589007528 1088774113 1454587212 1784529797 130306294 1628067508 895640260 -1368224701 -1899211363 837696698 1068870804 139165338 1711382551 -1239675175 276734477 1945922537 -985391949 -247907129 283705637 -803588900 -507031316 -190361237 -42912704 
-2006917250 -1612821076 874331188 -2030691747 -1481892873 -1315051301 1735142697 -1754063305 1078805987 -1052963393 -117930204 -488489729 -965764551 1072917942 1152720385 -2103711044 -1040878668 -981790852 -454336186 1317358182 1631904391 762974709 -1744193796 -910530985 -971172166 1732525121 1079291746 -1167739612 100783984 

365921885 1659858005 -1134840513 -2108390237 161959825 -629547125 1176200838 2114879462 1901957521 432256253 239295240 1367545836 2125640329 351160 -2036530509 -992777032 -1683521056 2029561105 534098031 2031649858 321815535 -1153158901 1209543427 -1141585069 
-109767072 775849978 87465584 444580741 -536527548 -934422744 -1153987700 -862748570 1988999581 -127652290 404707119 -106090995 573427119 41919777 1475893420 -1844526471 385218056 -1342690830 -1632872162 1122093110 -500648743 
-1812583236 577866454 -12886 601915799 569689916 1470511434 -486654088 -2073945222 -621911572 1747877176 845817281 -1866078401 -989812358 -1962496272 1459530254 -200608757 -868708155 2130652291 1012534923 -1856783607 420396233 -1816372524 276445998 -96784705 -1792601042 -2006972300 -697611484 -47812935 -261730925 -1242603453 -1371559531 -76603895 1654837389 -1092912789 -1007538163 176064450 -128031259 2068318911 1365856909 -978205782 2119165244 1560712352 583081668 
493127201 -1755980122 -1124445772 1216514415 1376145101 1709929952 -1074023423 -1631319609 -454259836 -1666041940 -107480986 597172476 1541564834 474872514 24418525 -1343440569 -997451172 1324296396 -1830080689 89028140 2043418235 -1229258096 -404354859 -1641480269 -1816924314 453594558 375091409 -1370061387 
-227808578 342411473 -1254168782 73228174 304068859 -2016596237 -1063274675 1373415471 -509139535 -1050040508 254606907 -258082061 193886120 383095757 62799534 -1161140454 1636954164 1096897042 -167159623 -1927276964 164887951 1816290852 -190987187 -1426752978 1397602845 
1638931887 -2117196940 1922908928 -1602789104 1836202695 732478057 -1500079066 337873651 -1107461345 -424142586 1646509318 -783344282 105458062 -767209458 -1885274705 -479305894 1431121400 360020594 697051690 -976424945 -338827883 1294208310 -1915380933 -31078590 -385393407 621064517 -485448216 485271464 36176278 833004577 
-1045710087 2099003233 -492891172 -1767615675 -1782774590 1509283944 55115324 -85853929 694712447 -750642589 -1480555099 1853289931 2041868590 -1803230995 -1563827232 1090265884 -251666228 1635770796 -1741639853 230448445 -930824672 
1720380881 -1295509650 199835566 513376208 -168211523 1808360063 -1245562466 251790122 960006301 -1127576281 952674977 785495128 885769252 1245365460 -1662073697 1801777746 2114225732 419049319 -815446427 -1122820760 -661021866 -1048802713 -1987683102 -5956439 
356528544 -852046826 -1818660593 -979335905 1903470889 -1290176237 -133217733 625580356 535582981 1691551498 345673052 1747630776 -923165470 1807616439 -311118041 -1658174068 -1094717832 -2130648627 -93576982 1393259281 1521386885 1538624353 -1219804555 
182111732 -862793379 423194485 1476296008 679445287 1609993678 1379834536 114906162 -2001037446 1990121732 1109969822 1454962299 1081764283 -953375894 -1327387252 96776360 115513087 -1320636670 -655783411 -1502375916 585970592 230106008 -952950065 
1032320160 1953209715 -329073351 -1617397382 -1155485929 -140856023 1562816249 1789634656 1829849413 1741088362 370966888 797657605 128544632 -237837613 2075260636 -377499427 -1305669891 
404949230 -267420402 -1531687814 331266705 1873795391 413191550 -1432224155 -1096966400 -15255347 -165910457 217875179 -2136944299 497930842 -1116210207 676832188 721615963 1729015917 -1693797417 1973364930 -820032991 -256333845 888700731 1980559211 1542717427 -2144433651 1796966854 -405838823 -11286123 839409851 
-1992073820 760188659 -672471342 1387270953 -1190959392 -986505795 -254197679 694656742 -759886509 1897655423 1592243929 183045148 -704936889 -1141067940 -1065241383 733781525 -246829562 -1310339222 -1897271341 -1468236178 2044550327 -106085917 1053586852 -185591529 -224646076 
451200 1654918409 258860009 -327538050 1523194343 10433476 1032536587 1456656168 92097072 1644838950 -686780908 -1247752851 353273165 2047047294 1839661552 -1626704372 857971685 -291551013 -133351065 360912792 -1058756067 149582475 671518996 -1877786633 
1221393814 -1348462571 -1476901236 1265495672 -1238399869 -734401804 695700941 1552942495 586081127 -999170262 1177671250 -1123749327 1739516775 -375186993 -1580142251 2043336900 -1547509541 234017291 

990552225 1685356798 -947307722 319196482 -1121186471 986775284 -1593183720 -1852746396 258402478 -2008319235 -960281266 1919308091 -1926239993 1839679591 -86257963 -1286998582 -799431077 -1544588133 -1330569007 296286713 -477439240 514473532 1663816318 -974162366 
124918836 -1814254074 2057976100 967763630 -135081137 1449829484 -387038035 996033292 766894731 -1927003146 529106471 -1837356592 -448320102 513388838 218533848 -1870829692 -2071919845 601518196 -976946620 -998683807 581818314 1523968281 40507031 -349244868 -1396274034 
-1469659932 -1104816675 -1861470960 516273543 174794583 -1105169341 1116897524 711674774 1877499236 1617648461 520866907 206074412 1482145710 -1492415638 -734362844 1052058961 807434810 1784869214 -2049938277 -1061844530 1999152374 144808412 -1690846740 
705187097 1939136648 -851546370 2011324780 1054906422 -1501644432 -419245879 2015096825 -227719456 1323066516 -1003248537 1284083582 679287539 -397473268 1981093783 -1151969928 1100537715 -330872289 -1498506609 -1916864399 -620668039 -600818320 1083124495 -846489216 -898593341 

928404326 664841471 -1639729687 1836766526 -280569910 -14799571 -1010092282 -347781453 -307166902 
-1699338645 31288934 506309505 -1885154595 990793080 -943413802 -281126336 -1618039610 1736258648 1341943496 1697738 1512063964 455199542 1583209772 1722743747 -1245502619 164051731 -548699735 -507556418 1243400985 612346050 -1051874253 -1957713584 1742851546 -573625531 -957557872 2008758567 -896245944 1290000996 -1298441387 -1969855904 -1456978717 2112787076 -396024335 -820413289 678878639 1987829696 1797657478 -576271415 1998828782 -1494513891 1400345094 -328056347 1313414006 1360557438 -2020236336 -1953184859 -1589528966 
1864987983 2071217018 1177545412 -513633196 -1482699829 559350544 1341347524 348100457 474383684 1673203202 2039849224 -782610086 1407788709 -1819913718 619308813 -190227938 166735079 527771457 862031201 712312100 1852582289 -974623837 -1656108404 1239109736 -470281515 -1094238325 -970709939 -2077886639 -764513958 978711367 -799141163 -482928182 -319529908 167647812 1369908058 -1258996245 -1164406572 -2093341924 1450159659 310326476 703866775 964161984 -1342344132 -1923296107 220007310 1007086335 -97005310 1317689573 320031974 793506418 -1776911699 997125458 -371519846 381741262 1354430379 1740715731 
-671688971 -1779243583 1995370563 -1588126836 807865861 335850828 1581625246 -401097513 1585190971 -1385052391 -1044851983 1493755886 -48025987 -2061003846 -863621044 1811211809 -517675000 2127138306 76850485 1470954686 -1764661632 173446237 -84142545 1035632207 2047495675 -1548942721 1454769530 597673043 -750157187 1490288291 1614293707 1105116414 -161473095 -826310890 772651892 1477641920 -826466712 934755240 1202134782 1305097935 97764585 -958543117 1842543732 
