-1920260055 -265909344 -1793772134 1040771582 1884081360 1703351097 -1537247255 334840481 1242678192 -1143496436 
-1065102080 -723235564 -1890220606 1223145005 -913006874 -812208675 240149849 1091041427 684681795 -437297221 1296443908 
-1707647818 351917614 773636997 -950430635 -1884510218 1220709192 -1848883948 -774028825 374723755 850355335 -283249726 319269424 -446090444 -1712378758 1103991021 -1955595036 1152238988 -857041488 593922502 -888116228 -655639754 -723143356 
-1247775517 -1712145789 -431539726 951034725 610993279 292101846 2086296474 1585222670 469696525 1577536920 1090331661 500808992 884705602 2041886756 -519754876 91407714 -1192377375 -1989559492 -500697163 -396736030 -1306836957 -390669291 -1160894551 -1829301533 



-1438311479 -1621667443 -867219343 -472200135 1948049564 671375129 2113469985 -1210177374 -242630988 1288184978 599052028 506053023 -1402519611 -110300077 911559387 -1886283742 139813881 1637241401 1439284957 -1877082518 1610803971 -1428784293 -2097900858 1224834235 
-355308471 2095883077 1742864543 -1747362175 1532222126 -930798754 -1780588890 -2061305409 -1307866094 -1332329005 -1850339249 -2104126348 1419791224 -1861656368 -747346313 -1580875550 -1911382641 2013903376 -2004494225 -1083926002 -884519353 995012814 -1317470689 1992956811 775910648 
1632219198 -403782883 1469001673 336130743 -192657046 -1041675174 50457797 1812580530 -1359717760 -171506140 1954191689 -318631649 -1193655181 1780332016 625372880 1530874570 203206928 -1768976998 239143736 -432186355 -817030446 -1562229489 
-980620099 -1197975203 600230132 -1471194553 1499799738 -436454260 -1107719055 1115246887 -1056697316 233671331 -1893632270 568979919 759922998 303650324 28467903 -1111886038 -2088488009 -913342995 383214790 1161981445 1751400890 1915111356 -1328332160 29143804 2010929094 

-192730109 -1257162120 -356642452 1244535164 -1339600600 1988691312 63452733 1606810192 698695803 520321949 1828185366 -696422466 2014203428 17490512 -378533021 864677692 -302681501 -568251491 62322217 -1733229382 408376163 310244968 924291335 1621066239 -1869819407 709769103 
1836726978 -2000761951 812189566 -511931091 1196079517 500247234 1191205284 -945093496 -1624561462 1732399046 1805259975 1534874820 1772028617 313484302 1362255951 601042990 -775333258 -1594442030 -2114006160 680304152 1812898170 
-1084451438 -1915463823 -810943885 -1373536477 -1387836063 -94375853 86434445 -33596390 -386145342 253441466 1007519451 -2032073088 -421601820 1929179339 604753671 1348983526 -833825664 -311920012 1359719201 -1986441955 274849617 -1996740445 -815388210 -1832591378 255679821 -873875304 275930149 -1887214070 314282584 -794141312 
1840169977 1892699371 24992108 1097902608 -170609440 -1088993313 95010256 -1293169973 1678378462 -2127769697 -1554225565 -1643791583 794817274 2143797921 1047480746 1853944881 219813632 -1451817809 2105316986 1408728798 471438472 1500899202 -203833047 -301939964 545228041 -663811117 
-1960562225 -1587003716 -1251971605 963443860 33666606 -1649769503 1954668161 455869329 -1338499425 -174297544 -1429498301 1056571444 2071029158 -294579128 -124068752 -24402636 1529412926 -208956574 12607049 -1578102804 10168465 -1109264901 618511031 1649395470 -1336067101 -512373721 -212238146 2108390774 1237954931 1825158447 -545975584 
1604077040 65150574 -880826741 -1199966268 1265019488 -353108644 146282738 112240229 -1463379884 1970085059 -1651053351 2099546236 -1628339503 471794416 -1899646503 1667096977 -727064301 972591330 -14567456 -1552709273 1226697140 1010282869 -130217236 -1000044684 1542491253 2105870352 -918938855 -674694671 1534299033 -678556321 1946769961 1776385169 -1425646115 
-825673593 -2038913929 219323911 -1459839218 912032952 -368245003 -1288028604 -1885038924 -1243936837 -1987128655 -784654391 1211993914 -620419725 -1480510074 954358872 1965677198 1847270955 -835392861 -1272807460 1252654769 -487693379 -540965575 399337112 1462797776 -1158826352 103523616 -1397227539 1445507045 -265694829 2015686230 969349676 236229954 1980348275 
-363543794 -2129714221 225990465 491690874 2110148666 -752086107 -1654900704 -982974288 639915401 931810814 1015536748 -2144211458 1960752946 599544642 2016681423 -568106835 -101968804 -2139872724 -1911333075 -345575977 -1450003030 -981287358 1148293561 -658614628 -20713987 -660398808 672683781 
-240067760 -1789520500 2047492137 -2134031728 1656462043 1292927632 -553692593 -319621282 -1445932718 1749435337 1935405043 -1756912071 141608284 -1528114860 -133775429 1194739104 1415132540 -941683603 -1954625623 1357476895 1769028754 501857041 -475551739 1452383098 -797893149 -559273364 -1166788137 1414692064 -384466094 1376834167 1527611725 206906932 -1078877510 -355652643 1609235286 1422405728 1407773659 -303744559 624432334 
1181163300 1418125005 -1818875641 -1558057671 -608790179 -2113386874 233519517 1383640535 1069322237 163484114 1886036709 1085627431 584381912 901473303 -670137879 2016296400 -1113134596 -315683503 1438227014 -1689197298 1231069682 1423137926 1303824142 
-681903246 965256910 -1163965831 785598643 -914410403 1260410736 580366284 1770726630 1374508005 -423433509 -1084515488 1707639447 -1475186970 -2078227078 1330387891 975558208 -204087780 -588342956 1646222946 481535260 -1377916215 945682349 -1986426776 
-784675613 -1639644221 -558764747 910097031 -972241772 1522598769 -1966451245 -1117566595 -1930269741 346676745 767913485 -1271150395 -68416062 -1590910983 -1956258726 1389607180 2004570830 1145838587 -1661332705 220938092 

-799345687 -1766313219 -2007537203 -1884731485 924076314 547074374 -1722664445 295469486 857191625 224797425 -1707469375 -1274129891 1326506715 -678467122 864009074 -807045406 1936434293 1956663325 2014347031 -1954131662 1083895198 1923941665 
1264131397 1627496624 1459076422 -2044542459 -74429356 -239531990 1882318705 848598057 -552092707 1449989371 -1197982966 -800169678 1656208089 975643849 -1825855607 338239631 678516260 1587854003 616706108 614334091 1205812862 -2129564122 -826862992 
-139406335 -1579278625 20388136 1929137617 1312278862 2109269873 -1424171201 -1608273601 -746196236 1184779659 -963758718 -296400371 970266636 2029020064 1081959651 477079944 892592277 1615892907 -1159882342 955928513 -444967749 -1252222058 1605475679 
324949633 353939673 -47464486 -18974755 -1186056983 62470416 -1862955783 -1155968684 681140395 -1444497746 -1171443624 71487941 153417385 997701756 1795169948 -202327182 60731975 2057225978 -456222616 655060182 -1845209838 1383388104 1914844967 -1401253332 1300005050 

1725846787 404015136 -1876386525 999039228 1577435458 1884337272 1516440517 1369322605 -1097172064 1628006234 -1324239490 -748139276 1254475715 264856182 967151826 -1121199336 -878533300 -1494109701 859551659 -1603403179 -1456354616 -2004130573 -1082178787 649998885 1619266975 -1948992952 -375781503 1690763612 -1301614349 1644102484 -1808245249 -1100409379 430521395 975316884 764610176 -313785031 -442970405 -121610126 1775123881 
-1000443081 -20040381 -1668536750 336745284 779141698 1940278939 -994213491 -53960491 715941051 472135863 1298587613 312674256 -647758368 -330105264 -266681625 734216642 349627555 2076120518 589192490 -4495797 1178879167 1154639067 -1416665883 
1500930196 -1101993224 -1591405160 -1617573633 -727387255 -1970456645 1567870205 -785649732 1011380056 -1357527733 1243418225 -1333659483 984208157 -1793220815 -1593025765 -759376517 -709758833 199538401 -1055701889 521172025 -1200470739 863599507 
907908228 -1522853291 -1963007859 1038206591 2125436630 -982642129 1203482100 -165051726 2129776409 1459429716 1077304047 597464703 829902672 553552769 919846914 73021297 1395225305 1117336607 -449625484 2076184598 -2087457980 542559343 2088857284 287068525 1920096616 
1554809935 473420489 1072462559 538541300 474786630 272966738 -823566880 761476875 -285735699 -2138712062 880693805 -1973025136 -1012028910 1813748584 1884094281 649443918 797268179 -1698309381 138635150 1400146612 1634642974 405537686 -19490003 1549328867 
-2033844647 -1069089206 -43987300 440220078 1298566046 67893541 -1816908948 1561684397 64886047 -245257771 988501647 -1921202657 -2014947503 2088995894 -946308618 -1396780169 1921892532 1250380757 -1795922920 1451053021 2025837133 -1074081940 30369532 -567636187 -1033211913 -1027050701 -821193104 1840938979 -1970412840 -1896124186 -1465830887 -681087763 -212222883 
-1042537230 461684367 -612699226 -481346900 -1720701669 -1754793795 166696992 -2021572972 -1896761430 -539318462 1337528342 -878267100 1418432976 -1460143339 634308337 -1894019372 -1193819716 -1791609461 1307899423 1850887246 -1736350042 -1757533933 -201954496 -1092227217 1598134605 -237614269 -490092367 2041288649 1618674665 -348790084 
-1858419709 -1508396364 -1271544175 1724124102 -94328164 -717038575 712131881 983054995 951173959 85329838 602878216 1665647534 2014999251 233279919 -1076130840 2061961718 695117791 2052404330 1354451504 -1109237710 554376708 1387249961 -1555409332 -1011523048 -120366512 924501008 2006897751 416127959 1142972155 -573538444 -92739626 1951378872 -806161945 839972169 -506761415 
373575946 -871527659 1817796262 -1889645437 1394939465 -1480748653 1507765883 -1104128385 -1223297698 274138839 -131772731 1849425790 -409661477 -1796120710 -1640668485 498035399 
1279655262 1276542143 1066536449 -1177731311 16895432 -1710671163 1107759808 -742293873 -88446961 441650314 -959385212 -1979555515 407548875 1118067868 -841600924 -1399646942 -298155826 -1190769923 -421342196 217185846 -82817912 -2128638562 626114503 -1058786785 -12562993 489221163 781234211 -1393979565 
-94144973 -463785246 -1213231459 -1355480083 -1117892383 325078858 -772546521 -1312264667 -1463639982 1088925905 2121682982 688452216 -2042854425 -1037577766 626972424 -1358029887 226908468 1443999304 -2102786273 -1840573650 -1888682676 -477152606 683228382 323405136 371148230 -863438888 

-326366889 1746730281 -1885615864 -169317804 -123656559 1488926432 -137893522 698078277 912383380 -1013284001 31146758 1946053270 -1830609660 -1431639122 646707480 -146782964 -151836471 -1805871005 -737237351 -558905576 -1139049691 1294325610 -2134436787 1852171600 
-592265844 499407480 -1347065587 50741888 -57497201 -1178877304 1350374069 1716128021 -557668680 -648435783 -224829280 1898310715 -1700368162 761269073 -835830198 684203283 1564948185 533053879 -618596318 -1985133698 827491614 1476294946 -485987053 
283128792 -424045179 -516577427 1648908957 -530515952 27905777 -116359345 43542717 -2047974738 -1674813290 1160525827 -1149040922 -197342625 1716728022 2011157371 375155224 -78920699 -1162552103 1091580408 2030558780 1715719934 -530903851 
-245273519 -1613083047 424954671 -1536597931 335415635 -515241788 -374743191 216786537 -925793547 1746616062 436911668 -542592234 497635486 413151711 556842245 1941969515 -2089008641 1303324910 -1328231797 -409279439 -1252622906 1616659589 2127688898 -2040602711 -1688503129 77178112 -1979060398 1428047661 

2100798466 -757736806 68192580 1484117402 -9123673 -439735389 -1941042522 -611136785 766909019 -1305908809 1921764457 -1847453239 740372527 1040338517 -1963800537 -785047942 -76363236 -1783789749 363673657 -616930116 547915924 -431278094 98118021 2130431929 -1979233040 -2141121197 -812890513 -1913925384 
-86313995 1381807186 -393399835 1076416358 -724445398 819201055 2086715720 -1053021773 -1399721495 -1416098977 -141150773 -1912552381 -1772734468 -917735657 287255446 -440205175 306400115 24655536 -1070252435 1884978752 2113750998 1160415984 320335716 19660942 -1391466839 312049950 
1812711453 1878555378 -214082914 248298254 666108939 1146364304 1710764367 -1279576265 -815460676 333349032 1014343355 1870053253 -2069292345 638846499 186698159 1683769834 1713048173 655703062 -1627002603 -2130908939 -96548257 1699314640 -1420792855 852892776 -1202541073 -2138183686 1970125170 -1086946789 
712979645 1425142786 -1894638477 -1407827037 -846767617 -887611000 1199298608 1433925772 1097658168 -1654130882 1378146557 895118982 -375274804 -677650904 -1478957237 -895981848 731401861 773183413 -1960608311 -661693594 -854447075 1476983756 -109680283 -1136462729 -642912474 
1932487993 -2104637410 1043714135 371822397 2108656624 1185761655 -258511474 -1730637203 54827053 -1247924741 1240383534 791336509 -638475709 51666658 593159196 -384804353 -524325645 1150568701 -1861140283 1775140383 209812973 -396734045 -1707393232 -2085542961 463376845 -144683708 -1393827611 -2043515182 1050516736 497828300 -1176041057 1978828077 402631015 920085806 1016323943 -395300956 
654116926 -2139955140 -1946406379 1276818036 -28703589 870072039 1147370608 760447139 1448976531 879813714 1678696567 1267156100 -502486803 2032501052 2072655965 -1544869417 -655997174 
-1735674420 -1739889111 -1562080489 -52317996 1334564432 38840055 1861093483 -858826643 1556706438 -1871434398 1227816274 -219663969 -1341535305 -302951764 -1238452883 1795372469 -1118992864 1144960014 -44614965 1990693484 -103300054 287962736 1570181389 581475835 -715263952 
-1605311585 2040799980 -898765867 1179473836 1793428102 744921522 -724992014 -1799642065 794879185 1999338831 -1921303233 -9251661 -1365082300 749512081 -242791590 550991433 -751201328 -1896061375 -74715572 1366062219 1819667087 1345915504 881855730 1387137283 1336255238 1607789114 1167353069 707349727 2026826044 360546095 46448634 
-1856734060 -410836814 -1602412782 -222342147 -1107287221 1448807825 -65507510 -146504107 -2139108048 1384230315 -266274780 1224844583 -215730773 -1901166291 369427771 38623154 -644796274 -531821074 1195664056 -1797994446 -1457824567 412228663 -408353835 -1734022521 1290881733 -1272536295 -450256844 
-940907219 -1935629121 622348203 372965836 -696515046 2026103784 -1573958291 1992675219 1324164427 194785118 -287564896 423297554 620568706 -650200830 1575188791 -40094252 781711189 135993753 1896605490 1089959759 -436602808 372052609 1468830578 -1373950017 1892010322 
477187368 1042341855 -380094880 -446137445 946480041 -592957055 -1772864361 -1438967154 -1645293686 140965199 -1653975718 -727572417 559681438 -846701368 1596551497 -364542430 248724380 -793383369 1164295227 -543731257 364511218 -2136075974 -481669636 -1249919573 1533601603 436070859 908555980 -2140624009 1277619148 983611702 -1466333656 -984818117 292665170 
-225846873 509218276 303599842 929779188 -146558588 -2116633549 635217867 -1135608429 504966939 1522946408 1195811761 -1286127960 535609655 -1079710589 -188041022 -1282085064 775106222 814128184 -1775808016 1385693771 800916268 1632143476 1923809263 -186703281 -531230103 -921313076 -550927844 -888535157 905863078 -1497970233 1377109029 
355652999 -1411156485 -1854553308 268194474 -447645819 -1668846854 1053832018 788565915 -248146281 65810006 -891003710 1223085159 1673804233 -1771546369 232823961 -511375103 -2030536526 1933462881 -1327722256 379826107 200168700 560056386 834558285 -280077654 
1329174872 1666581819 -1789198553 -1489802598 1564153214 -1830243592 2049111598 -1218952886 2135390022 286558689 -1180663150 2086021543 -2037560838 1069060451 85380656 331570958 -672124344 -329359022 1995309049 44013605 
-607110769 -348761498 277508190 366263784 153545753 1644378632 2146527383 -1604901523 1674264497 1378206343 1534534953 812833725 1028143520 -644782518 
-1595916599 1133906599 365054985 1383295092 -1574928274 -1649303113 304690356 -2097757013 1769419080 861256473 95253239 -401265007 -632178455 205469036 559526030 1779525450 -1722077743 -346040203 219211953 1967343694 -709880327 -1446770922 
1011147114 680639318 -57429383 391300026 1975525057 -1836305576 -646156445 1871192220 -1407635149 2026909346 -1558545884 1428935545 -887793786 -242969703 -1939961310 787426282 413292086 -562538685 62426024 1141504785 1030258096 -1290390419 1410552046 1000187852 
880743767 -1809060543 -1481891195 -2011549937 -221352326 -256951059 -568817161 -1185332595 -262356449 -276883592 1909512308 -656415527 929774336 500451209 397393996 -2081011430 -1037902621 1995462451 1900278322 -481561811 -1092532487 1440127421 1255324632 1608773870 
-2143825693 -138536945 1958683143 -984408286 262596591 -1615759161 1861414966 -1574313875 1816822265 62637188 1092851033 754374154 -1068676088 -1336966307 -39935934 -957821705 1279831746 1636314630 1659836750 -1326310342 1711400307 -1178930828 -1000020876 2108683060 -613563468 600314322 261496974 -847486195 -220944289 

1677350493 1049843932 -1959134423 1888706991 1313186544 1895524487 198480666 -913494021 580635655 -89714435 -2141030235 1915580729 706210678 41962034 1065742599 -65500290 -1204751097 1888129563 -1368989375 329011888 -1405902134 1550287828 1889091191 14303752 
-549635598 1996192629 -255570720 -490816823 -1677216730 -410788208 -31201944 -1435924803 -1101465905 934361425 -582718884 -538090287 2047284150 2020444619 -1058593743 1418051058 59424028 455031095 -1425300810 902466608 -2143120963 
-1095262190 2045860625 139178333 1092199657 -1511238498 -1447432904 697256429 2037625413 -908068200 -1519163468 -789219118 1817833134 -1418103384 1911613562 -2017413026 -1793350791 -1561113672 -566499355 -1716564512 758518626 -1978546999 282155240 -1535711144 -778618950 522167387 1519041227 -1270153488 58117088 1587416851 1346440302 27234531 256569103 -1666243814 -1355892539 -1747144842 621491679 1056258657 -435405749 -790186377 1648900168 1361396762 -232850626 2106175918 
1590934725 -1826317593 -1003220481 -768677278 -1039238521 746059630 -1979536493 1091885576 800176141 -1756825879 -50601191 -2101097422 -917930239 446663760 1951970308 1374766858 -874678414 -388812428 -1383607878 749706036 -777030224 -1711882505 -1875806896 -1863986369 -1262190119 -1018007589 706623767 685734435 
1516289785 841277226 -2018728254 -1383339336 401816137 974979937 928932386 -1845579253 1365968124 1418501661 1185763025 -164453622 902449616 1299406250 1946036935 -1187743589 -1957563905 -1804008978 -1988787902 -1812932952 -1492977899 854945854 920698654 -382933305 1841275517 
-226321738 -233003787 -605028077 1984164774 -1970901249 228085394 1729639366 -1799466010 736569854 1074875649 -1237696610 -1454835534 -2114538747 -1213914906 747219450 69075550 -1681033369 -1189509300 429156403 56528125 454039813 -217884401 -2006964084 1223122505 1102025180 -1887241937 1127213986 -2127267053 -522406033 -1361447614 
-1339894751 -922864679 -312121846 360004475 -1606643838 1279870242 1514370083 1096605411 1316697376 1633017126 1720282928 -644345297 1453689919 -1435545396 1901319000 238290527 1186435967 1566085226 -1573782103 1568663203 -108824190 
-1137728039 -673518733 -1560699075 947833605 -1000011575 -1086809147 -225301045 1024245924 -1291178435 723243236 -1348388216 -903868531 -192739952 -1903564497 1850993336 1829709702 -2032697250 969229440 1759136668 1663595064 -2085505857 -499669572 -749439469 3918219 
399280314 1484689786 -759216940 -869765049 1802622845 -1152979020 -1071269352 -506427547 417539363 581312613 711201310 466810969 -1804792574 -1284158654 1914004534 -228099115 346616274 1578818157 622189858 1960866227 -228786327 -1385335094 1838625189 
-805832121 1555510011 -97831515 73210893 1532998100 -2104233656 -349786145 1788094093 743562397 -1168845403 1258505769 -1911186714 -748781840 -1446441793 661158466 -150000143 -660754410 1157954345 -1271620882 -802355461 236190851 -1609959656 883733442 
1590835277 866923558 -637227551 -298783241 937066647 636946837 -738966490 -254180719 -887799860 -669135589 1308117623 -204329911 -329141216 1298813518 1889028807 311311467 961616420 
1051560242 -1739839296 1850360351 -1917688872 -555218758 2074586335 1912347395 -592379392 -2010597794 -435579785 655611340 1870110332 -254291644 1406211853 -192568551 -1177316446 -908267793 -1205724659 -1598153218 694652050 1786253969 -1318317240 798882301 -791805792 109550981 -277609561 2024712594 -572093862 444952689 
-1378475687 748867996 -173829919 1963961920 -284650089 -1657665462 -397452068 -74857664 -1071430495 1957335678 -1952257661 -711682745 -883977069 -1267350308 -1133372264 -1526905679 268718267 -1333734724 -1269068847 1553707921 -749147786 1246078990 -1591951554 -475852812 -100344227 
-1236593091 656234140 728168686 -1622207087 2074529533 -1749143729 -1765025015 578972206 -745548159 -768339866 1673392404 900982077 -525788548 863422948 996700447 -16804094 2140802456 -1689174664 -1531719616 -954064275 1711999596 1512551300 18198273 1337215522 
1735576917 282428662 624195618 -157968076 -1584923852 -363636064 -527660671 -1652676652 -236236182 -1578324687 -1335755692 -1568962617 -320067335 148969359 -299882756 1922160346 -277782094 -5414534 

2131560582 -1458713392 1028136001 1779796698 238231495 -1366266089 648537667 -1649466143 1221753513 817547372 1021111815 1095940223 1154429035 149037283 -738339730 -456648623 -291034558 -1818518328 -1482923927 -1552921714 348684177 -1904702670 -4352486 -1897574923 
-807599711 725273431 1263929586 264222975 -971607156 -1436904486 -1018262145 -819034904 837460930 -533862154 1441509042 -2079526361 -162730800 312204639 866314836 1575520153 578812902 -1891407078 -853075087 -131177534 -1990287021 -979256446 -1408492610 1002916332 -491673358 
205994115 621503077 1576393354 -334241389 500692397 -1578168983 77744968 960826745 -929051960 -356827191 1251260577 -1663122018 -466183916 -15527813 -172177583 23546325 -364523759 1666096345 1053091273 452416223 876344349 1032143740 1611927282 
-363253041 -304589855 -818809158 457772937 -1360426349 -163868106 625585116 459684183 -1546010977 -993020034 -1142386981 -1349129227 -83948736 -1356509478 425013315 -1293780148 -1571200587 -1089420104 1867256615 2025231502 -449923194 1730509660 1451865326 1890956937 1027641867 

1969411544 10731443 -1765957473 930870004 1925253061 1689146044 568670502 684884660 1485452164 
623669094 -1219103224 1190145761 -61947878 1050563031 1747543060 880224586 2131300505 250379585 876863315 211252536 1173400865 1680340763 -1279627906 -982127983 -909556965 -34824363 -320219017 1596691591 -1100060718 492168004 -1958660343 -1117065070 2117094972 1294990980 1914841590 1733729048 764637612 -1273175581 -1671548260 1526835363 39853909 -704251811 -201363282 -71867834 1861422320 1319613014 729315035 717075345 2124834791 2106517751 21400979 1293005433 1815301730 1639672131 -574198872 1289544231 -983800619 
-1584510448 -1867307108 777285155 1245849216 1743648546 -2067573365 748416137 146365043 -488350744 -61221091 1331646817 118872021 -1482094854 -2038299121 1147664332 -1806071935 2101915966 -1883709394 -189603214 400218677 1462981793 -1164940811 -1312357544 -159679320 -182411602 155867797 292799190 -240021136 1530537548 391949456 721486067 -1019838278 1703564726 -123141585 745274016 -916633871 831851786 1481534630 1607716877 1646995021 569895548 848990049 603215689 1082579559 1463689016 -653895379 -306441479 628114216 -1343009530 -1399806466 -1209072980 695550113 -1648853966 1047891460 -677593531 1052712942 
1457878848 -244101416 -1136745690 73207128 1902045644 717159598 -540048707 102723650 -1527031030 163980256 -110970459 1537856996 123018069 622144886 988287835 1805028989 1367464713 561691435 203686675 -1360828515 -954928158 319145158 -793495973 1536860830 -699206425 1845626696 142263942 772795819 148000448 484790339 -1472039376 1414330475 -215064444 -680608251 1058582069 565597490 1865345955 -1689450720 721025222 1740399334 253211302 -1346691695 1212205207 
