-106179000 -76124961 -62180328 -733355517 384583131 1413488984 -1332669862 958891302 -1516806753 356791799 
-1864461370 17585392 1437646498 -555530033 1468527120 -546551391 1592178789 372615851 -1989442125 1475277860 1532596065 
-8200216 682914609 2137463894 -1321463291 665393835 -137104551 -1796596597 2024822310 -2087420975 -65524331 2004951498 1594510720 1762934746 1767170534 255455742 -2017328007 -346883703 1737486315 -2062921647 -1223835591 -1624412271 467061236 
-565452247 -542900193 81769646 -578078391 1691108291 1169974116 -45995249 -1798436364 2110228260 -363483313 -1118678612 1686126658 -555641061 -1941510612 -1689484397 768941641 -1030424562 -973616955 292063132 1407625548 198445212 1074092351 731474324 -966092294 



-1929162947 -2016090521 -876107502 -1832697419 -1622990414 1449741439 1259495855 -1921186276 1181725408 1291015779 -889009518 -1961982621 -1969928948 -892419974 1467751682 -1062307993 -485417146 1093409304 -573151408 1686101356 1484087745 -1664678331 255590592 1383727319 
-758604663 721405422 -531871358 545765235 941578699 -21608639 1584871004 -1549464868 102363929 -677140588 -1464212494 -528320177 -843267469 232719225 -1516499813 -542747688 -290627314 -134118554 2143948881 -160541222 -2091627725 -1238077498 1974019737 384618415 754784217 
-1667006054 1392857791 1605207353 1141756111 -1785848777 918767511 -449819755 1863329308 -2084160164 -1920327069 -257951710 1103939962 -887659735 1844200020 1295398411 -563798408 -636793962 -2031675444 -954378198 -1553765148 -1592547716 1592607068 
1991480808 1567506069 -477735921 -1001839503 -1860562512 -1075821759 -397279774 -1748663758 641161387 -1086260276 1075700593 -596624493 -738130075 -642214742 -1377148007 -1959729010 440821842 375094364 595267665 -1424251191 -1467208823 584117967 -1390532272 -1072241634 -200069964 

832644331 -436122097 -1528797947 1311122308 816232030 -2139790366 1140128772 -176474447 1626417277 -913817512 -2003045958 -1877066811 -300159866 510927455 -23723601 -1456165883 -1527220713 -1445821042 1609887702 909742910 -2035831355 -1618956586 1034461938 2102754357 -2145312900 -1778775381 
-1130653813 -1586823523 -1125302627 -1546316501 1325844751 1939756182 -1195282128 -45263286 1681703710 1153141914 -1661228129 -241819474 1220552393 1311994232 2129444415 794213875 693680155 -508679834 -2135429504 208257354 775543544 
179135536 -1836629665 1812465705 -2089814652 1319628744 -348944179 -1725541643 2046111820 279660457 947924820 -1505453375 -1791489678 354875564 -705557570 1500886752 -1278263423 877734856 139638345 1749251176 -1278543413 1691527456 -1453413472 1820675606 600553468 -1873003153 -583977144 -24913731 771879549 -1347538471 1073010658 
1260235631 -507718303 1186360959 -2139398301 726562758 124694123 -1023928004 31266780 -1497672076 2052734638 1773424554 -178096179 704392082 -1767609055 1468053089 1560325393 -326975506 580450992 -1419344217 -1478711579 -1233255574 2059630832 -478074422 -1680503326 -1372988081 -94986318 
-207016007 592075295 585023265 678976383 -281174455 1667572952 -1674518576 799615492 -1462050460 1601098585 1102641459 1658929087 1291567556 -280001485 235153581 -328825016 1248185620 614357362 299625930 1359697697 1545121453 2026711845 1306650166 -676044295 -142327492 -2109460776 -1533558059 -2063953944 -297332553 334586712 -6529350 
-1649152629 -1611953969 -719206895 -1385354114 896332172 2101385951 -1263591839 43273150 1603912682 -414837461 1693050843 -2028451490 533494597 510914025 -77433584 545522003 650494173 933735633 857276256 1060293207 67150929 158948170 -555701924 -1275722715 1974156698 442867409 791497188 1726332691 1880236772 -1789333920 1213259574 847315223 -644051705 
-1308856495 -1499429549 -60434612 -1647117335 1206545348 995036350 807608848 -255072953 451770626 1900337570 -1103866315 2029787922 -237304366 857466856 39224663 -1340948296 -1933668476 216529516 -1638024729 -2139914071 -652138422 -203751155 -1564934307 -732771803 1334110161 -1789053071 -651085022 430709047 -1561747250 757194502 -765362156 1401001787 -39420915 
1213291006 1747599531 424804656 88549821 -245824270 -935553494 1370580716 347791094 243941727 654728509 -1196130059 1211041812 867318459 -435557813 -1767290196 -1951024486 1450426771 104946907 -341811376 1150057667 884281782 148226723 -1059190950 -3821603 1713125517 326239890 245102408 
-546002660 61064688 185021680 2061371377 210775777 755156289 -180302688 834130898 -154798979 20644385 -144843466 -930964391 -1883893755 -2007450142 -1242369067 -664479183 1404789008 -1634838980 1031348838 427301627 -355905558 -560381457 1556357139 -486352293 2134873896 1761772003 -238913863 787426847 -769740142 -241707436 -477624056 2065236714 1124589851 -760659401 -1009455932 176742939 -635066805 -932660781 -1957786609 
1198163585 969067660 209650027 -541306621 214983663 -1070642403 -1664808236 1879317524 -514252477 266528336 -1236448580 1604685983 567482365 1590686633 -909369432 -2142735386 -2125985874 -36649658 506721657 1289366585 1521101266 1497629764 -733703532 
-1409960380 468736531 -1819438897 1209701320 1881219338 -1694019212 -863852026 -960559683 823233469 -1227201449 621852340 -74660735 1524591853 303443794 -1075263340 1178346360 1814234017 -1905526258 99210120 -1530740607 596720724 239399887 -1566235981 
-164061263 1982231802 -1002438745 1240612354 -338108081 1232540309 1539728314 -565137224 -46124523 664380960 -1330192568 -266957009 -2089341828 344976096 -975284056 1784469827 -1117067698 -849699567 -1628172322 864265058 

-697571060 -1875206186 -2092185336 1463887696 509938147 -112044173 -1363611535 1052769271 -369448808 -266818523 1315021274 2073227914 417700168 1579554704 -741324967 -1552141728 14789843 -938701455 -1449081119 -932104371 -1917607529 -1838621093 
1861949121 -920384484 1230501748 23913184 1508187899 1307404052 -727885308 -318284731 -929931283 -75856571 646323315 -523797640 1870115652 -1554186035 -637341541 1776807284 -917618388 -506819905 1950050143 -1060303951 1335358890 985419304 332837492 
-1426510588 -1444569329 -294207408 2044826958 1614863932 273526200 562890824 288676118 -1222069656 -159945724 -974014916 535903394 -1039844795 546746356 -723827342 -369813762 234637116 787510942 -1284955417 1634253738 -1482706653 -1488924610 424764134 
1574385957 63374092 -2116098973 11417384 -519593839 -1613880242 990102967 998682196 86904447 531979601 -1687812600 1847856804 5293360 2080868147 -1767174083 -1208938915 -1893134418 1646842524 1178863311 381659692 -728449675 -1056850092 -1268503626 220532278 -1407172779 

-283202705 -1457799344 -1016961346 -595119904 1335297811 1266719210 1716344885 -326935037 -1785054600 1047830593 270075259 1730190779 346306839 71299432 -553365255 -1890682465 307109270 1109577316 -854980382 852379152 129697364 -713921947 1559835833 -182026344 -1191363938 856212215 -1273196241 -365725320 566281285 -402210312 1594567960 796839682 1699656185 879090839 -475920529 -906184481 1037381909 215284380 -1396421503 
-311757533 822967462 -1910370433 -1920167265 -376977828 135936390 1228437056 -2074199557 -637699794 1930342900 1204451022 -235090736 1449268466 926347800 1061861120 -1061509538 1515624626 -147311600 -567318562 187656416 1893730255 1320169787 1053924442 
1945737237 2076457615 895565859 1607907683 1209447090 -1102152224 292563749 -1674412922 -1634222855 -862602609 -1979191576 -793481228 1378347187 -1283385528 -1659397637 -2097402465 -29489317 -863687477 420761315 -1847930133 573060503 -792791521 
-537786279 -640000273 1789776952 -1680339614 270819531 -1374338693 -1761496357 -967826510 -1129866839 -167517097 -630051936 -1835414728 1931097167 1486787487 1491871621 1059940538 -1207571168 -864679953 -197041058 1938927063 2061903932 -1620714325 309429635 1570033941 2121951435 
126813194 87562119 14042373 -741878357 1318256484 -266719879 -343626775 -401079449 -405180932 1331187210 -769624763 -1249983106 1195222861 -423009288 -1084281122 1665273494 521848347 -420066658 1866480177 -450486406 394780365 2014639131 -617053418 -682201409 
-453563993 -1057145377 -615202295 766778528 1989092394 -1960756983 1536277943 569460347 1555822409 657811909 -274059888 -1051193846 1659192108 2009894453 1619120320 1252244683 69425177 -2097749926 526303359 1127258263 109277505 -1858935413 -1164988397 1782067951 1260617037 1374759510 2133988895 -300650505 795427240 1406448084 1254004302 199091685 -1525027572 
603154209 924793294 1785127604 542761466 -622164380 -1282481009 2144691360 1541862581 -1277306983 -710614369 1781767499 -1184281411 1739530913 787868618 813240062 768165420 -1993897458 1457318549 269062829 2085319546 -1800731268 462280081 -1950723061 1192050102 312580496 331703444 2052156866 -1130903010 1179251888 427836824 
2087613598 2028000877 -698205244 945641497 -1978194043 1618115540 -1991889642 1575863727 -1073442952 -1495335686 637651334 -780719546 562226068 -229777396 1454487780 970150690 -1635843974 1159964263 -1047295020 -43901774 -1552309447 1756769440 -1532424028 -1347362234 -1412809496 1761294864 -150719663 1288562112 1931488253 -178734115 1106780352 1500657204 1120563082 1585375251 382226862 
-343300608 -1891980068 1622807108 -1170444227 -832816543 1538988394 -307229331 -1979420438 -1157610298 715275730 -196395136 -414316677 788618040 951691866 2045022536 1905869724 
580161607 1347095761 -1194207880 -470227895 2071840849 613763416 -292107755 2025666604 -62979103 915713115 -615280436 -883836145 -562111110 691938954 -51786388 1896767544 -1374769990 -488724314 1593344777 254747408 634819345 879627711 -2055921030 1631958176 862984825 597401775 -560678879 932291000 
933115388 -1704708188 707371670 -352958125 -1822701107 -1269014453 80507140 -1945854355 1898492539 1204718679 -329176890 1325575708 47038678 -1802658839 -1912332904 2135041935 -2092394639 1027216265 1802207791 -474912008 -1121376083 920761338 462325263 -1264358175 -1918275044 530895525 

-802535296 -2104749612 1852398555 882973757 -607450675 505952179 -247406969 -1022705102 -1299321417 1332837729 -448640043 -1655002868 254141097 18803600 -1877525785 -1794606379 1308992895 1032203546 -1517108648 -793862172 -1104387912 -1497914653 -152329790 -1225998979 
708096600 -504589646 -573958377 221093307 -1993901165 487320063 997447765 1741918679 -176254564 2003755385 874724798 -2071571319 1441668245 -1268427870 809193781 413449118 -1355021959 1904527706 -623389385 -763683374 -991843309 -741540434 -312319433 
621758985 1739289303 -1604376901 1554800735 693767063 -1035552557 1462607101 -1816119758 -1243827279 -873563135 -1293731561 -1653054110 1676777419 1030463878 -393037656 -1641460335 -1036715581 1822819212 -692053966 -1668576430 1916464272 189733149 
-1387362633 182218937 2125361805 771755346 1376224718 -1592579794 1127566051 1052318520 789596549 626558028 -901597387 -1740110630 888447913 -1696560892 1672163457 -872956044 -1607059470 -1088665194 1384292619 -800295582 -1379208105 -1405925480 115086328 582084262 2044947892 873694765 967066833 -685001233 

469134070 57205105 323238593 -2071820462 -106611347 -1380845244 37972164 1364833699 -1160250789 1706318425 452798542 1129144306 867234035 -1241554096 1710225148 2096141891 -1612221616 238999083 -596630212 -1098893604 1174714106 1377164844 -2065476384 798934040 -753566173 -816577660 89456701 -357431532 
-1208682255 -1982542880 -1904783362 -1396458423 2073509471 -1250138280 2000131138 1800540420 955311758 2026538115 -1690821424 -460449843 1988488896 -962164189 972883180 -900124141 -1064868536 -1030343397 -223614305 892110716 805052403 -641568259 -1641827332 640633487 -1997064190 -1958431411 
1613334957 392434477 1117442116 -311417385 -843612252 -1036615214 2094261525 -496387750 -1957136495 941435237 882941912 -693907151 808710174 1118749690 2005459022 -436759524 -2110507855 1622793189 -1526983877 -1704856302 -1831904797 14900723 667324310 -1072205298 -1012064427 944192719 1577368320 1207192612 
-68703455 -791387957 2048978293 159682321 591412057 1474009108 247670941 -1287969924 1837893277 -976315166 829162740 137057665 -819938689 1689528510 -554478670 16494293 -1604568121 -6103492 -1180790511 -1206937995 -1681105449 -488423095 -1389719771 -1857161102 -315023460 
1315969633 1363531160 -1967444885 2032500287 1000475673 -1983165922 1988941976 830378538 -2026825613 1557381989 1337394713 -1637062984 43452548 -323952369 1365823842 1992452236 -1216325853 374520549 -959386266 -1951287635 -576464081 918350545 486604001 -1940834595 54780652 -750306684 -214968547 2023510836 -1827930841 1269859253 807614769 -1914467730 -617368583 -909439991 1685625780 698134008 
-1442424813 1945850000 2065059412 -2008689003 1735092218 -1792353295 1367708699 1843859239 -1173583531 1097504633 -745599904 166452952 1970961588 -1181688997 -1905107200 -1177582545 -42440737 
-454978962 -223120803 1923833794 -173756533 226890999 503219702 1784742461 -62704886 1048999223 -1555211753 1125530740 390335925 1062503679 1552451494 1078583131 737647447 -183752464 -2138150603 -2127588394 1618958898 -1550575006 -1994154384 -1988666001 841540569 201654460 
-1878536762 -2055940270 -1312384226 426554665 -1081491105 1106958985 251721369 -999935280 -206077481 678761215 29831975 408309968 1273802766 772955453 -709383412 229110513 -347259386 1450248106 -1026898358 -362614514 -1612247240 -1871849887 -1056621160 1898631973 1577623175 -2084770691 1320259010 -1386579851 370172448 -1458798337 1642155023 
751642833 819147429 1507791795 1794838363 -197922979 536198187 -1706353171 1596043139 618294559 -1099424439 983864673 -225516069 -910875382 1886936762 -1426240543 -1127634489 1891494819 -501560150 -475651622 -147365566 1682149915 852861666 497869984 -367223244 -1994131000 642773654 -1846039634 
956339695 305123401 1691952365 -27795930 -440040717 -1988998624 -713447555 -2097428276 -1511204743 -989479572 -117757113 1497892965 -1616524777 -1983743046 -632759617 -1802117403 -1330497390 699109838 2070830011 1188950958 1612508035 -775395517 -1719197633 338960629 -1317987584 
1784288638 -1822603281 426309188 1692089236 -2008149683 814298896 -2123593532 798454975 -1900609815 -539306532 -1016678184 328326986 -1909475219 -840073858 639985968 -396235931 -308495658 1581743130 1036268001 454135666 1728149274 747117496 -343619348 -1582486466 1264104924 -1104380850 1324975874 -1683310501 1825083882 -1835100188 -1071650326 1560863616 241859066 
-992992961 -1793356595 -136274446 259208608 433368454 958731793 1262446801 1812837323 688160024 507288045 1052841306 -1946736753 1852656045 -713441181 -188556862 -1927740572 502421435 733384922 963911516 1514340418 -1497316243 1862734700 1739769081 1929087857 434328646 -164091129 97771686 -1939148158 1309308594 -206655896 -529824081 
-740071523 1145829596 1773121810 -803200110 2092641379 1072713810 1956747476 1305607619 1012319286 1553524172 -647166891 -1373736027 1939490267 2087047317 -132915121 1187843545 -2083905130 -645930241 -1642805119 -700859707 1634048723 -1379115885 1048985354 -2103479877 
150803539 1993894657 1748978104 1836232717 1672556996 -1250733403 -635441492 -1441561124 975686048 1715199122 -740550583 -281842590 -1869248747 886693029 -1949085737 1672143259 -1539060813 -588201114 1907723577 -1034428831 
1844784906 -1269569505 -683259254 -784032521 603525358 -941445582 229443660 -419577922 -1914414145 -1175118603 599363849 1374343841 -637915761 78134833 
1904952498 -923990182 77341506 -572335748 -1922594644 1052450594 869870330 -1663419090 1165818797 715907942 -811371244 -1418688894 -1072288378 -2045103238 -1314948370 658295484 -124263383 -846227352 -786955547 -391737229 -791362040 2091284754 
263338414 -1602385854 -855630060 -212053127 -1254026397 -1340613504 304103713 -140909447 600682734 -1014494600 1015644779 373696226 -204088595 -1557797002 1256698680 -930191774 186741049 666038041 -336714845 1013261283 564258920 1561801179 -1909781338 -19514274 
1054305919 826764044 1274271020 468618103 -227458793 966848370 774789201 -421899417 -1014003219 791007854 -652523508 -574302979 -1636939111 1942361050 -344240014 -1674528081 -275088997 -695723973 -1548572520 -1406077415 -648305549 -1674683291 -1926567340 660417205 
855439785 -1406847684 1801777714 1675015528 760449218 1750497606 -2060348551 -1938979059 -477749354 -801694613 580986948 -1388967135 1442285563 -432257054 547850991 -471554544 1317166569 287652320 527603203 2102102128 741950215 845671131 155685719 -1817910827 953505055 517305825 -1734061601 2082592294 -836245946 

-394961138 -1969351774 30213659 -2054906461 921021999 1330276979 409346401 -244667169 -1468101891 581060749 -1481052660 -235069714 -1471148011 1846142472 525467592 -1168927555 906624277 1655966664 1066964764 -1231198132 456901264 -1195743058 -2005150391 78897573 
-413258410 188197525 -481361178 1632562648 -1610869204 540750319 -983522712 -958636942 1448945450 -1723181464 1468744308 1865912224 645948435 -1349186116 1287195920 443763383 -2042018725 860388049 1783465525 30332063 632721797 
-1866205580 1240121867 -2113241738 -65690999 -31393775 1078603539 -1965093669 -392039910 -1732121989 1361704047 899598425 -1725681748 1789795970 -1461901758 1916660370 757654650 1672287601 -1189424157 -1687429503 1653806739 -141612957 343873440 -2025481822 2128264191 -1960643365 -1022951569 -1782763780 -1048836054 960255254 -1779521187 -2024231894 -30367773 -366250752 183981499 -106466260 851900283 -1219575403 1786780872 570093360 319464206 860669605 -783985043 1439915641 
-814611158 1396124697 -498829060 -1438052936 -546594776 1453509605 -1888137678 734296589 -1871596200 2044489101 620446124 349759662 632652313 1460918020 -227831072 -515521825 -1282795605 1457306772 1023410941 -129170113 -1142410388 922519227 -1001454864 -85595201 818133532 -1653922351 94759477 103034917 
-1817897449 -1779621763 -2002104996 -1548903689 -1034002900 1073937395 380866559 -661599016 -721877699 1918000312 -1918993015 561613543 -1688034891 -1653851724 -1963949015 23078295 -2010189011 1126368382 -46629087 -1734197791 -1959389909 1053395523 -1946714869 -46325640 -785567532 
1189962483 171695103 1826325092 -154009397 1068181174 -507647524 232226005 -853612688 1994253046 -1410055774 -1602860331 -1031763368 -564164044 1619270494 79281923 -1184070620 93897103 2095073977 -831684543 21020412 2147295364 -199281005 -1210556816 692361926 -1291759997 944199364 -1092002225 20212337 -1461883158 869215039 
807624249 -1254668091 -2025297455 51137314 555882928 381281344 126169372 -569175966 -1583032654 -1096409261 -1193514750 609197910 -1462967078 1511167552 -1254970753 1479361596 -470393171 -1760912282 -1709960523 313675076 -1468263672 
1706681281 1015799909 1363771717 1897339950 -1722450834 1823417153 -1018445235 1167965059 97336755 -869809734 -176713999 -403907724 -1981273995 -494538717 -140164531 -1912490481 -1289250736 938150779 -1326758576 -1359361896 -538238235 -469587447 -531903250 168918248 
-1491926625 292808942 1614104362 -1693378229 1895995765 -297956438 -909419971 -500950590 1320239021 755870256 -295345234 1830051690 1453581844 -69826154 -1306166280 1352115272 -411166446 1575411938 -834056195 -1862022561 -896705333 1961261372 -1793830465 
-442857050 411931989 293845677 1882781756 -940879821 639817619 329333036 -173197909 349108509 1852253246 -1213805727 -769412964 1299604999 649119387 75720186 -1405872840 -1607352928 -1180633909 -1859521928 -1949397842 -1724605540 383228420 -903537243 
1194471222 -1225850965 1922851871 -1786646691 1165449382 316235242 -2086518810 -1777562495 1596026679 168759839 1862685891 -1679446809 1531815560 -268444457 -1308072459 -652660366 339691575 
-1406864077 1744623040 -631993943 -1938591783 -113340666 534786035 -949817629 -1906807270 1281896791 167535397 435457162 -126324835 596817999 -109062326 1822819431 -1096841433 1088778773 -1980298657 -1249721438 1518403199 -1032876819 -1819141354 -1214856970 -740221784 -559023698 87463100 -1815050477 1703628429 -1778826475 
-1495313876 -1816770137 -911834332 -768500127 1139578577 -712619538 1636076473 540531329 1108136425 -1031629874 991554019 -2060708420 -795730588 -626556786 -1390392893 2068451877 596968429 -1508117861 717045546 584081469 -1200049960 -1718601712 -1801211965 1642294339 1954167364 
-1732649073 -1069128820 1981550971 -1271978137 -26782794 35050505 983488664 -1435123744 -1115109147 372400827 -1317276491 -392452285 792657073 -410097100 -1108302018 -1364878507 1892407987 283222414 707593618 -336741109 509437393 -394320837 1036025358 1140533070 
-1638181886 -514908615 889381735 1003067180 -915936718 -1286789177 -1393102736 250324741 1322947635 1169483255 -1652659221 -598805530 -513112226 -1333140030 1149728275 -1910119633 -1388341545 -760256372 

-1554144448 1776142105 1559584212 697414210 180424405 -900834993 -1618649777 -1884153349 101706152 -2118514979 -1563760687 -864307885 -1863308279 -2130473586 -828116444 -102834282 1756871681 133270265 -1864876782 2139975250 -224716455 363681576 -1557673069 278042726 
1151618641 2066034674 -1603158945 -895168380 -2132588900 -1596415563 1291982290 1731791037 -1284697794 957835757 -837944585 -1186313942 -1948958174 220310363 1718395419 1480157879 -1793526442 1361243470 -1208408081 -61044027 1790040705 1324276575 586899839 1561213661 -100968369 
1140467349 -1665503586 1049152070 997836642 1786652949 1161067835 1071259985 1127294761 -632096681 2133197856 318824063 -783942459 705107014 1179274629 1393285518 535249661 241153649 -1152032886 -1574871328 -264806096 468921256 886080265 467874569 
1758812399 -566788277 -989880000 1006239527 1158071788 -1351662747 -796482815 -454486264 -560600508 -1081048100 -1662216416 1156177493 2105522966 198634994 1385271810 2108464873 -87648219 1466816152 -931418095 -2067665681 -2039430885 -1917009317 582931744 89612387 1461325726 

178412896 997829929 -1122020256 987332791 -1433319365 1940571767 -34962578 -1463437753 -162796032 
-1312942462 -1880093522 -1084069733 1512715281 1625580698 238495562 -235575970 -509115175 1800119670 726885617 1550244035 195834829 -1285011680 -924606110 1445895039 -991873217 451708433 -465000324 -400804315 -1717983722 -502471890 -2028982829 -238165017 -1832794893 478477237 -438443156 -1180717900 -1492688663 1018840548 -445908397 805810543 224106981 -1248422345 1590725378 -1393230708 1312461553 1921437420 -1160889607 1578583486 -1877376227 934106003 600993994 -146810679 254842940 -871128081 1872977381 -1517998790 -472856833 
1504799626 -1864067114 1774343082 2060716343 -2067646825 1975632823 716176492 1673060375 39273004 -1871052255 1231671177 769634601 -1499662376 1081593467 -939506858 -194313159 187143125 324347528 267710252 1286775111 -1374834991 -2065417938 -1049436769 -1874155250 953824916 -263162575 1123840602 -678000585 62588068 -1158915270 -681403240 1996118951 -1023620108 394651068 208185419 -583357381 203890497 -815738319 1388062851 1606252048 1243622017 1082523630 1730008026 -949660618 636085153 -1205630292 362159 1760150981 151377484 -1081006379 -2115420952 -1138878817 1889562112 593555697 -1847384761 -523588280 
1653059535 -100338649 1912160568 1406295361 -1611944640 -886184108 -1895474688 1855449409 -1422638258 107975737 1835673601 -1288265317 1863877692 253550595 -1029235312 -1805535560 853102714 1627077646 -1917735986 1843808746 -2092222582 1436317330 571002235 -48981539 527853283 1092856630 -1997318052 1963191324 -1421348557 1596998047 1016126724 -1946754141 -1605242657 166190331 -393745878 -1151585941 1966278217 634885253 -1753475037 -1388212900 1563090229 -2115409687 37830632 
