-1456380566 789069633 256993335 -857565226 -17741131 -1930301036 -1625596263 -1934959450 -255247031 -961675446 
2056762730 -37176792 -229492601 642161572 303470226 -2002140198 -87349581 866743408 -1723934042 38120335 1531967871 
-123369875 -674346139 1832859027 -1274088218 -1953465727 -1941358133 -716157215 -703559888 -1351511549 267368094 1332634420 1509305571 -1988828783 -839011937 556829170 -2039193397 1582445611 916389496 -976966320 813798553 -1686201535 659985417 
-1939457716 75305199 1068519907 -1977275306 -1642849340 -265366352 -391088339 -642200839 1953518427 -1833917175 1240392550 -1365008679 -192413154 -564615100 -1006074766 -817996569 469167948 -1026250509 -240119218 -55088163 1203034348 1611882295 -1234243691 -484627974 



-1072063195 513458644 666491465 -617171887 931502339 482293916 1160021232 989133702 -18572104 -1021841042 558586799 -1619957489 -1222044567 1925963216 -559704377 957227110 1999524257 522305432 -1040879021 -1298113679 -1671408548 375740356 -467353719 -959256197 
-1872785796 770331314 -1907857145 644595877 -1596920078 788917664 -1707489431 -1777475841 -420998835 -1737086801 -420967399 1974708587 473741868 774247341 -416244805 2125916720 -262006873 566547483 -337911787 -368819081 -121558623 -427515423 707817406 1314483261 145091979 
-1564007048 -803008359 23062465 -1535106567 549547981 574785318 895260304 1062246681 -1535327126 -1779484541 994639647 240413911 121913054 -793140693 2109295920 -344019541 1473441806 604425454 -415905256 225684991 1219092497 2125017487 
1575375356 1102957898 1142863466 1697350665 -371730706 -299891466 -1120800759 -1856089863 -1979346025 -428421560 -2041830761 -1433169698 -236902629 1070284047 -1327077050 -1509066610 -1667496039 -1118669599 -467846597 -624445732 1076990074 1800226219 -1317540368 -2128242580 -1889638528 

73043296 1209140139 242760961 -90851452 168866663 -469224480 -1174683680 1138559273 534364260 1943258611 488336181 -75402208 1901487829 1952244841 -1346341297 -1961354125 1513881138 -667043688 1130811880 879809539 1727196043 -1540062802 1089566978 843502654 1097939885 -1956824618 
2113240663 64500495 2133299812 1589117361 -222734900 1515955663 966076351 1174593098 1789751994 1389271743 897108815 -113086738 -1309737317 -955323722 1390207524 733947016 -2085203244 -371481603 1822698017 -134690225 463972913 
-512044102 1863182854 -513512328 1326626520 798183844 -1541913695 1106033136 1200403591 -510553026 1224677958 526921324 -1372664453 1860814112 -611344550 767743175 1650942701 -252130537 -18457064 2126349075 -789175684 -697790431 -810450572 890748515 60094936 554943883 1450508161 -1207756189 1883401041 -1666175474 -187008856 
-367167057 206873874 -1119476063 268729723 -300001903 -608889936 435078681 1466820326 2816023 203525269 -642138062 1146492565 -425877299 391008314 825709469 1397991677 -717750387 -1718938693 -30326513 -156859512 1132243321 -1118636664 400706713 -427617497 -276875660 -885192682 
1940998290 -1156006903 -350023486 -1722586760 1684141802 1019045944 1338047812 19513829 185256776 -1883711418 -860283274 -110763315 1362422050 -187033144 1306525238 2047389023 697294968 -862323170 405491709 -2098901479 1272984809 -1975101526 -221085799 -979733501 -2005023826 1573927839 -763919392 -263751293 991634760 1067080635 1747038822 
6662976 1524970042 1347006674 1746758212 2111604915 1654072766 -513383216 577875376 -371375620 2098989313 415738801 -2134111376 -209119240 1846367483 -1164392357 -506773508 1378027203 -402564754 -495281572 -525936801 701332637 -126100625 505426351 2141362734 282611282 -509703793 -1593665441 -1799625299 -1599307865 -675466490 -72687916 -942411999 -1297169774 
1273966330 -1747558014 25538775 1061328282 -1880945032 262525746 1192247776 1336612166 31039396 -2024606517 -1416493628 -1692368338 -1795218089 1625133556 242557647 -2008298578 1772261299 -1242190729 -1146613855 918231750 1833173905 -396226388 -381155173 2080784257 1130710667 -1702685396 1359486474 -25061219 1487363667 1922086197 1729126655 -1479844272 1096466621 
35398048 -1382126860 -328352699 -563067696 40199535 1770641569 -7932457 653893377 730074765 692281111 572405846 -2074388746 1115006641 -1691818288 1103791064 54052632 1998106079 -1570581369 -103878603 -29453207 -650711781 1345043833 2031525342 -1719726572 -113280593 -744151007 -2034263066 
1482101840 -932011516 -646874685 -629944042 873039412 1934176299 -1888267800 -1109666511 -106265225 1510590154 1032963462 -1253157496 -372069119 -183646550 1668291568 129379911 -551128360 2120863970 -1578205971 -188422911 -649835032 -1346172758 -1891557777 1294488049 459775859 -346698240 1790569603 -958494995 -130121923 1355811591 -1958700247 -1473628853 2052231217 -1142674971 1043028562 1515702293 -516097797 -1851868869 -1796006496 
-1028512647 585677619 -858462614 -1537489446 1207595891 1957024457 -2018617955 -665200315 -1783607606 889382618 -1834966517 -226179242 682681274 1015702367 -1503121330 -696453859 -1435040156 -1411683837 -1327241146 -1919139259 231200885 1080401169 1383689237 
-1698264696 958537539 1100138368 755453413 1434851158 219163785 1570807469 1555220364 705273255 2127526358 -1424546232 -1337471170 928372216 -690855218 1223204387 -1196344829 1464711360 1857727930 1192926822 -276809548 2052811024 1472650270 329202940 
1238453857 -742758184 1905086497 1174443755 -111763970 1492368948 -1115468810 1877993400 -1355902450 -532962550 1047992643 1676494676 -575748737 -615028361 -804189482 -179056810 -1917700252 -2135311339 -102877584 -1990128887 

-612064280 -1209903209 2006773757 1452212212 -177112649 1912504161 -1380239021 168386534 76570221 831323205 1903379549 -781192793 635402486 1822541291 -537778875 -994985184 274034330 -1970104877 -1413858527 534531574 580058274 1888957284 
-2093352819 444495686 -360720079 -1501750139 2073817069 -655103826 1084414907 -298358494 -1083824737 -1898250169 1655751514 -468584749 -439185901 -2141889192 316370425 -1562484248 371332170 -456749449 1176267013 215530437 2110322298 2026676535 -514996186 
-394712119 963820524 -1184377712 362542682 1966496679 -205464127 -1359533301 654072229 144510833 -2121366959 -283947259 2098503338 223777341 1186032758 396772175 1722122205 -587086857 1339987997 -1221799188 -1420385016 811452328 -1295017669 218797542 
99534504 -1468442303 -717538163 -1399892827 -1412072672 1956438919 -504169140 754080800 -999090347 -1665201390 -1581970497 996405724 -304350235 -1665003311 -1756882835 -1717276905 -764086857 -222847958 477990877 -2037150132 924688457 255802351 201556333 1713515170 -2127061455 

-738401065 -2101309895 372996146 1506266090 -429848438 1996895459 -2049310278 88123696 -1781604583 1417724925 -573538078 678708776 -1060085145 -978932404 -820701469 -922475866 -289158171 650735340 -1814466521 1285518748 -143134016 1611641177 2125025292 1555909915 -506338886 -1429810571 -395598304 -695979068 -1022875249 -270045715 851102686 645251782 311163503 1503153079 -489483846 -1753280917 680756739 -2077219640 -2120914175 
-1820479495 397143127 -1662204503 -1844402365 -1705307107 972889693 429234395 686408112 -1294618343 709094938 2092745395 1192745326 1462398091 1412669372 -2103961229 1358340978 -833726233 1093759683 -760003847 -1024019607 -1836302881 -1972215610 -414738063 
-2039915676 -832745393 1101749340 -1005074232 508628029 847396838 1526932332 -1736373023 -587267761 -219438781 1862608836 -884255854 -1294339591 -1254627581 523870411 -1092634902 607147228 -1315026854 -1392378351 -366313877 -88807603 1616710713 
1705241772 -2116775504 913476018 1482394873 2035319598 -1226393857 753442511 -1309265241 -1968656256 -1617571444 852949974 1762561554 -1173726076 -718768538 1498281544 365189941 1896762459 316164406 -535594334 -2115245628 -1605317273 361531530 -375102596 1688621360 824409349 
1334119988 -1891785415 196636102 -413097046 -439450644 -1196003312 1033220376 -226154748 -740485113 -1815954309 -707490811 -1447573594 -198049975 1672993121 -635346540 -373702465 1203575180 -848902238 1041145017 -551194541 -386058298 357013214 -1702385888 -1608673815 
670236791 -799802493 -2139279704 1474336542 -518613314 -859858183 668051917 1104737456 131598631 -293244262 1373920046 -1308843302 -451458848 264027537 -1265444150 -1428497119 -945784252 -988395529 -177763938 1473807337 -261814911 117948351 -1758619912 1360133075 -1173111491 -146819936 -1802926517 257961981 1009024552 1128981395 851400451 -144833816 -1734465758 
1880101398 -1094878434 54256785 1779928995 -918752477 -434714581 1240671936 1357863509 -618357624 -1677036205 2017905653 -608712609 -1876163227 -2108348084 573174243 731268731 66044480 -1937569449 -1830373679 -98521387 1360143028 -1659027736 888519083 -2024984263 1918293866 -1533790133 -1457581601 1939492073 1604197325 -328081402 
1551559615 1760058548 -357574966 -1267967994 -1619417407 2077728386 1238990636 -1129957018 -2105540035 1813509388 1852490275 1325187013 -1205994706 -331777185 643226977 2063684400 1857203685 896579664 -101762916 -1822952699 213041781 -1180114799 -871248107 1106738385 1627068397 1651268125 -2089219117 1366203267 -1528699843 -1780871021 -1435853871 1310382697 1834478195 408160507 -1375880761 
-2123587513 -1130733783 -1173687513 -1696077413 1160130169 66874576 -1085868092 979673291 -348563673 1449735175 -913416663 -777520265 1120029456 -307589206 718206439 -2137251308 
1239131327 -1484536486 1924569986 78379627 -1326839464 1233387263 1840597248 559237481 751130183 1146966305 -185539253 -43582556 202182491 -959773777 -620136799 -1334790587 1464242747 904010260 -81541131 188401001 -715885329 1783490102 1116461299 1332074085 1688998238 1219589967 1235413011 952919174 
531308083 -1401520361 1257160985 237987747 97106256 -118404232 -1756770982 -1185230661 1449876547 -1573373463 -392210814 1887858163 1123289675 1452622717 -1987105205 -1098838454 383006815 810972037 1409845278 -1535758511 -878059533 523409837 866401658 -905043797 933789652 -37951011 

-1904059397 -829234545 -2089756984 331080948 -1460652444 -1696780091 1687742602 -152783371 2036252706 1331518208 698770856 1102946695 729504512 114756328 89943378 -1182829198 -1094251656 211627563 809975282 -1862888647 1058734964 1871167657 -2104000613 753068122 
1348143846 -1732510627 -1813024761 1734676447 1919981633 32631915 1559589933 -521222785 197425869 -1989451203 -845855528 -1625050856 -15876913 -1651918752 -183168023 -1972981314 699423753 1847585223 -994049419 1521452971 2052019644 293742184 1428874511 
419103245 2011191335 -1641388580 -12697112 2104576072 -1329467161 1523934646 -948248354 1886998088 54951627 -2055574798 698080577 -1348188012 1847664573 -1330402957 -2029256558 -1008762514 -1017349980 777245953 2044391556 -571199704 1682148472 
2017566050 1647773867 -297049092 204056197 -2055186672 1546754030 376196550 -1685675391 -1412416689 -1192027531 -352305008 145252688 1036563436 1338864358 2106752140 -678753119 -587643834 -620641709 -1157827224 1132335209 1186876356 -673130961 -674840834 592708635 -1136087262 1818008567 -1680074396 1345773067 

-2111859711 -344363067 -868044862 1209809675 -60915342 545680896 1895364504 -76050863 -1033811379 1558464095 -1739460335 1248945959 2041724669 -811463685 -1525529211 81235066 606525201 1201666217 1654539758 694736818 -882766447 -1569682546 -1746571548 1230299831 -2085435107 -1306552173 -1079487327 67080195 
-994579406 -728154595 -528724002 1905553228 647695169 920647695 1103665966 2029446789 -95522170 1457320636 1244065720 -1419792164 -1320610073 -1231961163 542177708 -1916760922 285192769 1830241303 2002510258 -1307346796 655449834 -883301702 447340118 -1454673268 2013759876 1043253889 
-2097632507 1844427145 48993183 -211104900 -1115378304 935595024 855904137 777489106 -845370212 -1099156000 1846909787 796391042 427658373 1553538418 -2084725050 -968323561 1645751746 -1737321379 959137750 533076145 -876184253 -1336400948 -1763641901 -599328712 19526951 2078352698 -2088969255 -2133186104 
-222979029 1748140431 -770391710 -1373032115 -234554825 1802969347 -340865813 1191731471 1230036089 1832763597 85292147 -1649220000 710451162 -97682840 -1142192088 2120643779 774966824 -641662825 -1967109166 1257060041 1037355529 -1195551002 -1020071759 -2099133062 -883546947 
186729067 1513678500 -631498192 -899351345 1217835182 1955586481 444373128 -305735321 -146859190 596765449 1328782865 -1013255380 -1639352971 1950282245 2046018621 1561696962 -1135145425 -693881704 65940468 352611922 -1986925859 -233824767 1112442019 -1406877137 1924609859 1576870503 1978077759 -1872466654 1836840368 260880746 337347871 -1916520725 534512967 -351320756 -891671671 34301111 
793618520 397204269 1801191027 -1325260809 1254485112 -334596372 -1318386831 -1832420814 -953368570 2099588331 358592206 172573592 429535551 -1490937541 -2146043727 1411848196 -1984997629 
1805089277 -1206708536 933659891 283172133 -2116624860 -1070822248 -251146274 902505292 925928261 -1870491495 1607432318 -2064555482 788164369 -1530967720 28012186 248824028 494682560 -996938391 -2067473978 -1906243408 1481308479 1201116896 1875762771 -830410038 -1720002668 
1647857650 -1003904066 -628909795 -593190257 -391997529 -1401643512 119132343 71357291 1821964459 1755974512 22124752 1721138865 -697304547 913512631 -1571131492 1521216529 637575167 17524928 574986328 -225870746 413548692 366814001 -2052980911 -940150102 461564693 -356530754 1778528369 -689745672 1871610763 2111937504 141663420 
70514639 1436887464 -552190005 -892104632 63897793 -1105605410 -1144546602 -697971928 -1392491689 2005462497 459492240 -1570920249 2073374027 2114061318 -150478427 169738813 2112598518 -2074375254 -1380319607 1057600823 2007904820 1877510854 196900178 -893086593 -1251097126 2030857858 1225816352 
939825112 1241023078 1402227937 -169822831 2049450633 40426286 -427080124 -991297414 1390448404 -860086640 380708604 -652496629 -1919297402 227073020 1058109717 367018006 1110163201 526796691 -1833738552 -1374753440 -2147417043 285625424 -1757949939 497403680 -527576023 
-2128142011 -1530904849 56821467 -405334954 -124226042 836414048 710659616 -1405168806 1440404798 616458397 235752350 -1610760530 849374435 1276043462 1582671396 787011661 -991394909 49267464 2038905600 513863752 -1294557215 1151938920 -2103244910 -1371080229 -318673201 -1648959247 99769429 -1986582751 -1509589281 1763324423 -134489385 -99406469 1525248799 
862586092 123890790 -739164092 -40183944 1738599937 -1830316162 1813330662 1286841708 777360351 1187515839 883769611 1226433248 -1525297326 825836511 929362771 1310494651 -347046380 -1707771948 -1833155364 1253604578 2060482390 -1069833482 -198104453 -437490267 -2054969566 -948458520 382663887 1404078308 -1352014380 1009126959 -308422233 
1602948961 608647381 -381812240 -275105500 -1139735853 1398616331 -357254305 395018105 925867703 1110942682 -1672886559 2038788580 -1189669914 -2000087923 -1275155125 -1168554259 1381381288 1726198468 -1352639146 1727345798 1817862489 -1546422012 98724244 -755727479 
-110807168 -692666781 -302403345 983815019 1163279642 2138201596 530879448 -574156626 2058126221 -822087772 -488308659 1639599858 -1239860021 -660962594 -57061994 1129762824 2049481974 -29780939 492679927 2140847501 
-886692704 1523446 1442000159 -441960790 884157819 183600643 -1739928874 160399059 1842298394 965508053 1561435660 1572195432 1754004278 636844541 
1621267678 617601021 -141119604 -1402625766 -521642269 1351551717 677589241 -693847569 2100064329 -712178960 1146978911 -508381391 -1973794033 -470805001 -1722834926 1787393700 1729852859 -235316130 -1603554592 1748379828 -1130255728 -1033618410 
2136662624 -1281646616 406487710 -126150631 -962930823 1579516197 1881119179 1330005901 -2020789193 181356744 -794447313 -595738548 -1574074520 1314785552 254597882 -1557202861 1906515893 -556732640 994650752 429083061 -1356991173 84967638 -171574027 -1448775338 
-1764292663 1896911067 -2053060026 -522763830 -1561531697 -1104858742 -1238581507 1092735862 -832014211 -981511787 1416758138 12993976 2134635791 1440384604 -1378295840 -1900694804 1540057565 866109445 1014624596 1006324358 1320932344 -228567756 -950921494 -823452825 
1705568502 2043437661 -1958090914 528824842 -1808105363 -210658345 2127397079 -844315297 1880891873 -1378527307 -1177809720 231094338 -489071125 -751898476 1621647134 -683050360 2010432968 -396906482 -685071473 521109826 766923210 163271961 1108993420 1692693458 -1760989051 309372873 -1743560411 -1385507737 479341999 

-211970799 1706467672 -18570502 -1872487054 -810694945 2073105018 -582732248 440218424 791184291 -1767947862 -801808843 928098531 408760934 -1544183590 954583626 -522915604 -362049602 108283813 761902857 1885352370 -1163965943 -1752264240 -2131255474 -14899783 
325952238 1667846000 -485141302 1871991827 -1562659881 438139897 678786843 830111814 2083870144 756139392 1995170259 -304038946 2122069327 -1253108834 -1899174469 1885597222 -1939951684 -943679345 -1485173378 1244235220 101642788 
1403684282 -283822230 1161967950 1061316044 798333549 1586038547 -310570062 -30245712 -2035100454 663982310 1310362201 -772857631 1972489587 -92301233 -714263902 -923991347 -1372259684 -251848572 -679327030 -1296600091 1649224410 1263672646 -625889353 860981420 1006378085 -651612504 464160915 -95002844 -1289220997 -539810138 629059285 93606501 -1134178611 1495631653 76291303 -185834424 1745961022 1215818535 1144606513 -1108274408 563164947 -1428246104 1182705533 
123160705 -2126767268 -991873656 -2072799889 -922440151 203558791 -1764853015 1204054970 -1952036054 1566521506 1773898344 -2124779719 2088518402 1909595183 1315062223 -1865097920 363645315 -1571350745 751341050 1442805700 322717782 256576630 -1945399515 1886382499 -285884615 994415140 1831008632 -2060944551 
-329206806 -2013108415 -1641244979 365198614 2140767213 -2138496549 2115007295 1938751091 1488515666 -200144160 -1236070626 -1573701195 -944206675 254075180 1928437192 1152989424 1419873868 -515443353 -764240494 -1686591823 60560022 779379313 -349989954 97994932 -1503855366 
2044727644 -636364202 -1236826724 314578600 -465270421 -454768479 1431175076 -78738208 -1732782037 362481837 681477772 1078403046 11256034 -1366407426 551112637 -927443860 265405197 -96275575 -1839038400 -1717879650 2084282862 -441155260 -1485764888 -421585121 1267088074 1631055708 302491490 373112308 2087040181 335622617 
-1487344435 397777134 -909697600 -1526015845 1246962124 1912894809 858630893 -505944402 -2079928026 -328113226 -1841957976 -863751820 -176144577 -1051640352 -1736244797 119014851 986220235 -945074918 -116961301 -564708971 558992016 
1962136534 -1394897736 445492793 810772704 200104338 2079031945 -1251659479 1457095061 -1177941350 -1914062802 551798563 1017652607 -523204010 1970835728 830641925 -1073509815 -564839316 663231449 1143529535 -571229798 1527497323 -1194470085 1827691022 -735574282 
-1362429961 -1271666669 1832489596 643357221 1041664553 -462681718 -1292132497 875890060 -2040381845 -1850654397 -1868468943 -875901394 4282746 1618743135 1349822759 641068159 719282627 666005166 1623535980 -1134292085 879058051 -1979884834 -84873709 
-1891371905 1705002611 -1080260267 -1083676356 -1125963605 -24261990 -2120785240 2013806571 1646872303 -1280623830 902017349 -1193315763 -499725584 -1019413603 1913046381 1644205089 943786653 1417849995 1572345334 193010203 709113103 -751907175 -413074720 
1671028536 828271962 1975441406 -864113110 1042870980 324076014 1874503372 -39280891 149654228 1187244367 934328434 2093958219 282926238 -725923441 641152029 -1033141477 1334224371 
-193578277 -846267161 1790021079 -1561816641 -957810923 721521417 577078503 1951230874 2071155166 166709154 -720127794 33366766 -1684451053 252311923 560025593 431195026 110660283 1049688106 1295286545 -164757960 1124232906 -452444216 -405679026 -984098741 -1421765985 1957769212 486150686 -959084011 -1117525450 
-1380358483 1725814025 -534065656 -1779811516 -1451565204 -695155657 1689804353 -1543887571 -1396088658 -254299042 -661507682 -1302537595 -398160154 283817427 -571020155 -411391708 441052551 693879189 -1036141962 -969422677 -760790668 1845171586 1084277892 495255277 2128154445 
495895315 -744684634 1137932725 1689101848 147225592 419068216 -1179607541 -354849435 708230914 1831476334 315848987 -1986161128 1386399606 -2000106771 -1172085214 593343338 -1834481300 -352734220 720121870 1679719517 943712111 -1926046341 -1562811035 -777377074 
1354829146 1564722072 614967045 46007674 542407753 1762474254 503881024 -1133694451 -1284660476 1758854297 -751657048 -1743424394 -150506941 1369475014 994747841 336721296 -697463901 -56475478 

-1854070948 873568467 40961959 1815900093 309722126 -439486478 -615078527 1037793927 741823940 1780438789 -1379080907 -483762266 -2108601697 -615710219 286101426 139606148 963999106 1178495494 -768078026 1490089421 -561357186 -2028213908 -466691365 -1526502712 
1040474598 1899847459 1158913738 1209687642 -1550128659 -1607119834 -2011009627 -452251541 934888071 1788830657 -1654191924 -244307091 -1299884863 -1185830218 -976041295 -1553078026 54894290 1290750052 853265421 1272837481 697499472 853365291 1111725203 -865537218 -1688563831 
-1484744671 1378620531 304929489 -1434544698 1622510331 -595639542 1832769205 1579468218 -1763606374 -2078337381 1812642315 -1045157661 521106475 2006466319 -72796245 1567293789 1803500759 -1922267224 -477255693 764485362 1546291587 -1565174334 -126347438 
1020916434 -599849980 2132892025 1336346335 -137513380 1857072806 375733677 1290603519 1229343673 -116549283 -933234039 475501705 -1367690431 1793431222 -340656437 1189572413 1123028152 -811106309 -1147823501 -508144866 -1925400921 185072670 -961623321 -469846980 -871339858 

-82094986 1652495198 -1961047116 313467752 696673400 -344315635 805559484 -1942177562 617179806 
-845753187 1745491172 1360619965 1038693371 1508797015 -677714016 -530060391 -740208756 1153844200 1619990335 1155499839 -946557211 -1720027693 -1277281381 1586302464 -962583759 -529229998 794160661 -1638360910 331623797 -740511334 4095492 -1957925880 1993459466 458003683 -208256753 -1208647625 1449206660 985317824 537910019 -553276222 1498800677 -564916024 -1517772840 -455027366 -1617446949 2035219548 1433932516 -1623678659 -559123002 1647214286 -131402073 -545072974 -766861732 547777522 -1884421891 540479755 952753473 
27580110 -77052680 -493637972 1640552784 -1842784058 -2101507385 -1167000087 1891010314 -1026765196 1643448705 -492535960 1197929817 -379073126 -1891532373 501613748 1689925859 -311849788 -1502403186 1900755750 1390258945 -882610516 -1664772384 -1249534403 -568934412 2120177641 1806582553 240771601 -1299163926 -824699854 -306034240 2072497394 194139964 -1454056434 1543770540 248206055 1394381139 1713834979 543504163 -150408551 1414887123 -488916980 2085142552 -867139934 2144734206 -788316269 60224103 443710992 -1529047916 515521310 1589325623 -2086221097 996710 -1594606455 -1544452114 1635381459 234928430 
120615712 -489053873 589489341 -950937455 -918565310 -124233052 -591306596 -866605878 -212682400 925513017 1310247140 820610087 132964164 -467335917 -798868710 -1804315140 1272145524 -1572371729 84686838 -1453271297 -1294302959 -770103593 703411898 1320514843 -556413131 818233778 -1244512645 -1697318590 -1725588361 361322170 1504227387 1137042620 1554299836 -977457906 -233874718 1799385314 -1235854744 1374767870 169374585 418332760 -664397893 873948010 -1380258048 
