1286897235 306741648 1139890029 1357838720 -1387728309 293561421 604314886 -1466441199 970909859 1322420577 
-756193345 -891714434 861191295 -1332388070 1814079623 -115687210 -1998225193 1257395644 -1543768056 2029533500 1055669922 
4756031 15650993 171062716 -919390588 1093681609 1336662339 -775778950 1691367308 519119093 -1120187866 144089612 1663522232 996514527 881840365 -1418168111 -726869657 -956034781 -804886279 -227146377 -1465863541 1985914724 -565758919 
-540261587 -1652249219 -49116100 629942165 1548231110 -558356544 1511857105 2091372920 678188958 -458015820 -635548514 1182667852 700521180 -1056147426 -1133164979 -415458352 28852232 -200593477 -1986173375 2059576004 1389065756 -381515843 1627313533 1032438789 



2804170 1372590927 1673998789 -1790230196 531888270 2006578790 1318356741 281632275 1279404811 -342911337 -972761038 785612371 -1024351043 1404732741 -1612981623 672255464 -403585820 -1155895626 -325128991 1033596358 -634188451 1595542686 -376484613 1545099813 
-135913575 857774100 -1711128486 -395381375 731631686 -56710874 780427894 -1140722594 -1977213006 791785638 -919170445 730614757 -413402849 1667116986 -1633101609 687060663 987421262 421787641 39835794 1715173569 -787832652 1285365712 191842676 -631912151 -1488438152 
1948505373 694501876 807980200 -143710368 -1351653603 291943475 -923120332 -700424104 65942258 -937979092 -439063195 211908451 1721536937 1945502642 -744884666 -1667488732 1425484199 -428828309 866728294 61654671 -810978712 225851529 
-1957082574 -1954416772 -2139151972 2093356416 -2020842479 1411231763 -1406562579 52721593 -79192373 629534622 -1512519077 1829358951 -1191694510 656822353 -793130959 -1582911628 1779033145 -286491055 -1201569570 -1183763815 1744037479 -1119734952 2001154972 1679598459 153363706 

1822031822 -269592868 1612594630 -1954888849 -1903960328 1552065517 754382050 -1047361209 1282995639 1605330767 -593286294 1747186092 49709241 715428007 -1525762879 -777737467 -1050582960 -171170543 -780373858 -1340243506 599603848 367138673 179782409 -1135810667 -1815436841 1815738843 
-992403753 -573794219 1356478414 -113927157 2009368814 508929675 -2016267428 -2121310052 760018700 -224091331 -624459068 -1268963345 -893439013 1513032993 -2141099510 651549925 1145435227 -1543011054 1514937560 103815327 -322847526 
-1354347139 914077862 765201297 895408368 -1472145616 -1003080332 -1599159212 582439418 1041845913 1929387937 1741351332 1256803365 1173252163 -2115651302 -1100154876 1979142293 -1367845729 2020008399 419366862 -1454838677 -2140694093 1255186299 322633417 91688825 -1448630231 -1320763359 258509823 66727579 1005966206 376083310 
-1943197193 1040948052 508782966 -945130612 -1200352739 2019435232 2096108059 1092300417 -177869918 -1921615838 1351051232 8457155 196973293 1671815080 1963693050 -366260114 1178779406 557186758 203215003 364083413 890251393 -1703491505 1785949195 -1546338149 114221148 -1487649258 
-330263324 -794265749 2088003602 -501037847 -1535554535 -908241474 -73536721 -726747181 -1888296173 1447131752 160379755 -326300752 1911640664 912782015 124739992 -1452323292 -1176259195 1822074598 -976020010 1628899833 227212462 -1746553043 -63026654 162710904 -540238773 35056029 -817476688 -1372723595 -1665608757 1582321721 -409061023 
1167364485 1229662802 -461124666 -1545646859 2018748501 -973491139 286843002 1082635024 -1726239346 150814032 -430092628 1807335740 2092819639 1670684464 -495719331 1056345308 -2118052814 1226901235 -1484983095 -1901693100 -1495067014 -1474694978 2146287256 -1879352732 76236178 129747408 -708991657 265762048 -376307293 -1573147101 1936741915 -1960642635 -1527286710 
913848124 22948930 11129961 627833851 1842245425 -484113776 139787598 -634682039 1462679847 271365057 -1177322932 131892964 -2012877172 568078531 -141790398 1160379687 441085522 -238746003 1886292344 1458064865 -1388422226 1290048253 -435440521 -939365120 947608169 1986752122 715981189 -1888642871 1592048670 662469635 -1360153331 -482853850 -1117155886 
290377434 238133772 347066670 -1336913580 2135341101 -1355330219 1809425518 1029275942 -566552683 -2142139017 1900572430 1100965495 -1469207499 -137767222 -1040122204 -67814668 2047270830 -1765788392 1389831017 1609079934 190680653 567883104 750418410 -559215568 474326930 -446146084 -83120555 
441702197 1363227249 -1664631551 -444068352 559183899 -402069011 -864860790 -639475094 -1142171812 2007640670 -2037812665 -1426215914 672624101 -1732630876 130048156 -433150222 -2110059665 -150022926 1643183467 1731195344 1974671057 -2024313657 1733298221 315365399 -1727690327 856174448 1216867314 -1813048083 -1045741405 -2086864725 1180841418 -267270010 1538379248 -1636193739 -2016086129 -1945639947 1711499484 602259436 -1924399538 
576718224 -1657616043 1494006070 -198095455 -435840997 -528743504 -36951896 -934937961 -672937181 1065684458 -1901466152 -1651514151 1244494651 -276572746 -1328113889 599045081 -789986672 -1273977541 -1931860431 -52948032 -223406981 -414231174 -877153241 
-324149671 -547739891 377651383 1429846492 582347915 709005884 935865945 1542345385 -1967380827 -80217843 1945021188 1869020160 -352202375 -1431316663 -1069108529 1724765683 -970743340 725487795 2018338953 -535370246 -1172164717 -1309205087 2051509492 
-1573304971 -1809275454 -1980576107 749060479 1983475425 -737672279 35043752 948906072 -2103743691 -1860494380 -1597149681 -1468606398 307750104 -290863095 -995704450 -1267879177 451271962 -970398522 742836880 -1724749673 

664185709 1008551384 2026173933 -418077998 1520452121 1463288049 485444815 1255824181 2030394365 -894233874 -1492447733 -1187990339 -313315047 994845604 1390665799 1829988788 19276592 -1011466789 344565273 1731831561 1574391714 808983301 
574422220 675195983 81224167 -1011845582 -1828657579 -1792387290 659770717 -1331806437 676329607 913075196 -1912024462 1096210353 1506932425 -258819642 217255043 -780059191 1524547890 -1673919322 -303645005 -1166046853 140674212 1815470756 1755395915 
-1830321621 -2087853077 1307345074 1902420288 683887677 267169358 -1801044062 541971053 1565745076 -1958958507 -2057643435 642922128 296506993 1207256399 965841753 -1735679534 470885497 303572270 -847727842 1784914219 1620380043 -572379628 -1414553128 
1250832406 -1566657627 -763138972 -795576271 14156035 446174589 -1519689113 461642131 -1697446429 -777198664 909094999 -962948094 -1767409673 -416023805 216011653 963068575 754917062 1048429226 1442647521 -118529925 -261948849 1518635215 -1652950346 327566557 951835953 

-173968335 1451159037 833797814 2016444387 -399280462 -46580921 1389219046 1385972630 1347639322 -1271019443 343802150 -2054422986 1753406176 -587034693 1676707017 -1286258883 -1174778651 -1676658420 1324321077 -2085007946 588463075 452554737 -839136290 1188202627 -1316179598 -584775157 1200959433 252649438 1699141130 -1504640819 -198414255 -1275929366 1222368270 1536758113 1913094352 1015412208 -1000030182 1594697220 -990550480 
485763247 -502830500 733084668 -1219969467 -2110451587 1306376617 1097696111 1684704932 -1881439443 -241459256 -1491560658 1907883506 581381321 307500806 -1443001860 -1266568536 -43966777 438028751 -559127956 1412176403 -1875865448 -1438016163 1686251419 
-1176798656 338393025 201063034 -993363630 872910500 -122562788 -1919621730 -2059391525 1074165000 -1922870227 860524822 1294049843 374794125 225410802 1493182282 -1051407454 -865209312 1323990512 1653386688 -2006066461 273472702 636103416 
1739828740 404404030 -479752383 1186930978 1485778697 1941258717 -2085799879 266350980 2018368262 617937017 -552600642 173438370 892230861 -874509187 -464943 971188201 1875558804 1562045381 468361235 334990921 -1353332320 -1211761934 -1720931344 1764428866 -1365431245 
-708992096 192200054 -278817807 616243301 -2079635309 -685392037 -695097059 -694461979 -450728591 -786517588 -968458345 1779781666 -43619417 1912372080 1642031981 1386304294 525005701 1784534263 -2073780013 -1731043923 791264262 -35059201 -2049697924 1795856075 
-1257871731 113737971 977876056 -175273172 1831460869 1073897078 -627748330 879072011 889466181 560537475 2097502539 1892199604 -1722016198 1667935447 1064122480 805478165 180588056 550326872 1080062921 833168895 -2033891692 2008737012 939682575 138428692 -593932098 -1084089580 273724335 280772412 882154177 -1547757073 -1535899200 1823974681 390452941 
1110464174 -1648035821 -419189694 1568913640 1066806871 -1090282945 -1263943399 -1965733894 -1877500230 1242119935 466397299 -2133479054 -1719258467 892772135 -1739521277 -104576193 -1879027967 -1152401893 -367799044 462403102 -2129105435 1167724912 66562194 -526175170 -793426370 -1943447771 1819751791 1103420134 -733110176 110209732 
-1040823565 -1984895295 1633163347 -688509047 -1661380792 688883137 855533256 1574754906 2063317390 -1255624359 -308212911 -1248225929 471242045 2123466604 -1397260463 -1145322859 1447056921 -1136904093 -1520614864 -855995766 -1058074532 -1810480845 -1247404059 1608382268 1434915754 435385023 853341118 -1558505316 -1433972751 -1993363034 -278608595 -914048317 1661875969 -1301447269 138649803 
-841980793 -933157219 -1771520603 1522225019 -142359119 -372169995 104534269 -1746111834 -10107098 -1762684878 -1981347324 1470368101 1208542555 -1161926103 -1127340153 -1605060622 
-1783329226 447147036 1444285142 1898448779 458642689 -205337574 -1774788477 -1874974767 -1753573098 -89425413 1278568916 1390677076 -673691354 -1748238072 -508962058 737900844 -84294531 -94298918 1038392796 1850288844 -1858033409 -1994041715 193449317 152645497 -1473639834 -144906559 1241900905 -974517322 
1603423529 -1580246196 -1293796517 701745366 -402077343 -8664664 -1970095590 224864926 1715874933 -1212832002 -71955775 -32571401 -640787910 153067270 842754115 -859006229 -1493923482 1961072430 -2141804819 1404962106 370464816 1439993924 -370424036 2121425257 -30689815 236663499 

1505959825 1290844308 -549863695 -1914599707 1737473435 -1364059939 341743470 208621371 870319054 1173780576 495179783 830770180 1219532743 -50088397 -1609225795 -1866259537 1204771325 -1303841333 -321335000 316566091 885398158 2119376913 298380323 -1303255738 
1675671573 1529954592 -1324697280 701390448 743739527 1755394058 -1525242197 -610312667 -573305917 391711947 2097741082 960521220 -1288548671 541155140 -567245273 1400145513 1768446101 112820712 410895708 1806722433 898526755 -1220107410 -1380336530 
1909030426 1383137810 -1701128857 379744846 1122208709 -1600970955 -1343110957 -797573021 1522473292 -2031390927 898965676 1079303499 -182806265 -1464016475 1530003564 -2089355600 2081032362 852396109 -70897920 179762453 -1740743470 -1589547285 
2089516985 1353782024 1936816617 1821334966 2142001947 -219943857 1237902513 421503207 -185325716 -1960643217 2000906946 -1768741722 1415219610 1585686116 -663913787 -1414333068 377104538 217560725 -740265476 -1492501809 838158199 273098159 1388370815 -1813766498 -356176462 -313534822 -1816062303 2095927926 

1168934437 1452784531 1147411886 -1705963871 650421228 781810089 -241775758 -971598109 2057521772 -637319973 1500782011 -402242066 -1105377654 -643656684 -966101599 -1078884025 91709880 1479453540 -1774211384 547580567 153583755 -1798373703 -1076208706 1199253353 1079706936 -1487277285 1334187371 -402304099 
949029785 -1977862318 -858124887 1233906787 -235750373 364803320 -1782564417 -1597039534 1643350673 1507658700 -644535296 -1817784769 1835620499 -1756224500 -734635296 -1033058289 -923651939 -346610844 -1520921079 2084962477 -1771314583 1002039280 -85697762 -1637272876 682657098 665590326 
933388458 -1730127874 -1207988801 359937919 -1469148254 -835642446 -1447818938 246982095 1002178210 -199184180 1231270010 310839581 1873363950 -878857626 -528257477 550727435 1417640012 -771085326 812799062 1178232516 -2106294115 1742763708 -1449914189 -879370425 1277858957 356650286 -852501846 -894862273 
-1041313923 -307613000 -145136200 1662549840 -564051996 -973449166 511557814 -1338696712 1916804852 -1129864974 -1350134567 877488547 -1128148373 272035807 -1675583120 1746963616 -1770023684 363655302 -2066354066 1751276549 1487718194 1281765775 -158548292 -1226619128 1198893128 
-1607799737 1390875694 -1001090446 -283000622 1250492781 -919971319 -2114343943 775751372 -356033434 -502931867 -887043468 1305785386 627190282 1879338455 -1136755202 -1442593622 -902646051 552405290 1815648511 -891558105 1483248661 -1642922590 1259788186 242183937 43322020 -757765464 858250398 -224778461 -1334466251 93580461 -33849806 -697999324 422344881 1751407852 -527173493 -2117718277 
-194370995 1612951147 -1725391484 -1657141991 -2064213458 978006611 1878976268 1538375920 -800920983 1753735397 -2088864072 780667622 -1233151744 -1532370658 -789061702 1328694079 -1571255819 
-463576967 -555957550 53673551 -1741660337 -1836676041 94641809 -1496519424 1203943956 -1339949393 -1316798704 274049457 968231499 -521397350 -339129130 -1291291908 -367362877 -600346979 1312842914 -484465167 1381836230 -1585304156 -1329348354 -1207528214 504642166 1307866302 
1484370869 -1562191523 662260935 -1397777175 -736976997 -372854509 1470924376 64152514 -1739179194 -1194044951 758462407 597337595 -1486649814 1823770196 -706685110 272746381 1385571704 -1958685114 1768101141 2056756636 1850249827 -1570513714 -1389440600 -1698270161 -18803320 -264723454 958989878 1691943157 -1694387449 1687966444 -2058097879 
-1151330437 110452263 -1175222897 -1683863663 -2106418489 688124019 857113528 -200866693 -799100205 -1386089782 91186642 -1932522410 33649985 -1054296457 -1030977988 463914364 52484672 1681212522 -1039427735 1299419841 2139817043 648972834 -838842303 1511386316 208199809 -1907710183 1059236459 
-1381266287 1248170318 1735798305 -2057733638 1631596581 -314802283 794883909 1793369725 -1855026688 -465865079 1831123058 1992080421 134307966 1031821742 291745910 -738985678 -281187195 -75805894 -669616204 1514054217 2137565042 -440291237 -1357831317 1837568875 2057712186 
1539808518 -2142591728 -1177262717 1569865656 -1780473264 -1738075001 -1945090060 91424751 1329013590 -1816933228 161713448 479307391 243874348 350255356 -1901175331 1671289161 -1283942776 211120773 1729361194 1092997439 1605932755 2127438607 803727214 1197729999 -1775566498 635027947 -549140778 1513221845 -1834127467 844351872 -2039295835 470946532 -2080530071 
-2037846989 -809025366 1865685511 -771172482 -237747248 1426772078 1600443575 -697791717 416051426 -1363071127 1093997974 117808671 1356232670 1721242419 1519740600 873498644 -467117051 1238922269 -152480070 251423077 229436306 1512617445 1701725313 673705055 -841753946 1435161279 1778345469 547745264 1097508588 1887354569 251726709 
761160832 -715376560 -120401610 1356054815 -1261640450 -185721873 -1556826729 -1596489815 -919461681 1056649319 -616810590 -318395990 1247977340 -116540992 -1950700567 1924789992 1555293282 541809938 499786511 -1129991356 -1440270787 -684808587 1722671627 1852126171 
537909467 -280745012 -1856962028 -386328152 -497559465 1322291250 -833808669 -204905846 1450059310 111682463 1864732517 -754242184 253065376 467168190 -1660218509 128746649 670810334 -1907468372 -750546773 730266803 
678764247 -1331446769 -947756342 1472850788 -1204871541 -655226151 961452099 2022941198 2070707202 640603995 -481628136 684299993 -23511980 343035577 
1208852216 -911438926 655145280 -472387986 2121567506 -1280827919 -1596575227 480957129 1229226792 -1632625876 -205710783 1737029183 1638405342 -781545798 -1938896097 1548829491 -972199483 -1264657118 510109439 642923509 1429265091 355945722 
1471992796 -360720814 -502067825 2143593699 1036654141 -1262485640 124851728 -1641133969 -2128289451 2128090894 978254202 -1740210815 1012710989 1165264866 1099054218 -73753744 2083973639 1768375012 1043171398 1129204606 2105633345 332494180 -1392204617 2002210481 
478684145 1991684503 876148268 -1873843235 -1460893163 2142867285 207560242 -75391727 1448581542 -1951290814 1571698967 924647085 1132076701 1991608900 -319716150 -1848482293 2102410268 -800358094 -157434132 -2134051457 820039928 1174769925 -1996776193 741937130 
570009461 1930367852 578355985 178336660 1979022754 409569814 -986010212 -7236454 1856647752 1795326922 791709738 527514077 393214142 833252718 -192969005 982512831 1829506954 545808450 -79515529 -1186078864 -1117459102 1898839244 1371492163 1278930076 -309909265 -1859594599 -1252094927 -94804991 -672872669 

-1004547551 -278889534 1049629092 -501043509 1433180477 -1636041135 286136495 1567847977 -151455936 818343931 -483705245 -558966193 -348927672 -242500868 158144462 -532035178 -982519263 -1050679269 -1324676745 407550208 -902671656 -1776249457 30357333 -1550636278 
521967382 1655792354 1003291573 -1365889629 326925766 -843825249 -1756196902 -1910958536 1448571313 -651350295 502983772 1092839386 541909240 -1653988995 589179675 1410262451 1445014237 -1244984714 155398224 -738617235 -814821425 
1349596603 -1896469426 -168843906 186245208 -1196719070 1891050082 -835037975 871742738 291998430 484037553 -1096826989 -489444962 256161128 -362286238 1849432097 858591511 1130484262 2057730540 1061487715 -1542847629 -1092860990 -151168457 1722563044 -1293308235 -176699205 -537372045 1669764190 -376976566 575643859 1461685713 2022270435 883362934 -2047300808 -1044125586 -1658394777 952515952 -2140349222 2009999171 -972459244 488266608 1286148622 -597599495 1378468849 
76450952 1717429135 -939587088 1253869223 1931833622 -307465008 -234578971 754491085 -349660520 -1612133772 -81929915 1568574414 -1806472807 -923012890 -1596227944 -1439266338 652233437 1569069913 1430735088 1628084958 944321584 -728945030 558641633 1144438523 1995148948 1452272039 525955819 -801059913 
533975048 294269204 -1844557170 -398020362 -1107598174 2081140613 1244897733 -1552853172 -142694268 -1220718941 -1256738971 -163664905 855754398 516964294 431971764 -1539389235 1222328496 546451225 -1516756680 -418767196 1207313417 1108001550 1771878220 -1511436255 -790289157 
-2091991439 477964241 -619044730 1503843079 828644376 -1098114539 -1072364089 892033648 2053477903 1312283215 -1108067671 -758815327 1481148142 -521193339 -1705177887 -592839414 1996740457 1237300713 1615775996 -1408536948 -971746587 771450349 -1891213680 -1535307577 1044168324 101368918 -429009954 431401224 -1054418418 645331645 
-312278674 1138227354 -1284206036 -126406830 749850537 -957248515 1226712901 52208335 -440875742 1978266824 1374520055 601766756 1351245259 907976704 1857870781 1073570884 -960713524 1805307023 -501771337 223089989 1614761551 
-1129511360 -163755787 561778900 -76172768 -1706463392 696682217 -392845020 1346475718 406539340 -820869400 784105231 -426201337 -1208614219 -1901127604 -1673057008 -1191828590 -904685677 -1973802614 2124369124 430885619 -1736296784 -338820790 -240891140 -1943193535 
1028276368 528548887 2108011938 -1734754855 -1427062571 379206380 1656063762 -440972911 990472441 -52705942 -2074726818 -771336733 147819833 -190508743 2107306080 1456105475 1473463754 -1741245311 788306054 -1247749846 1697957528 1317652560 -1046466979 
-1876332474 -742044770 1906165073 -387990680 -652488040 -1409645650 -162618450 801760580 457136235 -551140603 -1059116859 -2042242089 -312722836 -853425156 1067029117 -2049437390 -425680584 1405680036 -729109255 434302213 -581129561 59204328 983208338 
1073122258 -962281356 -1156717725 2138000205 1804199382 -795238433 -514531136 -1664267059 177582377 -1358316151 -410156893 -807810880 -1757716740 -216491500 -1881737471 -990597219 1126533413 
1456704793 -2135580602 -1307221242 1693168142 1432144863 -73146613 -772692436 -2085807047 735707000 -1646035054 233922561 -627427741 1859798555 423343412 1448593588 -92783589 -139051621 -171683138 1699554825 1670632585 -843418639 160190712 -857644702 2085978481 1543681900 906457386 -135485730 -1459945248 1191434381 
-1459403934 -1809516713 -719409097 1478408789 -827698861 -149441659 -521204454 -1971949295 -15252210 -500269152 -679130461 1592309266 -613801193 1640349570 -353603026 1437569091 393462053 -757187050 308121655 522172595 -584856002 -1202202435 155264214 -1570340548 154152772 
1848575016 -555631557 90171596 -1540566188 -719061558 1756182505 332681889 1404891766 1170604229 -1331188386 -1427485998 602876894 -581831731 -259271676 -1751593863 1148223104 326000481 759347326 -659882159 -414080504 1808649136 119321341 -1498534284 -891439510 
-1805520678 -1765017166 -2110821836 -2068358294 -833614859 248085107 -750888020 -44121606 -1216203376 -2117418796 545175041 -1080041908 1790894096 1652556800 1483397813 -1837287803 383912438 -1539869057 

554024328 -47048970 694807990 -2139351866 827974532 -1088280702 -1622957326 -929912026 -1324762964 1346119881 249702617 -468022126 -719679354 1018710423 980136160 -1790264327 173195590 -1468915467 108078712 -930105338 355604510 -1247178064 1265381681 -437687617 
-1979706637 -1611326678 1013967987 -1348795415 -991676245 2044910305 -834088798 -389804800 1186519354 -110245387 1308702266 277994353 -1081579306 675753431 -157883745 287827068 -1884640279 541281934 32491099 89923697 -1669441893 -314767441 989518238 859630950 -1173852528 
-474407589 884177070 607893619 -543988177 297754962 -710582942 -870791461 -419762511 889042588 534700246 -159810563 -1125432855 -644053300 -466495854 -1917052797 -130693239 -411821879 729245389 -1521392750 -1749190890 449612563 2072559654 -1007398147 
-1113438616 1371671181 100265373 -2017966240 997851961 -1962277035 916941702 207316560 -2100141918 896350874 -703703653 886337765 1864849065 2081819526 24058826 686832319 -2027041423 -2112808244 -148169764 -1606145976 -351615975 -1571654234 584981408 1778468199 -1744122461 

1618455864 -659824290 -1903500788 -387010674 -1935956955 -732686423 1231247569 -131745841 1897855386 
1159487400 1631599911 2140619891 -1483981127 96736898 1445915687 -64495206 1358268201 -1917203165 -740693961 -1170697974 26524600 1224090578 2105381898 1211173712 1180129436 -731039619 -1020560808 -453012506 -2003784974 1077569646 300016592 1721012760 1872115172 -188739814 -2097891504 -671072934 616816134 1462745796 -1332503630 -2076373853 -342492445 1519200361 -1776683778 572169044 -395755732 -25161025 1217007234 2070376367 1011401027 1802561525 -681622591 -710322577 -2042773381 498348155 352245979 -106376252 -1844257694 
104420435 1103188123 1628085911 1689313558 -259976640 1376992455 2054162356 -966640656 31001716 -1866122958 1297534525 -291181986 254862958 -812571554 57997783 -1962766974 -2086743172 -497422961 -170542718 904484382 -200709565 1258499715 214482751 -1158160461 2058586963 1562684016 1258635236 -1764185705 -372101062 -1482915485 -1032387697 -924157181 -1927230694 -1621933866 2084747196 -809208554 -237228365 -1347728484 -638830832 -26385516 1222772321 1665988146 -211185638 -367479309 -634602787 143601942 -1986980450 -1633061857 2042776779 1490889406 1710833090 1717664170 1856939368 1735296200 -850469508 104304067 
453544936 -1431210566 -543979257 1469852558 1787442736 -501006117 116214586 -1858888070 2050262424 155476307 -1847150041 2105440044 -1861792768 1830484629 897357762 1741827166 -967972185 1569745226 -430683704 -123910369 530228776 874675895 1933415252 1359153475 1971897082 1998810821 -974730181 -425890843 -1660881825 -2124931633 632953139 1374329194 -1589668102 577628110 1281947411 265828845 -477534852 1388194568 1342114692 809236715 -1232688533 359096987 598715688 
