189190042 919051597 -715456900 -376214668 1867328566 1151898978 388747002 1053268989 -127859217 2016079051 
-1033813451 84317585 1189539956 -1626296716 -805684925 152357755 1961151111 371847354 -406768902 -1562069198 -227205519 
1703164940 -1038770215 -276286199 135815153 -1239292226 -809479489 1376856145 -488249189 686084991 1174720263 -2043169801 -305925015 -1438304999 -1652805332 -1791058920 2146743270 2047932678 -2108954451 872705634 1890917851 -1995915343 -97659121 
834120351 1234671484 -2097663139 449557118 -1232939143 -1040486505 -903237713 1868388088 -1040877863 230176243 1946506387 562714183 389381517 -1005466963 362165982 92829592 442283557 -1433817292 -1396168435 -695741202 -334252068 895847129 1875057840 -1392667198 



-1078141274 -837976462 -1173792661 377495813 1117199201 -504526354 -1774711970 753736545 1214910412 -476481903 -1632515178 -1296254292 -2117543549 130251118 -1369645537 317960708 34377187 -395261903 1613759769 1314362906 -452356263 -420392889 -539928125 1671357368 
-1619032188 818033746 2051356280 -946734070 -292712301 -1998284601 -1831189811 -1699857399 56170747 1050480872 -1318825859 -1507805037 1439123127 674877699 -760426791 -535611933 1962261478 -1397766469 -1240676468 -2121268436 -2093356015 1171399505 -1029508565 888239873 -1356798650 
-689912113 785050256 -719274580 -1603355485 1684327965 748878971 -1037973224 1085605220 1528113880 164142292 1086413927 -1610199195 -1744907840 -297588818 1610196389 -1462972552 -994696192 1779902929 -922442913 1730167491 -1826440795 1903478197 
-447157658 1902114907 -1245236581 538816487 1110934513 1855156364 -1619375791 1824515177 -901713815 1281692836 -1465908787 1607762086 -1258764675 -944767897 -62104765 -564552778 812992533 -523063401 -174403339 1387870744 888420023 1837509156 1898497731 -1801484272 1927916743 

-2045113733 541737461 916707866 1419997394 820729677 2138849849 -1648246255 -218223606 -1510666709 -1878527797 -169330811 456540374 1521954787 -2114022613 -1482298781 -120844280 -576642388 -1074894470 -2006132263 604266150 1425223945 892104655 -1337147219 570777855 1088558547 -1567630962 
-123586400 1495980945 1224137790 -1740652940 1715783982 153658062 1382382445 1845241660 -1702682257 -1925749490 -1515617496 -765999203 1072925339 -2062841102 1583499654 1156040594 -569813509 302150013 -295361834 -876383156 -1614811994 
519964895 -443756509 973465540 700433733 1293667389 137569654 2006952528 1382477608 604500136 -1346711355 -85494856 1432148359 879353794 2019381612 1580975426 1409657946 67321706 -288336561 133262644 -1349622604 -1881194406 -1400001392 -722092368 262260768 -2020297674 -1815077985 -1086599125 -178183581 -681087009 1911933782 
1954613473 1010504453 -1002078898 -1725341752 -1469293362 1156493813 -2039678687 909723159 -892793986 296715781 -1673608978 -1902332830 1608346871 -533030241 -929310053 -1978405576 -102650402 -822319171 90862459 609378449 933544233 -2006338359 1975559840 -1560905608 -239598627 1923492043 
1241126125 -872675306 625669619 1421677704 1827118069 1175702032 913659951 357639305 -225027538 -937715359 -616187090 737865225 -2128772250 -1667759298 -1312438440 -1915427224 280591158 717845631 -41421198 1915694969 1416865623 -301712109 -512422442 -447437417 771083016 1452541111 951577609 267249350 -1339450540 585663137 -770459216 
-1457111162 992675570 -1923961916 -1545645694 -1283351309 589212669 1064714434 -1198122550 1469200236 2028737233 -100273329 1017515390 263148824 -236152577 -1163621026 -1440791374 -71931918 2023208167 1813967165 2120867401 -419792973 -1370611115 -1277084930 -446021962 -1944746449 65347333 -1412945496 214272958 -443383994 498268980 -1903679504 1568879752 -962752616 
-286797865 -402019135 710462121 -1487635746 1898143448 1738177359 -1178417620 338617779 -1765049132 1088579843 1021520762 -896891555 852826742 795924914 -885173205 1961771786 365611933 -659477792 -268144843 -1689089084 -1206618181 -295617451 -1944561109 -1779719099 52597714 696675063 -1607243541 -1227379878 1482831269 -527206193 427297100 -135811240 -335312128 
-1808156394 -1749115976 13021740 619285614 -1568786392 -1124690463 2118274399 -1866160010 1079809958 1340550127 1755893369 1571781029 -1664757142 114813404 -732181082 1473784035 1835281779 1483303570 1208860823 1813887702 997708602 778788289 -688715853 1447355828 1185209534 -1073463130 -1783600622 
-1127528808 1104977461 1783442208 -1773533945 -1012511107 620281621 -657352157 -989958381 1822705343 -1185315936 -1233480212 -1793336438 -1376435206 -366244332 -75365713 -324128140 1607721206 -1893916093 -1972806174 -1616044009 1201342461 -880412461 2093825915 -1169382242 51473703 -242221112 1435879991 -176085195 949025037 1913793826 1621744794 -873707183 -1439503526 -473739145 892910379 -2021787196 -242285144 -797733819 1998463568 
1147203903 958902503 1247326376 974621065 -1148610439 512374858 1869356835 1992014443 -776962650 -2034491535 -358922216 -1046471954 2112452319 -66684787 996727930 1494787922 -391917420 -1295455379 1908798711 -641522283 1743713881 -2130946328 246390454 
-1244203556 -1415467859 2075165910 -1615899185 1665019227 1790639105 89486399 1292380014 420347394 -834871267 2034969163 492207945 -1438121881 -1138625224 1262606368 -419788926 1512462973 -903803027 94733001 1560913374 2043742980 -1157969806 -1746432045 
66916243 -931461837 -448378427 -2043545928 522280426 1103727930 526572773 -701584624 1680545522 -1689169520 -594050343 -1169162294 -611706381 -987750550 314592787 -1800645959 1130337900 1929022273 -2123103204 -1370806254 

1570103065 -395683850 -1165118766 233698876 684504843 -516950469 1001847319 -197968492 1422934681 -1503052416 1480081589 1353130903 -1754604825 -553896358 758064787 -835699189 2060396162 -472124527 1603971481 193215078 81327806 -826026766 
-1498438455 137629153 859373163 -665678585 -857787830 1990412554 -712508730 691975716 -1171962658 1496003128 947661721 99780130 -1848490113 1391827392 1582048675 1014270141 -128372140 1175446811 -51362532 1180693806 703581805 -32764129 346867333 
1947113930 -733239231 -1417692113 -446987771 1195121527 1135983057 655334666 680412602 2056274309 -1185913987 1152900075 1729567700 -320032831 -184225062 -941046225 -1156669604 591974774 -1672033692 -1055383997 1632314472 1989967021 530276330 -1546167243 
-944780366 1964000519 -1274532974 999281619 -1107469442 -358034947 -2114951402 -1292047920 -1641462447 1579230547 245723374 831942664 -2064899067 1189902756 1878968194 -1868844499 2088405725 -1851687923 -271646963 1771138282 258964870 748353985 1455732663 940320894 1914286022 

-810759465 1000343609 -1832274873 -103108325 1134415164 -58376895 447420548 911628850 1626415829 -1211617932 -883748251 -1005043593 1571143100 -418125638 -549299877 88925445 -550424673 -1769200957 -1568235206 -797320263 1969375401 1890975621 -374480104 -402518541 2084392994 -1831259893 -1594675170 -1795758690 43070034 -614359317 532660086 92444917 -650766185 -539784701 -656080246 1616066937 -1076375134 560368063 1050946886 
-1138752969 673798431 1368070818 -2065222052 166226614 -342310860 1506362056 2051593987 1260669524 -1034116590 1874837138 1138793408 1074460230 1094160716 1171984220 243791532 -963154584 -1781096358 -1763730896 346976674 -297405705 1685873601 81311453 
-535124368 -403713574 -856056887 -425125821 -849461852 1642554553 1024050547 -107315772 1234384912 264800403 -616496410 -2128959931 1818852871 1754672296 -870950219 -1516357041 -1226659405 1979076009 -1435234395 -2019926954 1284823458 -1578304493 
1524437524 -1678308748 -1070988997 378930301 -69247646 1467973428 -162202169 -1571606094 2088028393 -1242885943 182118981 1676597958 828887853 -1033390422 64661046 1385044653 1107456144 1649054343 1449681371 641813202 -1702348751 1644306578 1328075995 751079776 746008227 
1070178150 -1073079561 1004379823 294404672 -1304801723 1809185496 -1796284866 -615750479 837197789 2002033850 488355813 765089832 1340914854 1079721039 -1880299904 871364538 -953698577 -743994701 554585829 -1906398574 -1785756506 1829940905 -1984118100 -1043161271 
381215577 -122348421 -2129974759 -831966451 -763846345 289912872 -1333024965 1531585929 850725421 -22850571 40053076 2039536704 -2069093628 1761267002 -1483028172 -1413891502 -341595437 -527786060 -18676689 -51537997 1348208579 -1338355332 -97311108 531804396 -386562157 1246910228 1039652586 -432297091 -343675391 -1288442713 -1004472094 -738284686 160035404 
-1121044005 -1315914966 -256237713 -682958836 1952344712 2054302145 -1798937634 -1769517275 1748915411 -1290275205 1305852873 -1944804097 1549804834 -1670357513 -1371126496 303022961 -2129435870 -836963514 1345580178 -1335052893 2039614592 1511124356 1287854216 1386048746 -568722912 2139763096 535680291 238391145 1866666932 -363152996 
1840304752 722382115 321785188 -1853879453 1729043572 1019566234 -685982296 1634187854 -264408911 380497570 1457062802 -449905581 -173444319 1641720384 21698484 1394504917 665961049 1069403636 83666668 -1924455569 890197477 -23931276 843759116 1958411484 1851423833 -1101773384 -1444143013 351487207 -502817714 2026647504 -1216476662 -1128903443 -1679091838 479098168 523645542 
-1339764914 -301175494 -190958337 1844186010 901697526 -292748548 73892094 1772174707 -602447167 -1746465761 483489817 -1597322768 -692242128 -368253832 2059149552 -1239651463 
-1491478776 -1002779672 -1400820879 2008510928 924841158 -321423784 843371511 161959122 1892282020 1590760711 -414134440 -2034379923 -471447081 -1095165058 1351689448 -160321255 1958884519 364397818 -1327543134 1955696240 1864801184 697376012 1984798556 -290022485 -619289928 260572606 -1620946800 362455399 
285756951 -1066732444 -77684379 -1676460379 1530512685 1448888411 949173576 -860366790 -697547287 1437589646 379185653 -128136393 -1222103217 -1856388503 -2091409411 2094565944 -423775365 1164080917 405345932 -1019803714 1978470478 1322048234 1003498467 -657461754 1604669670 -1533678657 

-186731611 1441581965 1306607774 -1858704001 1119277360 1761872113 -1567065614 -1684792241 537431861 -984746182 -1606793086 -1982410076 1412898002 819612742 -1249956671 -1402800217 411578976 -1215103064 1086659729 1804253289 -1381361706 2013495633 -2065050489 1805409483 
490535665 1384769886 -2048533651 151684094 216015946 -569795091 1804716975 1036648711 872955096 747456308 1178032448 -2116103147 1591917773 -2000644062 1612580277 -4769245 234266297 956813557 -94147462 -1717806557 -2024292537 -260198665 -1889156120 
476776436 1515742979 1065812575 -1290872895 1966641976 -453986287 -2026560439 -156484261 2008801853 -908977357 -1969378027 -202210665 1653175809 -1701829694 971148007 -963781420 -1062195724 1504742962 572088156 -830728003 -29205211 806221930 
-1780737304 -191210691 857475803 2131299645 307006490 -946888803 -2063598457 -792288992 770940752 1725234835 -1943029141 1886457641 -126945460 759469610 1547001957 1230862021 -1249445876 -1852516134 -102249610 475404420 1247204713 -2101830782 -401870282 -379789423 702709225 897582482 428962805 1363215827 

-1777577465 -1856958804 -1819765435 -1734428267 1284928966 681210377 -1378552536 1015905986 1140464015 -2147091019 -2004371786 -1012521103 -1549642783 -1163685962 -1862787152 -1419721718 1018938961 177252812 -178077662 1028994531 781696287 1379665775 -1941260441 1760107729 835544108 -1818803388 -430940982 -676809090 
35042408 1435352010 703540704 -1406142777 782066846 1445968733 -1462657807 1080255466 88445557 1315990943 1248928867 -955710264 -2050819699 1817456799 1740543753 -1579996515 522629933 2135168609 1138507880 786959620 609960233 -1188923161 784585516 -1558561889 1005407286 -889437665 
-1807423621 -2019057329 -741427085 117519019 -865929608 -1499087674 -1263265547 -401261910 -1108026878 -1886742784 -125729648 -754718980 432542757 -1866694573 -835205774 1399701935 -1213294869 -1425920459 -365954887 1344831932 134655424 -212894686 896945603 1564404603 2008530363 1443062675 419050078 642284798 
1921988853 930479434 -1688822068 -139687977 -2069990557 -269171923 -799036341 1373028081 519050604 1077918057 -759607271 -1549295975 585790558 780082379 -1884445895 1388658080 -2110578005 231135417 513097624 -165847527 -1423180208 46856691 -1650306275 -1976840734 -596960407 
447438894 -1342100796 -1263773287 -803525639 -470466902 -1287242670 1066021151 -79619573 -1990000446 -1370631161 1985614238 549015213 1086585361 1480477327 1203746087 2090207427 -1173997646 -2054121885 167950020 -559544666 1374070913 -786914828 -1324247194 -1165461168 -1937415233 -1572702293 -1585618983 1427823096 -1521818699 1314235497 685465882 -1569591246 1718619199 852770201 -441553822 960407058 
-2108692431 1630524014 146948941 -1733480761 246886936 39465841 -1526563203 1086522721 -1243404191 -1721484890 444960292 859260255 -1793701289 28424695 -1022669294 134080673 1825532770 
-1786959292 717675528 92161141 -972336610 -1631449263 1832466711 -1796115773 -2117545143 -1117659002 1952666242 -269592150 529085525 -1682254196 1575682490 1089692656 201316075 1428977600 -952608244 1712360264 -707945211 -1301140089 609067965 -1763246320 172278647 -1803001269 
242046889 -431218845 990181739 -230405047 -54074726 -1069884024 -1106876586 -182721023 -2086860390 1855793230 -945419615 1897314515 -1025255797 1864161137 -1464526296 -121800598 1836594482 299005085 347036564 -1704914612 -351938968 -795481192 626339995 1048074281 -1044694330 -249300026 1412456841 559758303 1061672149 -176134255 1196003916 
-610200735 1670486561 -969608101 935906664 1572954484 1347809085 1300867317 -22964509 -1803732364 12597229 -640523441 -1073273148 -1532667252 674319304 1135786253 -2123130397 -1103154776 -1053748231 -1140761540 584171133 24491571 -770020411 -939518694 -1592896447 1247330297 364562886 1378726269 
-767357071 -1927929833 -1206153725 -1773394291 17490048 -1184492863 -197351744 -661899413 -1331425584 -2087333159 -1410494940 1450024159 495581811 2050204956 -1200983328 1140961302 -1452386065 588708162 -1372514159 1176747265 -1390049126 -2019544935 -1310606810 169951961 981481653 
1355548860 741750218 -109388008 845241381 -295850813 560065227 -1257020968 -202626457 -80956986 2043394928 -493163545 2141486895 1104310702 138550026 -780644645 -1743862641 851709778 -1043212748 -1104017401 -2012902087 -308453741 -1233250971 -1265151595 1356054205 -46484969 -2054678787 -1242750497 376679955 -1082258896 1962180282 1366123809 1649764431 -125951796 
131221679 112237191 -335120863 -73126605 45133782 -747875418 -566252553 -30939162 -1360162296 1015231215 1434353843 -878266154 -581341213 -33707156 513844516 428219070 2085593133 -1570978393 2134972396 -559511145 1981763413 1612318393 974221416 1290260745 933909568 1481315618 -1369955869 -1621314970 -2050741096 1132976468 912304621 
-720464021 -816985847 -1633751004 205634789 2065174361 -1416227053 -543994882 2049478399 -739784449 -1117607933 1225995129 -493375991 1391120949 1685547583 -1085223533 -520415363 -1913669405 -155802617 -115364861 -86349054 1451967262 810451315 2075987182 -519183924 
-1344285301 85281491 -1293263840 1441305222 917012879 1836465835 -498338575 1687156146 1686810464 1952942662 -1668760468 -1779617130 -759818350 185226012 1622706683 1410533493 1560784920 -1491937201 998436138 1154418926 
1148188921 -1272403193 388505375 1387476528 1334854218 2069060407 1355481703 -1737858304 1905883283 2139240244 1106390741 -672813149 -609209767 -393619843 
-2019911445 1965038616 448279704 2144649722 -996157243 -1508246199 883708195 -524799804 -2014834742 914552227 -1278352107 -886526823 2146690795 -1734958488 1832911989 1336302562 -1587148774 892219186 844295721 -1343537158 -988931489 -432286306 
-1038833585 107558284 809459350 403617225 1643316159 -666838876 -1476671702 1108712922 -896220714 -1085931432 285227250 -1096207887 1070520340 220746516 742839028 -1243076517 167519326 724325705 -178237496 -114893643 1380191918 608789310 1180083552 -1373634183 
-188203824 658486613 803090371 1379078416 -243422547 1686681771 1957909127 1909422259 552183139 -835959190 -1738576861 -436991071 -78669485 1455102539 1149145905 748988699 22630339 373247782 -2142873037 -1599609090 2065566700 -1995300258 1823679595 -1006588316 
1072906682 310260189 1219503288 1185995842 1691612413 1159459900 1274912166 -342165787 -2101802522 -1170883140 298614836 1461336312 -1607878550 -1720688354 2101364442 1364877796 735929480 1337694842 646068562 819990154 1203691126 1634053147 -418118248 1129192216 1849412276 475823291 1003547150 -494693804 768059603 

644218514 584583602 -437236775 -501378955 1018171016 1470331600 -1296641249 1850860205 -809451097 1478698910 -333668880 -1603386963 -1513249179 923019364 -1071083856 358741477 386993044 -1314426223 -983271705 -859710443 1629162604 1474635110 230377677 -1519759769 
-1600964082 1625021539 1655397709 1624142253 967809811 1592695578 -273600472 -1730150494 1745104672 -1107568472 70554075 -29650657 -1148858238 1845855227 362192662 -806542704 -337416642 1915821099 -7525260 -2048337919 1911879384 
612103322 1542808086 964985273 573773728 -1040748235 251351833 906926252 -936558873 1847435874 672881728 -313043145 -888226730 -32605673 -2023886322 450463089 -877646395 -91565641 1333596997 1517270094 649307829 -645274686 -995770729 -1352379731 1442801033 848475027 1937762465 611433337 1842646880 -472720682 944907912 -1489966432 -805598559 -981442425 1236573829 -943382922 -1403882837 -1381182190 -929277687 -92091684 -693261854 1955308306 2144124222 589903515 
-944437492 814665950 -1707487439 2050841403 -2039157475 -1763715936 -908786839 -1820989562 -1946427271 -404457544 -236931384 1646767727 382887530 -320159053 813600097 1686808614 -1834757290 -1408805436 -1778895718 -1699236918 -1102213278 -1109006390 -461343247 -122766446 -1191658298 -956032440 -65109260 -1647881382 
-1960137777 -422890765 -1285761435 769863064 -1542513033 -344180002 -1720786477 1003789202 -85073006 1982369022 -1189985427 921305543 -2113993849 -1372136867 -542041261 -776997239 -1612427464 -1400724547 293870085 1409539831 -784720767 -483205096 -857919025 -658925773 288192567 
-1120237976 463709504 -1784296485 2014772881 -951320603 1973198321 504404539 -1224776791 2015802341 1470372340 430587898 -538176974 801415793 -1632406383 1465250918 -1038183141 408077561 147033764 29226889 408136557 289900184 1283150099 1038369219 -1027313801 -795433698 -1972223152 -1207172468 1081292011 -1875804307 718946222 
-744485116 -529652953 1391996742 -1209836710 -177592839 -1788873457 1949759635 -748745850 -155135362 -1454519380 2080948431 -598743452 1653040953 -1912923497 1236696247 1114497247 -197773941 -849894506 2142305862 1635186894 -1679823721 
1574903430 -1287011337 1067869483 1519010252 -567942228 1897674163 -651911212 -696852785 305662614 1852342733 418225727 -379337016 1512880724 -1011450074 231294650 1637410421 1017241811 1445842001 -758776854 470395189 -554125745 1869499548 2104263151 -936805133 
-916100191 1066576450 -606149436 2005553398 1534147756 -1230211196 25443603 1648137082 800004264 -491780759 1694893986 2003323521 -2141605706 682896993 1836756447 -1107368148 -1550271815 618198006 -1176190783 -1376874009 2055912192 1599920326 -1662161120 
1697556485 1394647953 -6225446 1513308165 1871614121 933082948 592997940 -1041286065 715604827 6836713 -249645433 508247660 719944419 319075702 376915683 -1026142497 1505817185 2094275600 1509791886 1698999295 1634159121 -825710860 -1080259020 
509734621 -678983002 -1578742669 1848724836 637955703 243099237 677900628 -665551508 473984294 -2079752833 1710206954 1700483140 -1074497747 772183566 797919999 138321896 121650707 
-264149210 -1813040917 1748405897 -1826226377 -61934422 -1046035557 -826398215 -843726451 -883130720 2134576358 1352205174 -1152547645 2092231263 846023414 933407073 -1411395174 1079981313 -993200301 -1310756063 -1011059880 -838709399 924614738 465194502 1934961169 -613768036 -850657208 -942444722 -835927177 -706847447 
-1630617137 444629061 -1715160961 1948540413 1278052618 -631329122 1899654333 -688122149 1075939482 777699574 2022872176 151188662 1770485984 1553837689 -2034864729 -1746572246 -917624462 -1189797902 236702096 1837173162 -1653740812 -1910307695 1027469606 -628718527 -852301216 
714144039 548090703 729345160 -2064241964 -1384255023 62862808 114964942 2097559083 -271047004 -630664526 -30764813 574152228 -615113416 1356196122 358247231 -72458348 755327391 -724688056 -609318703 166563027 -1515324627 -618012669 -132798774 485983034 
-524964882 292102461 -1747503154 -92693001 -752948457 -1824965100 -74686443 -1339954340 1945307428 -1929877900 -910003288 965501788 1847567200 -1841795122 -625464184 713201108 1707845989 -248930490 

-1013031274 -559757213 1084775552 1022503562 -1948405263 -1540361741 -1241046630 1753571212 442621957 -502535600 -389713168 215040056 504177374 -1644861409 -290749999 -1085196711 1903993773 1632196453 1860942156 -864170680 1500609832 -184109491 809806305 -881651325 
-54601773 182739006 -820035905 -1732721177 919714596 -1104306756 1897896809 -1935730436 1895557771 219354217 910127937 -1587605849 -1394231921 2137808026 871098157 -1789227301 -366349752 868610427 -854945936 2042522547 -1000337284 1682823539 1450508043 345846416 -1543549385 
469348188 -894860041 -1029289338 1573935874 -1772180197 1030087481 1193020059 1079045208 -2090501600 819424060 467552595 -1765918035 -662178846 -1907835172 780552586 -1129099006 -991858517 66452391 -1779660078 1168142147 -515446021 -583776413 742358625 
656417863 -2095222602 161531408 1347821114 -1768861991 -1258646871 802795561 -2074058747 -1750993839 1552164365 412207328 -1950171731 1826809002 1858183655 -68913021 -586637547 -213316814 1147313733 -857144314 984534751 -806061248 2074281754 1390282475 -2058675018 -2098555747 

-961559044 69797759 110426543 1407970249 1224368175 1107799052 -1371574084 1986799433 218948326 
-595944621 -759586281 557069039 -865917149 148674938 -939397782 60700859 -187077379 319399736 16915104 -136058799 412856756 -1389497836 -475234873 -303630494 -411814350 -2054374161 545373736 1315771622 1746606046 -1609905379 1385329733 -364933773 1862534233 1263148228 950454599 1966635794 -1554857511 -1696184496 -1169615006 -2126105280 -1285471153 1378590515 -1758387979 2064578455 1842808159 -1733435430 2085017641 -949565449 603664891 -1397509155 -497233712 1752273373 854018840 -759060653 -1625046707 -2124694511 -1798154309 
-974825360 870992457 1245978135 2131831846 -167735198 1589913296 294254224 -35511651 -2140054709 753837417 1852474766 837247978 1482358447 670600344 -654784277 -577491142 -558213251 1167417056 658259358 -1207474033 -744694320 190600106 -1930890769 -132753622 830607069 389961875 1693387304 -1964559792 241338419 -1568856438 1615584949 -827413392 -212747226 44131626 1985702146 -1457177737 1751724706 -107676578 -962756924 -1285141893 1726964398 1591826946 1287421078 -1756039602 1940751961 1331783988 65198722 -827994482 -948810287 1371128008 -1337104065 -1098811442 -536191239 1675713868 -1278268313 -979589285 
1489520990 -1943046691 -303649470 -1428126981 55151557 -1643928837 -263113119 -242326268 -272719674 1785692908 -1476627623 -1032845454 -1277640682 -2020558770 -972312741 1096721863 -1730192680 1623596190 -1616834280 -2005438417 9722917 -36124049 863617584 -269032963 -575269852 852924381 2087488823 1747450673 1817857291 -51324905 96641852 861872732 -934437910 763363277 -731125393 1305783297 -1202241884 445174712 -2072176711 -375108218 754511286 2132216737 -142979419 
