61409721 1238524794 -648404832 -1722840765 -1225998458 1718515953 -1890183153 486792259 -1643311159 1199804015 
77330051 2010665155 -1731404376 1874162534 -1064639403 -341083755 -630174306 -690721479 1358919570 -398074466 -2136307297 
-1659040052 1595389613 -281089973 317016127 1327216066 1234766029 -2114448749 -1769626395 1067340034 -115080629 -2026140117 1591286413 -172538007 -136532295 -366077394 -1970171142 1888255237 -2114313718 -1037672937 -1671104943 533617002 -669848440 
1927558100 -607551768 -1737361108 -64054847 -2100271153 891222518 -671980093 -1460581960 -2120542834 1629467218 254111098 -1949305242 688217312 -512514991 -1897912110 -110098706 -870701553 1056155319 1316482518 -1420239105 1523974728 1154601196 1155796718 -516492836 



1769931887 1035395545 991883815 459178432 1072758793 2083788403 128066817 -1053042426 1848362933 1777117149 431758446 1781881593 2092665445 -1613739879 -1773831842 1131163569 1231455759 15501441 -534524231 -1643771534 2132540185 -940018831 2086119659 293322767 
1673261457 -250372232 -1253692627 -1592992968 992540007 1551244191 -104665233 -466403022 -1921585164 -1622354391 -1671742121 -1929555740 1244523945 1424661246 -1665086466 -1646810361 -1530975864 924555718 2050256998 -675009061 2058911599 -1744940093 -2001232002 461711337 2066806347 
-2054025875 -573159539 -1323200785 1151275769 -697797806 55054446 1251416613 1795160168 1121777044 934992510 -1781152648 1077171225 370787387 118352499 -663223817 1006055565 -1185953362 1969269715 978982027 -1273501457 -1592513719 1238678557 
-2072915469 -253251797 -333812558 1225149594 1952438980 -1990716363 850994808 1514372813 -1269147551 -698832346 -1156417533 -1078585602 -1215280524 2043975684 228112226 926986338 1848942793 -1282753058 70960315 704861755 256251194 420897603 453742434 160500870 1109500762 

1327466503 1861378608 -971313483 1010534093 1812767516 1428282506 1987224397 20598830 -1862698796 1609944901 201954735 -1033426270 543323079 -2102349263 1479985052 1462574863 1797487047 -1868870877 -145119389 1082166155 408835696 -1131887864 -2011418745 2109237180 1540662514 -420094202 
728403928 1608980516 -327310495 1243560571 -890497003 1247588155 -891268913 2009559449 1512284741 149278014 943616504 590622193 -535058152 -941632166 -1121594053 242033797 -421211164 1284282697 63505957 -885060197 695466227 
1719381583 1490071299 841952353 1507229587 -1566913937 1617672526 1252827830 1602393439 -1898841292 2105294046 1671351164 -637852129 -1355605819 1511712060 -1053325491 1297402125 218084284 1133271067 938210870 -1901807512 -1051438806 -1268352374 1810174636 -1673570396 1516860748 -1907554328 190614052 2066696197 -1605339040 -2053610241 
7469940 1320455918 1176203366 -55898168 1062201883 572736268 196867582 -1494474471 -281619505 -1486134620 -589909830 1821901001 1534577871 -14587936 -2037446920 487792262 1943010841 -531051313 -1155174321 -177541849 -181331698 -1321588417 -1552685007 276213795 1544691196 1128103573 
621874333 -1244642600 -215552904 -2121083428 226163637 -1461026364 336952660 -339031021 1481831186 303761181 -1633113130 -864428874 -173070898 616598962 -714982392 -1180730127 -1894035137 134776897 -144785833 -1253229898 1665446461 -814635372 -829995216 -1096840617 315009388 222947483 -381264757 2010386965 559720480 273400270 -1213854054 
-999786406 -1893932818 -2040271950 1478471815 -1678910093 -1433003055 -1512533712 -1883422112 1508109431 -1879854032 1136155146 1857531321 1253647162 2145904183 1189992426 767308109 943394064 -1269938741 -1698014562 1136083538 110378252 -847459610 1318717985 -408361302 -1263762573 -1420544404 -1576029330 -1327283606 295224317 495715916 -866181577 -782019016 1661402724 
-2135297926 -840875308 754265762 -529169803 510110248 1315764998 -70306714 46793449 393500182 -1386445894 -1820830923 298274230 775689262 -3242209 -1402041672 1328525893 -221156367 -834138536 156550179 -2074900868 1949880862 1085939996 -1128834931 1352727867 -1756303329 -548590829 -1745765294 1355196339 -870402943 -1283918291 799912382 1549144470 -573195268 
1615381 -1407565328 -1646811933 -1368695225 -728399591 -1819479947 86381621 -1928688814 -818651153 1628266558 2146664155 -1935812341 -1723531872 -192307292 -557413576 1846832131 766255950 1667511885 1473378351 -833808206 993791176 -50978365 452858150 -622070263 -523258478 1119334507 1838562193 
-1190475585 1298284548 1582593363 -1232391587 1979206814 849567413 1009818755 -665024238 307009926 1897208746 -971099843 566358623 1405430093 1909605222 -479547212 475535897 936753971 -2014491784 1884162220 253880624 1626231306 -1171043142 -1839833144 1273109755 -1067794206 171448949 -520904848 1483139235 932857068 -1087162981 872509512 -501464885 1935262320 1050072396 1834760308 -1193916763 -383888136 1773522259 -781023840 
610958 -1939815340 1802899236 77238378 1909095878 2040925054 -79681382 1124031604 792509328 -885224559 -1085316139 376902566 -859852899 -319300557 276697237 -1949719716 1334047610 -943076082 -1729692049 -1894568081 -731742795 -860815303 1299454032 
-1337233956 -550793123 1566723003 217519621 -1664530926 -1939639653 26411049 -1242476593 1276973996 1606530463 -954143964 50055372 1561572921 1712404914 -1296295677 -1257142227 -966811807 863498836 863336003 118548125 -1669047000 -1376063301 -1629140948 
-1629284169 -948683817 -242786831 717418569 -82604537 -1927867431 891131146 218069024 125919067 2112629567 -633918116 570590221 628775169 -1251403250 -2040695961 46807499 -1556723924 1406797660 -982913533 -140239946 

-1198184172 1654591724 -1890658972 -381852978 -2089465996 -252776142 -1596873506 -433590645 -785961988 -1778127009 -1047633132 669020832 1824592343 -921830288 1429055055 -1389761328 395115939 -1096113893 1479340252 -1989608187 -1311872724 37658688 
-1271653983 1322896425 -1562334410 -1902319691 -1695593260 1832540328 2021006359 808043466 -485948379 -988211433 2043556062 -497010823 -1352359841 -492763615 -1924667585 1049239016 -1889228707 2126102535 285832944 14439121 -971642701 -874327345 -221209211 
-415603901 533456564 1251418607 1939386211 1894517596 944719825 276750140 702893320 1003209588 -109334170 -1820139578 1432672921 1092818370 2034655147 -1221176889 -930792315 500008224 -387282053 1967157586 750923997 -443380191 -1818293755 2042175847 
1428509513 -63902410 -1274993890 1074340529 -1813862507 -1097425793 1251013805 84896797 -2072616131 -814562312 -546519802 1968300299 -1620815793 -218727792 -600896956 -1558537264 -403150357 427088429 -1163043438 634242792 -1955694686 -2032033386 -795575816 2059910019 -739438505 

-1590616151 -658450492 -572083327 487441752 -2137817754 938951292 -305330989 -1015339067 -1112507711 898518934 -81360723 1505981945 2057840828 937702628 -603143254 -904583824 1190135992 1785896703 1514817933 -1015550170 996938614 -836455569 -1107836408 -1317741311 -1365418460 2123405260 -889593236 457427280 -944765440 1041358610 -1735871006 1002312763 1440028034 298235363 -1688333744 -910120052 -286502241 -1286247339 -961349336 
-1583723361 -263380174 -613647733 -619794319 1876185369 2109535583 1130091584 1969167865 -866157907 -1466638197 -1204200579 -1441575368 -819481130 452977198 -1661432309 2018377306 -57405009 -1001069906 -856222547 99612768 767297231 1394676425 1677661553 
-813833354 -2057195111 -1162298258 -1780370214 200850453 -1806689275 2086432936 1825731441 -840272226 97080834 174874808 349648199 -1788556602 -880310005 -301906741 -902997696 1405230513 279591308 -1613254998 -1296524744 1725738188 -939125305 
2080374489 -442186642 -143985126 -2064765659 1199658617 -761352950 -360969621 1240527267 1196242370 -1448664670 1240506928 -278105357 2076442108 -2017196734 -1870490224 -796366926 -1159523919 435835535 -1665800076 810962317 -666966552 1497832046 -2144580428 -1496638052 -60035797 
-1778796010 -813487021 1178472919 -1599310405 -2128238934 929888399 -1168776183 786386523 1712810968 -1219728794 -1861508052 336117023 -1642902996 361200085 569460509 -1533274222 610361871 -1622616737 393203241 -1204713248 1645112101 -1849994712 -1249956182 -2050397673 
101565249 1060437977 1504232355 1701480454 1641285583 209906014 -583353522 2131243650 172968357 1121658464 78234338 -1670448093 -879406012 -1088704504 -897835842 -1010840372 -1728804516 674909758 1761056672 -1661250301 1972446460 1246949542 -1603120834 244256696 697542358 -890842613 -255047837 -973552889 1735554553 -892293149 -1350214027 1370269091 574914249 
1820212101 -246163475 62160917 -1147744294 643485774 -900596039 2017448807 992722331 1799915005 454303522 1942799684 2006852410 2060128666 -411957829 -251897946 1515716399 559971078 2110888253 -239234761 -974759471 883984368 -1216196172 -1182091020 162789390 -1744980740 -1937549165 -231228470 -875292177 1490548682 -1827070253 
1233637690 1594821067 -742820690 -836235786 -290775680 856395104 -114003640 681455155 186970290 1820203361 2145999485 -259139750 -1515259939 1576686964 -1562236865 -1640548837 112380828 362249252 -1469513713 -1033910416 -1607323919 710239934 -801277530 1882860039 94454362 1951073885 40698799 839493428 -1096990770 376187590 256404032 819454338 -1195500235 -833034381 -29791654 
-817528497 206556329 -1737264473 -1713862609 1911578621 1555838803 2057892531 2094355989 1969475528 -1155241315 2032770279 -1840846351 -1908182896 -280101691 -66800752 -1911162104 
-1264536537 -203163353 225885097 -191064267 -1150313400 1180453479 83207764 211483339 1226354313 466792450 1021971752 -1854590918 -898606366 1109684808 248142616 1184237529 1848500929 1254184087 1563878647 353517512 1083134665 -498686637 -1409013362 595041521 628147846 -263468921 219379840 844631109 
-17245544 1024430667 -995150821 1608224598 -1738699430 305140901 1662718545 -2035301875 -2090401245 931584160 2036806766 -1974575558 -1803483393 551968954 -141185648 -1324930641 -392920285 1678499635 -2146781215 1690711278 -1042917769 451255843 -1975037694 1667818836 829013258 -1668561395 

1801387221 803798871 -1687183930 -1707257757 1202261437 -337174475 370527997 -996517799 1965449626 779744828 1656482087 1936699968 -80920931 -825068463 2122690834 -1627949966 275472591 1619554757 1039942528 -1078650712 -831405929 -1854469304 300651413 -917815237 
-1073607280 255460380 1924756589 -2011969126 -1887345103 -1042655848 -951587465 -1071408176 1803684470 1128911506 894248164 -906689330 -628690370 -1657632398 791073785 1148975009 -1287939765 -1449685273 -691011056 958554078 -309058634 1947418370 1124310782 
-1688599285 -1847042996 -1168167882 855573027 -162232706 1599969697 277310979 -486274818 -414612597 -249863158 821335066 535390354 1824402274 1812913760 -275477829 -822215672 1254135530 -1280213017 52175920 1232748224 -1405318806 228043261 
350195338 -738663358 -1716062260 532941205 274382210 1395556920 -518539699 -1626021804 -1670503399 463310245 536475156 2145422179 -1294532375 1384836962 -42148986 1563895772 -205609121 122006450 1762098903 1233560232 883300063 -1256066061 1142707918 -1345803930 -793769217 -996289222 91853607 355379852 

-308452219 1832764214 647321568 -894098032 -1846268894 -703917433 21818404 979028485 1996747514 -797009056 -711349207 -550194596 -1308198678 491190140 495723252 -260775364 -205716896 -335506127 -202167949 -939726138 1524693284 -1830583220 -416680530 1803198570 -456798572 836385296 416608985 -711405021 
-169248039 -1180096690 1947462771 -1984269398 1663087938 1275505836 824339430 575340986 -925807472 151050070 -423074858 1310912387 -511192455 -1861484114 1519800292 -1625620807 1298195335 -35900494 -671551854 -1863930723 -914299184 250717270 -2030885772 -571462860 -144019934 1036898815 
1828955349 108464334 1621889308 1633093497 279444323 1994164569 -1990461103 1011043139 827154732 -82373922 1684585327 -1883386119 1838329285 -923232448 -315843855 504613605 -1077488539 -410435995 -1289160610 22605615 1472848345 -1049414096 -996318951 735336023 -383385504 1369017693 739166670 737331121 
395911548 1169607711 -1995908378 -6017365 1251949386 1099331533 -1498654634 62684222 353934381 -674881189 540729983 -1083994973 942031869 -209047668 -2046702648 1511529687 2064291619 238211053 1091219752 545651971 1954719151 1392938817 -216914719 1236275741 2145972031 
-2091971133 -542030005 -1494014775 1891674164 991268533 1017745394 -2039630730 -582199941 -243451417 521536358 -1935184074 -1278645458 1853902150 858727174 -400531290 420944010 1287592286 -242485013 67553112 -1708442356 -1218530134 -1734626305 -823622087 -2029104117 -874104517 -1464276945 320045151 -715311729 -1528724345 -437252563 280416056 1422534206 -33011993 832645092 435893693 -251162252 
-334942807 -1195078878 -143453601 -2060947161 991472767 -1626248804 866884593 -1407529256 -2041905474 885785330 2006715593 2074809554 -120976562 -236897864 56739080 582971142 1197937192 
-2040273852 796001696 -1687432717 -820440738 -1010341391 778365841 -1654075131 -906973564 2089525748 -285291384 -2003803223 1109578189 -1766130660 -1252005073 1486147651 1078670122 -505562206 -2121490213 -832040590 -1188503669 270165618 -1660279198 -1073617799 -300041033 -714889216 
828254473 127747329 1692711782 1410537216 -636292037 1734767087 -864087945 -446739792 112822181 690272034 965555356 184760957 1082191952 -2114793399 559710486 392417926 328751358 1003803970 -1959866882 1473253777 1257724439 -1188562405 -1596131527 1515693852 898568710 -1546755270 1295663008 728376869 -359424233 181220988 96646529 
406438497 -1749214750 270635249 1885995530 -285592199 877961006 -988912032 -334632472 -1094412402 -422047685 1347964588 1549931893 1936738086 -1388410652 -821203352 526475012 524790316 -1717284407 -1731153618 212492891 1919879775 715944958 728772046 2095840892 2001953768 -395562950 839997125 
-353903529 -1311922050 -1199447218 162870057 -19338461 -854640657 239641334 713113585 443807930 136944619 -1154562584 -900089359 -2054674982 190173531 927771028 1697485656 -1950953130 373498139 -1883829230 286903119 2031185693 -219132730 249952780 1267174522 -672924665 
-2044863528 1076941184 1607844812 1809076583 -2020955111 973387784 2068022879 -1744999979 102751557 2137665192 -1142533899 2098614474 406576012 685515989 79990328 -1539453693 61388704 44642274 -1897302525 1492232252 1689961072 -1806808509 834491442 1800160887 1574656998 2092427834 1263673294 1494668941 -1449470324 -1420479598 1458640197 1524371302 -426522945 
-240197325 1548013455 2015518822 -1893090341 1828352833 -415349431 630802896 -1933355581 -684795890 -1886720480 2139733277 264810726 -340760652 -648209731 -1937391964 2024614054 2029872260 2007429162 375384374 1809499665 1058934184 1962668010 874956637 935153106 1714751875 995323218 494244547 715298693 -1179626250 -953993729 -131647889 
1391683296 1065078860 -420045729 328531914 -123113228 -1887293686 1359713468 575564499 1344050860 452044399 -1680520918 316459920 -309736837 2087568310 -3166285 -470856663 726991292 -691485249 -401726019 1450942378 1681304943 525919853 514032943 1932553750 
-880014661 532313453 698859606 508402090 437967815 -1324470757 -1065614360 936394806 -771446868 -1530291868 507251077 874464388 -1163315191 1966451065 290471724 -2058977729 1779168195 -301631875 -1475758030 1284910616 
1446525560 -1002559254 442381999 2053441708 1801491618 -1874963279 1618428766 -66921035 -2075989838 -716572688 -937563491 -1059394548 922987175 64909816 
-951044757 -40064058 443099070 2138057407 1808524562 289022273 862897011 962125879 -1119393096 434817754 1925781873 31834405 -2051692788 -1838960166 -1301833104 568362113 2139651475 257642740 898387731 -2099314722 1622271038 1702544123 
1475121085 -950471229 -1990120590 2118855637 2059507986 1564233083 -361843566 -238971483 -822937343 984853667 -1739679715 32676 -488711457 -2058076190 1065308934 -838736767 -1242405992 -1809108960 -1913223489 1046060846 -175924810 1164726719 -1789662589 2002976700 
846565060 2098092022 316124209 405972547 -1353239659 1387468058 -2021322697 1607421522 -2010389578 1057832288 -1413802371 -1664909580 -1457762205 -1009976811 1360860241 1078680004 1698011041 557511835 1798304190 -294088208 -1420579433 -1035551363 633933794 98610970 
1386442348 -281754924 -2019788538 -335019921 -754456003 -394381394 -1306791301 570288788 -580548503 -484335954 -441617985 -725263371 -1516414291 500494219 -984783940 -2123454072 -1725826816 -813986892 372155959 -76145757 -1833022713 1799172521 1243478344 -280170663 330166739 1372942604 1570117098 19428416 1824466484 

-1300980311 -3408571 864936086 757272759 202283359 449578174 -3228838 1360254270 1786591255 -683588806 -821256059 231423930 1571186198 1241114764 -2103333570 1404059066 -2077725537 1944426213 -785117631 542929839 -618526402 -278263839 680180135 24003539 
1640235681 314446393 -441812088 205482386 -843674910 -306069261 1394174135 1993545228 1564298928 96814500 1654717349 -1462110834 1504214560 706818791 1388641376 1506643998 -1337303963 77863325 -760740281 1209539868 -2045513124 
-403629234 394041496 2118664955 -1301478001 -818436850 791395151 -2085794009 1158586584 -177618789 -1966576006 1588109017 1222678601 25934314 -1023805189 -305652161 -950670032 -1726165997 1593623512 -627751925 348439269 -2076821555 1987288116 -1557006615 -621088785 806068405 1296186644 -543288594 1679255985 -1220841698 424376499 -1038783687 -792800539 320143443 1920211705 -1197530982 709866171 1357298047 401944101 904188496 1745946090 -1446841746 -1189631929 -1040629906 
1303124553 -314510554 -316346146 505085344 -1914601915 -2017204510 82680777 704222723 1720025125 1980656893 -1979482291 1389380116 1320764289 295195616 585130566 906679391 -1506188027 -562111968 -503895242 794712470 952817197 1816105435 1448149727 1049198890 -75694107 687427352 -1054542740 -661933052 
-1897100458 1793924593 -1157343257 878032506 -1305755666 1353551075 386567651 -1460023629 430926294 -988759956 -1724712505 209454108 -1126006493 2077595566 -388726207 1271890555 402887732 507232046 930993577 -544220013 -1896210431 -825179808 827445767 1390006783 -853735062 
1353493108 -1396111245 -477029903 -307050487 1401087650 245809814 -1029908349 1837793551 -91480934 -1304450128 -1468593442 1738709913 -1415516727 -1071541794 604977095 -1179635205 -2061244169 2080493422 683315777 834225114 -1344952994 550686219 687440108 1746447736 -1130642868 759117336 1350160088 23768001 -1326956608 2110446747 
-717972520 -1639067708 -1778108453 -1832857680 -1760638655 466793409 -884058337 -518030357 1816108883 455859977 -256220074 1830967079 674494898 971244909 -1596703500 756715082 401120209 1642105203 -143717015 -1170288083 -485526266 
301189816 -683356890 -1389071449 1510048622 688398563 1146739362 462529741 650108482 1328870773 -298125146 347881643 -530885262 -1919241142 325315840 -1383216915 -45844064 2146679489 1502059783 1028596062 1065459493 228280554 -1672295947 1647206132 -1227179436 
195370022 1356095855 1501662609 1844466010 448493266 641638098 926995241 1898630066 -1843744837 1886343965 -1168384112 -1765928598 694444229 -2065904181 1865192502 1457378859 762177477 442990592 -1198737301 -758604 2094570226 2003406863 1228434180 
-1653134085 -260808186 -2107249644 -864887278 1309721059 -1788912747 -801463639 -1802424951 1753946531 -1546706164 1911287930 1650478574 1667722026 296496449 1665409591 -544055846 -1028854035 870768888 501340406 -2101776704 2002978435 150245041 2031802740 
-216800716 -844229335 2053608128 -643892347 -137260977 -958785423 1600500709 -348328280 -1078070214 621338939 235719838 248884194 900131216 1811243904 1525436148 497791100 -509243331 
781225327 -1949209179 -1525866325 -371184311 -2124423410 -897566889 -1054861528 1689510514 -1094704475 1557402851 -292349027 -995242347 -1313109360 1717992420 -1469853827 -2103844076 121865143 1417867667 1141851010 -1116683939 -1181447017 -1407493997 43620732 -1454208022 1066586228 -1562346160 -1289583515 -800536863 793515395 
1557538403 -75618265 930464279 -658768022 2129863494 -2017724188 -202622942 431381597 -237413791 434882222 31315842 1454569209 -1649261479 51254747 -781468454 2070167201 -838802758 -1272264322 -463391190 449033575 33691439 1179448600 -1715282735 -36463224 -1337966435 
2027501570 1436767723 -2080427809 -225405827 1386295678 794358144 1426050942 -285035375 1517469448 876440670 -876740337 -358242906 49816044 -1143790028 -921926228 1352640789 583242864 -910008168 -309209096 725097805 261871810 -1260776166 -1861949520 -380291665 
-1831828995 1314841836 -1153387285 702151752 2126333138 1152720143 1323895885 1132088008 989684715 236464569 -157068207 2068684945 1616498416 98380096 176407261 987464002 645693129 -1360301549 

-327107821 -2741865 1462172110 48834769 2109914387 1618181069 206621969 -45106028 -1799267910 127184456 997058208 -160047864 1653256821 1878105829 -143848422 316428828 -1382860833 -578504903 402667577 -655661681 -1220381353 1556134354 1052348864 -1592394777 
-1604744876 -1477848539 -592349004 -465418030 -1668438308 -1065356825 889914521 -1465629120 1082256164 -717218368 1694342198 1479167520 -2081275740 18831782 810790257 -344857787 -1650968499 1560386338 -590891873 1932807380 -463329231 1494420440 1721364429 -159815489 859075619 
-204252172 542805823 1206007310 -1897713410 139329201 -1501737556 -1237287104 -1164224003 -219494318 1880404596 1321095222 181357496 1492587722 542397991 658745061 -1020471853 448706582 -1284848894 -656665608 375860629 -821419508 1278042427 -640362694 
-446408 -1990910611 -1842800752 -798710184 -2051985684 -833140507 2017206284 -1355916126 -367506947 884998236 -568357084 -2028945757 1054775259 1049745403 -1300370594 1807501655 -258256956 -90462169 580983821 -1397599472 11601220 962707151 -1885409830 2027862669 -265007777 

-576756293 -1300170202 -365969357 -191212654 -1700200828 -932568892 1990614350 367860000 1519632982 
947389330 127031880 -879701697 1601096122 -967953305 206418502 -1584978288 -700461574 -1592041136 -167065745 1238471389 472068154 -20913624 -1133451004 895415390 102703451 818904461 -1861441998 -1291103366 1999412871 1821097455 1615205001 -2098409374 -571246303 -1151306840 1810118963 2108393138 -2131673706 -1924464435 1398289874 742181577 -58535997 1042984582 -1956179533 289909888 -154217750 145355736 1199997608 -1544031300 -904609452 -1862480525 2107817954 425534047 -88971106 -1910141054 793430149 -1361507068 2072076634 
2099109631 -609574179 585184217 -1925051661 -2057296925 -1433948406 -358192633 -186492218 1294012324 -471337925 -799328035 617251778 -464514655 -396235601 1745572809 389670069 -747538653 -2054391541 -310149317 258174838 -573386740 -18470447 -169192547 1553995903 -121678792 -401887205 278919919 -352650587 577706657 1333605047 906190803 -959832665 515473061 867885930 1159323323 1648111695 475002887 -1385116956 -200887523 201028910 113009046 586879981 1879367936 -1988050273 -423471458 -1576858213 -2123386232 -1632290787 2002840760 -1383173610 -1131188259 -1421779320 -1061186104 1473931452 163604423 -1531708821 
-1894438968 -235181922 1672518075 263565906 1632559366 1841585788 -336022317 839812308 -1926703290 1528763383 -1891970291 1335298045 -473462116 789591406 660790448 629676800 -570964983 -497977908 -291981872 238433688 -113392020 1980034783 -753985392 -748184572 1645992438 951913776 -811464995 -1957153946 -1415282912 -885820629 1754849757 1147502825 1003562348 -1798555417 873950795 1502257340 1181616537 715606932 1678708227 780358209 -386565290 -624031134 1763839191 
