-1547517993 -2056802197 1585903406 1440485144 188063544 -324763706 -189348185 -1545679266 1729002902 1866641527 
-610955950 -1841402845 169041592 -1136718066 295787711 1529481908 -1426725834 -1878104311 -1682166175 -936192894 1631917768 
655300763 777552114 1917158593 -864334680 -1167269755 738577408 1507033390 -1327335917 1457503188 -760578347 56976431 -1096873814 -71584336 712141672 -78123529 -1948631649 207002192 -1620940457 -1808860102 956433372 2048779397 803295756 
-604528807 2124856335 1930299707 -1969565827 -924540321 -1662875328 -623211700 203817032 31990925 1974574100 -181126896 873950825 398821565 57504979 -1048499813 1087503153 -1942545456 -335490147 -197051165 1020360911 1501755810 -1919054743 -729414566 -293774969 



1669537060 67576550 -1399432054 136266354 233635850 455308101 -666325251 1469598022 1087689244 1303490110 -1307025170 -266223736 775492127 51358912 -575228869 -1290844375 -669299426 -2045973417 1679230656 -1033769854 1887677075 1178136477 905718734 1212938874 
1644950035 236658800 1863526304 1288179586 -227531280 -124194522 -655066746 -1252172576 -1217783423 800452004 -214535309 -564745871 1527212186 1276738831 810354635 -816833446 -1376377098 -2003497557 781059126 -497847038 -1506216627 -1131704032 -980679633 -1006483744 1837625856 
483712900 -1705395872 667399528 -157370444 1505974020 627934651 66810746 34963501 -1550465130 1124280698 -92081684 -60359160 303153169 1732787651 34865916 -2052569330 -1718675616 -1030933558 -301391308 -1165641039 748103533 728538708 
99934349 -612178928 -2035336626 -1383146693 504808074 -1248889872 -668498772 -1884291615 632971203 469347881 -1390197933 1930112526 -1281056229 -505446152 -793007108 -1919582731 -96234167 2126486120 157262979 -1481110549 -1332366465 -118729522 -1566022846 1908903992 -923209530 

-945167313 604260932 1971739288 1601731721 938134224 1430718 -1596786259 -1391243401 -131343014 -1212791452 1887235065 1208378773 -333221783 -227446286 -1453960167 -1045575005 1309535497 -1773659234 1647878072 877325588 -1684324501 1859402135 -1206435492 1831655690 1713407321 -1983099972 
-1247574139 -1516464674 183603958 -107545467 -558881866 -1245471359 -1343354033 661280920 213203806 332501180 -610897796 -1836106618 1103583655 -165519908 1034765204 -1424905233 843983703 1952090429 -4623993 414073833 805507110 
1620564873 1643510462 -60592386 176148515 -768818165 -879423534 -1325621867 1462417088 2117034440 2063257008 -294790203 1540637298 849766658 -34154632 -2111074525 -920072137 1049982743 -1052191323 -1525479247 1281795784 -1630099926 -1272464024 1127704265 1189005147 1020104800 -296705059 -868963275 903783564 -338471019 -543845909 
-1328307997 1392279016 -1811762475 356067837 -167819103 60896673 -939085605 2111852163 -90457611 -481394955 -16996565 381648728 116329546 -1496833824 -1499536188 -2043888047 -1639847314 590597015 67366783 -1356520595 258424867 1270015245 1569260720 954127651 -197742848 -1641154735 
-1640043464 997129274 1408756583 -448639205 -1381864377 1092456951 -427681955 1438455411 751926485 -109673748 -1901463706 1376877178 2013887868 -507345109 -406196725 -1174798675 1867091954 -1265632444 -1527966006 -667037320 381176633 966175770 1170069269 950039082 -31303405 -2033791575 654378242 -191903173 701708386 -2063659118 1600373051 
444302046 -43464110 -1796039383 -286011658 -2112408052 777340378 628811036 486467167 -1285182802 -1094041071 1915165837 512727889 260839630 1577317148 563434393 1149944289 2102354838 -1483179047 624960993 -1932405181 -804836353 -1412060271 -1037264515 -352013880 -1828878411 -158589243 -1584628642 1824869918 -186462627 724768963 -332342200 1342025705 594657669 
-196074073 -505854618 -1730534776 1725394099 -742460647 -667117912 -433175436 -483435253 -1323292933 -1151352136 1997843617 -995826906 1586318765 -743930320 688335343 885893147 -1325182402 -329774151 -609373636 1171979253 -319504361 -922931318 611836744 -1098193545 -814846329 -533606605 -1459729251 -1600997874 1147376130 1742983695 1097186125 1724956237 844508768 
565581689 751857206 1495988716 -1377671412 -419867221 -24302985 1037923384 1543310117 2039701085 1685027626 -212190435 -215037246 -2078015615 -1161336735 -1358788486 1241867827 1175869597 1645331741 1411847499 -2036857556 441426163 -1695640556 1881919481 395477673 -1357823883 125119310 1150938293 
-1643717575 1571866546 -489050329 178276536 -947732368 -147615298 717861934 1832518982 -321124269 -1846446097 -836014385 -2077261022 -1291060241 1381270614 71474045 1386680202 -1282538459 -672543441 317528444 -1539541531 -1740283251 1450312183 1944684210 -740145505 254838711 -2100960996 -1120947907 -1940340786 1801951634 1399208007 1217151008 1796757649 -833600591 1052474371 2976476 -530442444 -590474047 -1684690273 836801307 
-100756014 -1815333353 900789958 -291131128 -2041349026 -50144999 236441983 1899403577 991212454 -1147757915 -931649713 -915593591 440182394 -2023781170 18636465 -1386926659 157182837 1216881670 -444694000 -1200875986 -1894684102 588040698 26147719 
-2024216324 -1872398413 497970490 -2146106530 1334139407 423848295 1500170910 -1153714974 -1347337463 513196861 -390020375 766604486 908030038 1817669252 405569164 -1024081259 1133782104 -1001574931 1856279406 2026593114 -1521891883 -1997987572 1420787610 
-360502808 746809659 572159144 1579904924 188131593 901273612 -724636830 -849663647 1011789230 347968506 -920510669 1752502795 1813876102 -1542447011 -78677205 -183494556 -1155379511 1152617873 1486275572 564096173 

-1342428220 -952304764 530302150 -873287296 -2006144717 1725820302 330095734 397282536 591393347 -238256096 1073658466 -937793815 567449024 -1064590308 60042207 -1596744977 -1435752345 1552351279 1148549182 -135281969 -49326631 -410794261 
-649408814 495402675 1290162304 96516432 396441594 927175329 -412772653 1570028539 -1420118106 -837846798 567023101 -1508020065 1430593932 -1486339526 874693529 -999635834 1540668947 -429045558 -1602975428 -121610362 -1916605503 -1713847913 -201911701 
-1924682192 -350582274 1053860681 679445043 -1709026809 -632903501 -1003119441 623109821 561388769 1011449772 -637464306 1871961022 772305063 -2120927242 -475841278 180553661 -2121149700 -665276044 2120482848 1697621173 1381287872 -1179744329 -321720905 
-1616365271 1124046217 222056271 -913643217 120317115 564885572 649464641 -2059361700 1738513402 -1540488768 1587508705 2037592383 -1814702516 -1373210905 -1814873107 -915434121 -1207291085 695877409 -1643667161 568461156 -2134919687 -376376316 -2030309494 1395625736 -283412861 

-707703708 678624424 663079025 -1616180638 -437928430 -1126495829 171267292 -147253672 -1687598958 -1211920647 -1513642340 -449914376 906587036 1313156068 -2003861430 -499153201 304853691 -292955094 -680090245 1459278123 2080067431 1022187473 -1010653814 1588397820 -626332206 1157648262 -1246324452 -1042641363 -554290103 1766562646 982879729 1190474884 1438464388 1179235430 -1008911183 -103143194 960233109 2145923645 517542367 
-1853935273 -2112421440 491057978 1780902210 -1859220063 1250237316 1081878291 -776712496 1980789035 -495033526 1216850777 -731185952 616751611 558801798 -1650835818 -1874881473 -1280974514 1215434170 -313398340 88254996 -1752282681 981499869 -1747830896 
1568182190 2147343843 1079855268 -1450371091 -1321434601 -669881822 -1943669735 1669314605 232309204 -799773875 -1514941283 -181957319 -2129239693 363204945 -852313348 1555530488 -669427498 1494519598 -1769061547 459269361 -1927347077 -1653795546 
-779213645 -1996189481 -169002102 -662741493 -1750961099 -1798267624 1059798610 -249564090 -1092720602 -353930483 -1363380934 -24349587 984663090 323966580 1271498215 201651240 869195998 -1219912829 -1649808592 -1971030984 46200616 -521083135 513600716 884789593 952752861 
-1856586502 594445935 85476631 -1832377012 1271166397 -385207052 751110727 -161403168 1299069604 -1143839385 -738800261 1821518652 -1206398836 2107666868 147956847 -1159790233 1612634519 1573882914 1109620315 -1492617793 -1688815820 1172816348 2137027800 -843518381 
173938559 614927344 2123292269 204448556 299304845 -343962172 86523623 -320907875 -2006065534 1064506998 -2135658491 7820533 -98278887 -1061767422 -1589304865 354616028 86137177 -1946177311 960397713 1848921960 -2137214510 -1878538340 -45833922 1680570653 -679892678 1358207023 1928503996 -1319060338 -831556241 1025676966 -680310170 2008481476 -1665685457 
1117361252 1315510789 687557109 525498568 -1922169333 -1475482031 -1424010091 360175144 1556071835 1364224058 -1533031205 -646070342 -2127863773 -63420911 -111358726 1214730675 597286274 -1740659391 1580394651 1673514424 -509229948 -1009029810 385973600 1368978896 -1936926807 -665239416 -1866753016 1572721721 202826535 -1848798334 
-1931032209 1906647272 658758841 -2076140822 113465133 -1901040391 -1943251052 -1746558286 965173536 1678264552 512806775 -1776037880 735578124 1462727065 -866789305 -86242415 -1539349847 -1066348020 1340305667 920407336 1175015732 -1293996159 -45594667 -199526399 -85133469 787445563 123856637 -1201150262 2105189638 -552592703 1499294098 434299710 1739259374 -2093247871 -437565639 
540842478 1097153310 -1952161835 331127756 274414573 -1449107253 1736290444 361743042 -868700737 1797468735 332111882 -1770756849 -662520337 -2128768171 458342617 944183324 
-1825479386 958252723 -1670877120 770723320 -334521276 -1937627916 -269238018 1810885862 543328655 -591858433 506503298 -478903926 1470927443 -1465587885 -1765257238 1440881020 792737977 -543776218 1373272693 327762230 254856578 -994540159 196296433 1738397275 -1150458939 365621736 753486081 1082125018 
-910876213 1592125581 -521248645 1969308194 785956868 735814590 501927919 -1132721728 -844525306 -1944607673 -162382165 1185903249 373460743 547701140 2134357251 162152848 927699576 -2102472165 843245076 1153328 -357791528 612319210 -947295842 982440153 1847618621 488454461 

-1498228140 614299946 209115496 1748600415 -671708935 798370615 -1336618948 -1365453218 -1460789578 1963620457 590033319 1607299027 1730726775 1246821386 -719034090 -780114538 -954275766 559911873 -1288128204 -572794718 -237132184 302411919 -1448445697 -1948919125 
851388747 -1719402939 -517832826 911390126 -922467892 1350968676 -1782678093 1146445852 728192916 -935541075 132269583 1205058431 -838176187 1633911217 -2000818050 -2032762392 833466746 -1419697418 -25015974 -457789474 774546590 -922373098 -2006564243 
-2067425189 1309130139 189774957 -1490077310 -1782536471 -171127566 -1405841080 -1642100800 -1823222465 -2082520503 -1964087833 -1471884568 434825244 -1521698639 1812860949 1230726535 -1503973217 -1655828335 1757354490 -32034108 1473446356 146220872 
2106394686 266947238 -332330276 -667868741 282304549 1786418790 -1364331954 1951396440 -1895038401 1063411590 1004595211 -1585037713 246011738 -1521770806 -1244068907 804489083 829281123 1963884907 -58096358 2017824806 87745348 -1753587786 -2090742006 1269101772 -2049579292 199604934 -1982457777 1160342084 

315058761 -665210877 -2095095945 1339801329 -468019430 579752804 -556902631 -250238278 1831488022 456488020 -1053360388 1013054345 156959858 -2055528932 2104900691 -938354189 314329645 963694430 1277561166 282472766 560141907 1804272411 519597757 1124514000 588422062 196057985 -72660813 -1440634123 
-389615594 -1647556880 -1252726101 649223679 -769515591 1389110871 2066306534 410408266 954242883 1430589633 -1395780501 -2105284643 -275682325 -2019871935 -279147488 -1314558778 -1978079606 -740024487 680376569 -28196360 -1421607787 -2034162335 -260155453 199310532 1546056381 2147102302 
725413937 303801311 -1754820833 -1273420746 -617647386 -1120137199 -13705971 333438453 965205577 927640882 -410064735 1601260992 -1413215975 880155935 -336971229 1168656577 164090954 -551452394 -1818019100 -358806333 -1328908080 1072458328 -1270542137 621020463 1095634237 -28386049 1421220681 1864390326 
1659371731 -541391223 -1726495028 1337247211 352866359 1238596538 1761517959 1744126715 -1721466915 -798762154 -51814448 120944944 -528853049 -709955734 -1416943350 841894680 603929326 -745718408 1055098753 611799712 1799678790 -1576819909 -747506173 225903219 -1947748924 
480823418 73545842 -522805222 -1565129498 -945432589 -1651867995 -1548383223 1592978751 1872099624 -1698070762 1839808360 35295532 1631958847 989450269 89018624 -244806470 1871794595 -427132968 1577605198 -1043515544 44594625 -1642359724 1976353529 -201245767 1426252198 1199764706 -122145185 708483947 -1952407964 647082594 1525818014 -1796192473 -1057110306 -165662466 -1571880215 358014613 
1756963975 -1132114368 510475326 605180408 -1383951432 -1611672683 -1308779902 -1103328756 -540802977 -1570637240 -658739089 1536946453 -1982384297 1971872144 765177878 2079361087 -624996586 
597052744 704422265 2145447404 1787117722 1861477965 467239894 -377230097 -1077806502 -836594139 -1146732169 -2112933747 -724429240 1191576126 1438200904 1259220415 1222834979 335620515 -2072292615 855061531 364986692 -1857539321 45198439 -1271267994 -78879911 145814764 
237482601 1547375851 1156890491 1499824316 891094586 -1839340127 -789813366 1852635087 -1437188396 1199550784 201036509 -297771094 1859425947 -1050956683 -461988966 1843045195 -1153686124 -730287577 182585149 -702812159 807173647 1069534143 1940349599 574176248 -237170107 -1075182225 991200727 1820574785 356562449 -337948337 1476070828 
-1688504165 -1433794503 653809834 31965609 1440379063 1904594976 1892806985 709576697 368486103 1583109203 -1553750271 -1135077864 -944042556 -934325139 -1344893119 -1576754387 -233837056 1991203700 -1769732113 1842441346 -1600817512 -6472731 2131751077 1692802909 1586695557 -1378143684 1512362953 
-468532230 1815167274 -1455178168 -1931478820 1752989842 -933538657 -1900983466 395728996 310282863 -1107294286 1249765177 -1819873976 986473524 -633740294 -1837236696 -158245737 -1620443397 -1117169071 465453839 -832759790 64713372 1120033972 -745501259 784691845 -1640134109 
1534799245 1423901025 -820171023 -703817507 -2081909617 1217118382 1210931166 964203255 1822901193 -1139580061 1727535762 -276854241 -944165102 50409834 2139204563 -1612056821 -864473422 -667090905 1416506053 -488189182 347518084 -99040158 -714734604 -525366538 -999460732 -645484637 -869947004 981840762 1134943499 -2142826537 -936875639 -2117125849 710209893 
90603047 -1069920725 206058199 -942517614 -1588318051 422490957 -2055571418 233700340 896136544 -21055177 572994363 -1307138351 1278565331 1214971399 1112491647 1486697977 -1033028215 -580219981 -833973020 1446017474 1517981577 -1586403268 -349694248 1970280457 136335793 766403468 1050367420 -1590934979 1028862423 -821467830 -481502754 
-220996661 -2030341857 -1582789138 666366221 2129739399 1449878719 -346828806 68613275 313089942 -1929032757 -1615614230 -344145251 -1539812070 -920434574 -337569843 -916824543 1755411672 940353641 -1081465583 -208520382 -1317524198 -555506558 441445520 -232399511 
-99947362 -1774729904 -784904552 -726436322 -359694857 -275760440 55568382 -2085865205 -847497436 -1542789862 1532060084 -207707304 -1372022040 492537620 -417266392 1147704709 2080570962 -381088578 -214591928 -790506919 
1871694122 427584543 1072350305 -1244685101 549687262 -2142266959 -1354739433 -722119667 859182547 -1786203248 1669621185 1260401973 -147716076 1708134214 
943467355 1918276035 2027629215 -76139864 -1618439483 472170649 323972602 151576680 -1400849093 -1214978796 154686775 -2071704096 1875789112 -1695031105 -493604230 920671394 -1669597631 -142464919 1472564225 -846202710 -1734279901 -467804791 
-1888265399 -1534955378 -442504947 33161490 112458569 -1785407144 -11377112 411394377 -190940393 -1872428715 367964760 -2081395387 -1560861935 1767645248 352266379 -784248079 -2005521311 718452542 1335801835 -1984233924 -580476501 -1650676690 -2002706501 621643081 
-1940909295 -1184890760 1502681519 -892995707 1564670565 520959712 -1094143472 -403666116 -696457523 -1293172090 -1500185899 1512523499 -945344299 1311476204 1050148205 -980628789 -1053306371 1678575628 -1565498242 -1816008374 -1095694021 1387914170 -589797196 -1762502128 
602558978 101755829 -2098604657 -1578429470 1785348856 288690216 -280581805 -586938112 -1083353287 -1796697317 692860521 -1010599837 -1799580730 851783072 997003731 -1732144315 825381377 447628709 1813967790 -1867061973 -2131072977 2120918524 -1515730670 -754397531 1417570851 -1717886044 881621388 -774677879 1858503342 

409615250 -567526685 94355448 -199163013 932731180 1982916611 770379064 660892064 456743972 1798156279 1067059375 -766481154 -792190927 -162842803 -776900473 196848974 1668074874 2021206694 1332437742 1469460279 -1599421696 915051818 1900500002 -661143444 
1449942509 -970778553 1966649905 -1393206090 1136724779 -1666045230 2095464901 -1108404188 -504573931 -383808839 540730174 -1598783935 -305241502 495789060 647920270 1966782189 -260922591 -773824525 38024922 2020964340 1394373947 
1189929754 -480725720 -1171750127 358543987 911362543 1421533384 -1098580364 1835156356 -2119441186 1703796738 -399319109 1095324166 231980663 -2103774645 730617335 -147778028 -907124472 -1402509423 -2031718936 -441959273 -956406694 -1957637634 151928566 856202128 -384041928 -1506223512 1038171386 218732327 1079939723 1518279535 -866496836 1433725507 1917514929 294019670 13922560 -1822529985 -697188913 16880415 887074226 -1277696302 1595427071 -1140289426 1125304113 
-669342910 176557628 868151637 -334904581 -1413467666 807792758 -77545262 -1451894086 -97788769 1599462909 -1256457117 -2146375461 284159032 -507953003 1064260550 10783903 -335015291 158847226 1445035183 -1771534380 -764114412 -634139185 -360839265 889432568 1951906306 -83963180 212296393 1572156187 
1903355363 895519332 800080086 -1461973186 2113648089 -1562180975 873925151 -1703616394 -695729813 1959754918 -1804878235 -1937837839 -260960452 1913527720 1855346305 616724596 216162958 -1430708360 -710225175 -881615001 -1478781830 -651883331 -995235221 1356813007 1819546484 
-1440435771 1584083976 -1191750537 170101098 -76995274 -1849893292 -2022909650 -958357021 -1538608398 816476650 -447046839 621561465 -1001767072 -2083862533 1165984631 1023984255 -529699619 513989782 1829047082 924975162 1719953150 1972069636 -671747901 2102741238 -392034827 1983515198 -1591089641 64407196 -1931292144 832909832 
1757264437 1294189279 -1690052854 -858526826 561483306 1497903346 -1375591353 1049427695 1609570289 1777778460 235675683 1845200274 1565256480 -1133342436 95143740 -1433894993 -1376764766 21718191 352848773 194244630 -97024382 
1188160218 -1348133783 1873420331 1324722769 943128024 -1931035218 -1300008525 -858173801 1588844504 1091265214 1876423662 1001153878 2116920593 1029312530 -1291162377 -396531276 431753036 110591231 959399749 97815607 -1332422825 1166251971 540576353 -936846332 
-950190495 -1084070730 -1151882712 -1827912452 1728274392 -1985512352 -969789926 -1099191192 1464380143 1157996291 -694734995 -1020450843 441510991 -2036304194 -80263126 -1575735689 236341153 321942372 901314109 1390911696 987184890 1154303882 2074027942 
740097889 1084699548 168615598 874101450 -158988154 -1266237739 -512556141 -1791396537 -1762672987 -1660602563 403526217 -1452615491 2080477495 -776939365 1254989880 1120393957 -713638858 -574601397 -1325503024 1425963629 -1093462995 -408304814 1481151945 
2088866686 708269679 -1559424778 427122008 1252978007 1529449061 -1163667846 1570369984 -288166438 -61917197 -1826236391 -1762257454 867367934 1500557431 275149640 -1262885746 2093664940 
-2014424797 -777003191 -2039844157 1844543828 2119227904 2076360380 2146454348 1877517310 1863837959 1411869793 868554391 346400048 -2037165183 82268715 309520448 -79948062 1051985470 -1751877090 250147208 -983133037 1502867290 -185185872 55415834 -1006065122 -1287911671 -1039538275 -2093943061 -2065427390 673887531 
-1250029228 -342961955 1986004494 -410263453 1219556927 1211123081 2129271597 -2127067917 1723361390 905120710 140734752 -1616746002 -916205286 2072397713 2105391950 -1606871752 -1984917609 864523042 857754563 -1873150809 -451392481 887079260 -618350381 -1650840844 -575460533 
-570399149 -734540427 -597404231 -1902295374 -1904250619 1688899340 -1281452985 1521081735 1304030702 1606763321 -32301467 1869392086 1307031272 385104225 2115604015 71563766 -291419544 1177842326 -55095179 -1164702597 1904192150 -441099399 -161967086 739209105 
-327350380 905545997 463560122 66424219 -380774392 -1072156869 -269774897 -1696424130 609189025 1834859157 671873015 2019797114 -1440637671 -659909278 104134135 70918582 634286377 -456031751 

712779433 559517488 465989047 -836607844 1038860947 409744020 1965578124 -159970492 -2023768271 -1252949324 -1676005974 -1295343302 418995647 -2066531963 1251079725 1272374159 -1980447674 -738412183 1914755060 413904800 2120014104 861039971 -2108243000 1190159639 
-339496502 1943849207 359625473 952153643 -1560368377 617971677 1298476119 -803708194 708218234 -1258128689 529041671 63712721 329101042 1420716447 2006003670 1851260479 1662428351 1123198702 -1778151797 1805459534 457189859 754076785 -972586590 -734189282 -309349 
-302794750 2107239552 2077755767 80918857 909641434 95090809 -1756378522 -1343008674 709241227 -814530822 -376169826 568254498 -681929744 -564785908 -1667470993 234056923 -1308041871 -78977957 -1721756940 327382208 740337942 1698347064 -519622195 
-640481570 -1664312142 440981638 998249938 -1910969206 871109724 -1243929104 -1470562920 -656247636 -568861110 -676861796 -2039078006 -1288996937 -606957995 -1907117715 -902277072 1248038764 1113406551 -578608997 -936874136 682937421 -1312672313 150104358 -931082978 1534015314 

-1339663069 1164230285 2117454920 1203762299 1620285920 307481731 -1767248955 756141416 -1451914611 
628102607 1716260340 400601208 1865104845 679510694 2117116050 -827835201 -945833535 -733925616 -7285370 1344863925 520926526 1153783112 1479843414 96991896 841040430 -421819215 -965751306 1099292707 -1325312107 -1891699540 1757119330 -600053473 -550560745 1027737313 -1939875297 1638843015 -927693982 -1605050863 -2075349791 -1277172717 -1022984537 -1416473911 762395746 688906393 577211168 -1583625437 -858368481 258280415 -247633707 -289558595 -1917394289 425397528 1344196983 -1797582991 1057980093 1447641408 429231442 
-1523004751 954004508 229107479 -1108671886 1697491987 2110217847 -1718946796 -1206675765 -180537902 914219562 1749956732 -818979817 729439528 -992663258 -974907772 -966962764 1668667098 -1509338715 1306789352 -2130190038 1018912419 -1315312270 -1080699011 -1163896218 506524929 2102217163 -536281200 -1607402206 768669115 -1689904849 -1693520986 646127896 -1435405511 1425345933 1441441631 1259504852 -170402057 -1990864374 -2064177427 1457695061 1903780188 -2037477155 -475441572 718320934 -1119979529 1928625023 -211209952 -346102739 648532890 -1472090 -1660304753 -2004591133 -1257113857 1446710857 1768283409 2063034782 
1589906387 400615062 -484705136 637322800 -2025986330 -495326103 1825146273 20646250 -82837062 1625408138 2009218589 -1951584934 -1917310249 -452906628 1313789048 -36983368 1002190344 -306082469 88193512 1336392107 64177705 1679354179 174587767 -432483917 1721152382 -1112236740 -1018750718 -1278732735 -768567027 1478175947 -654770849 -932003468 -267405843 209228773 -435632368 -613451134 1796054362 1055034284 -113476655 -1034411271 -34789505 335767714 -1351550919 
