1497167867 993656614 -2072665809 1648878319 -462730335 -1568330228 -748995199 973192127 -81400491 1301172022 
-1534160937 1562683403 -1482783921 -819867596 2091332046 -294611482 -995035340 1199466979 -1046930908 -1461461919 -1749245024 
37348232 1426635943 1566935318 835751545 1244739627 -1662098806 563829028 1637510267 2050777491 -2025004262 -1453563809 348923585 -39391733 1510044113 -1068304829 -1480648263 872074951 -1662313547 -848906556 642143515 -2135240646 1041439704 
-810440168 -1776418366 2105436056 -1000457812 -615366266 1266163238 -1816615792 1088626839 -442687779 403325079 -1080988743 -393704686 -1303805803 100394410 -153726616 1112108060 409723161 -1084292408 2054072354 -2119391858 749792490 -775861046 237339034 -1948195798 



1485709581 -1860833953 -834088093 -809183265 440574227 1862579194 -1127380377 1093555561 1372401327 2026228990 -1935932362 -1656502411 967504067 929291118 295758086 -2081628413 -1182472826 432266503 -1149547759 -1064854716 -886630547 -1503009892 -815824730 1567257146 
2037952542 299962373 -1471381161 1367996646 1139328680 791451108 322447087 -249690672 -1188682082 -2030185786 597934921 -258544575 541080696 1372915303 1549461998 400650140 1639370093 99482565 1144084693 -1978371938 -791754092 -1523743656 -5314029 1182359781 1525934999 
1315388887 452161784 -1163575850 1162087115 831445412 -1560492194 -1923804235 1776144134 -1527534083 387853269 1445960153 -1519943016 197580824 -1289736557 -1833991476 1271418118 -1457333488 1953194094 -1684804622 1601241092 -1747827820 -384639131 
-1552096449 1662996609 2071142212 -221984241 1310415149 -789482814 1015274003 -639480982 1523423242 221554431 866973512 1115292188 1156160216 1976450171 -1703736261 1038254499 -359585145 -2101786972 1168843091 74756232 -294176 -1223606192 -1983150635 330302322 -1008538455 

-154888711 2009648848 -98780566 2038192283 697266639 1004048574 64152906 944403269 -2104835553 2070935735 81696528 -1183052511 1252512109 -563778087 1913960266 -1332079569 1311053141 226660581 -511348394 -1454371084 -1885523546 139254635 2044443132 1096073947 1359832108 -1047050899 
534507004 1126780025 -364093565 131236484 -1424157166 -1211739512 -147878372 1078279685 -1287379220 -2119652194 -1136601834 -459334916 -1112020518 -1237911547 -239983548 -839403194 -1657104412 1652325841 -1888856156 -2005264282 -1723086788 
417662954 2094589854 1694779491 -1628149256 -430920241 -772504660 186302579 -2363280 -1464983945 1856145458 -1963123424 -1819517674 932960732 1090757001 -1901434095 -506341561 328378154 1946452024 1316594137 275718599 152253165 -1537774093 1943150837 -500136769 1048351827 -52055797 -2016423784 771392572 -875620067 -82399865 
-311586160 -636795434 1190420867 2033937017 -1938338093 -427826743 -1804955480 1078303154 624775424 982587989 -156394874 -1276553272 34669631 1310547488 1705484567 2074630083 875714800 88059539 -32155634 1246187831 1666010857 35560577 509764898 -367770952 707590304 -1307663260 
105677672 2037306701 371856912 -1831346308 2010961941 -1502474699 1112078944 -1012479265 -1908940430 -1129210982 -1471971487 1462571124 1487790804 1660009718 705768716 -101329409 -1852834388 47994992 -483347583 221713473 1071418015 1882455807 -214695284 196154049 739954237 -1842969839 -265860845 -407331964 -1292733965 -2039908722 -527166928 
-1885742721 -965127886 217185647 -1352753882 743824753 1762594818 -2102724948 -1060302805 1184115596 -583871516 1807490325 -1125276655 1388279832 1682284946 -1861474485 -242682529 1206062730 501745020 719488626 1511867687 -1455139816 1238361426 170564299 2017309601 -1457810132 1775755749 1562200220 -1754751550 -545613912 283096989 -1589914299 -701569769 463549971 
1210103562 -841951263 -1465526037 2079554020 -1894148515 1574657709 1590438180 -1581442454 1969639834 -526839168 1108434838 774560600 -2130589404 1125901481 -523794581 -308127005 -1983331410 1706082104 976553465 572834142 1810262805 1939641552 1669087993 888247039 559174841 756380844 1910895998 -143975158 504386642 413475416 -1820197220 1133331755 -1906996935 
-1131666433 819109399 -1050833698 -1589338961 1351257675 981740477 1624331801 -532994747 786856330 -1168435960 -2096809644 719405373 -287443445 -944133708 713022798 -185628190 -315876510 -609377316 -320945272 -199329844 -416767784 2140483513 -520836825 1574205206 -1534495423 -1721636805 -1085531929 
-331448617 -784981764 1653149135 -1066265091 482997170 -1775901590 -267650120 413175174 -441001034 338639048 1006144742 -342320576 -1595166280 541314484 -796785997 569959649 916192899 -335069790 -1817155739 459021828 -168966322 709617706 500055212 38899514 -1009148268 -1426196591 1837131023 -1056482021 -868001307 -274310063 2013724462 -1148405639 369249456 1329093818 -607074956 -2027864539 -612808793 2139295935 210202873 
-1722105807 1707051293 -1028551478 1800166068 642040677 594427119 703869155 2034390722 641096137 -2060664447 -502893491 1459268913 1396584898 -1135401209 -50623597 237572581 786888846 715590448 -1260515160 1164088713 603923416 949801426 1718479743 
1558270558 960197478 1759236620 418396427 143718200 -1455692289 391248941 164492068 339916774 -152153051 253773342 2129455269 2082227081 -1564241729 1751031582 -612335338 -1705584453 -1444515316 1146842807 1053180866 629117591 619037180 -1881703334 
-1661175016 -1261051666 591779276 -301113272 1998514965 -1402544883 -1116297424 139939881 -405240833 -715582680 49804033 1547510436 1642010892 -1715043054 658807211 534763478 265804654 1270738583 565380408 1113003435 

-2043523393 232291667 -485435094 -303537687 1180246919 -1233951123 -1684253268 1011267057 913262069 1180196827 492629402 746906558 -1815578858 -2052347112 -972850034 -28005328 1454166030 -543622481 547317688 835589536 1844914207 1269571759 
1994731571 -711711770 2131051737 -1269996143 867275101 32880453 -327462940 -508199548 1764257492 1307086142 717876553 555663561 747140125 1437656308 -562546856 507409064 885472503 -1444002843 -869676185 980038975 797594432 2078384904 1332950556 
-159726886 1180055182 1481664313 1242336740 868179106 202636087 816505499 1528139702 1785211450 2107337507 -1185622711 -1541159411 -772104496 1727952197 -547894194 -1979850871 -2015617321 -1624774317 1453956543 930442110 1108638607 1815619823 1203834717 
1409507881 642481098 -1859855749 649908364 1675642492 402681766 281226661 723137078 -829638249 -1169760965 1875311777 -1809220813 559749375 -1976251656 111807960 2001760597 -2363952 -991637007 -501603175 -922548557 1778300223 934694737 1690196952 1667587363 -898477002 

-258673059 -1139367906 755610307 1005711112 -406804964 -1406013784 309306857 -437378048 -501959369 -416084075 487717127 1560335296 -1150912476 1180505311 -1641332117 -452780514 562096007 -1092381910 -1591186083 -145091378 985847809 -851172857 -582746163 -630115479 1153265913 -1967516176 1312592333 -1650529159 -2137675066 1907229551 -725419004 -921000612 -1314038112 -2078834899 -1889747185 1115278125 -2006598191 -1713534854 -2025129824 
-1382324344 -470476624 -509480507 1238123674 910140848 1283579341 1681934158 -1072972437 -1710975557 524365858 -1225750233 780073299 1264408341 -226782277 295958667 -1969782677 245174190 -599050080 320816955 314788219 -661374762 -1108018683 2059772938 
1141135845 1959381320 202840473 -1388506720 1495598907 1850144182 -488909877 -1656029731 -1794952018 1669319359 -2111658796 -1715078567 -892128086 -1168595690 -1720973273 -59148405 802594903 518094246 1937866747 -124053267 1091735108 1147215390 
127113318 171715210 -531385700 -1763074427 -31505044 1194000708 629600133 1647795789 -1399742889 223013190 1465283027 54921559 413285755 112974676 526215108 51678483 -51730164 25433193 508829083 482587436 547879202 -1291201370 983647397 -1244545198 -972242055 
-1077158006 1257589838 -554806641 2052500716 -1716821739 1984290697 -1660803272 -1036244610 1392667981 -572390420 -1362770570 1501323791 -17964763 -324068615 -638854098 2124673197 -1075634576 858350579 -1112888889 -642309153 555486385 -1178398945 1436627066 1453555556 
-1377907806 -1913705527 -2115699059 6204212 392192629 1489885622 -1245924513 -793528837 1329806739 -1807140953 677762595 539694192 1035346442 1942168721 -1199475223 444405193 -1623109074 -2089383913 -173602724 1540447670 -610684034 77960530 711079375 -1158052440 -1935346425 -2455078 -1513478046 -1307538644 -143946588 958379627 623967636 -759488007 -263252034 
-1486508546 -27705423 317267429 -726206707 -1080596595 1333343822 1806869950 1053150168 -128578482 -297091961 2063093797 1875837595 71698527 1623619989 1796122885 -1133857341 -1317402196 -886339341 -147678309 1702073518 1814027736 1171898000 -1324425024 -1674922612 -1939969567 1955606374 -1066039785 426775296 -896301320 -569428314 
-740031601 -658972246 353529673 1764729816 1403808817 -1687754252 644686538 1903612411 -1409845741 -928619367 1852554126 592049816 -2004784703 -1120248815 1634056859 -1386147112 -1724651090 1709778942 83104714 1681656760 768906573 180737382 2099873285 727891583 36288968 27534338 -1913992822 1902339320 -1603050536 -690411509 132059630 1158724632 254288081 -1522391022 855908626 
-1498210906 634039320 1571295458 -1317439549 1022819729 212212661 -1305067973 1993369588 765238072 -1853056216 287260074 710856374 -1819572665 831809224 1777500117 821353592 
422445283 -494573195 2144474879 858656985 -1256173545 -1082993202 -404187865 -56583429 -1568161548 270003328 -344847572 883781802 202746458 -1824320777 -1079709618 -1763243192 -1022621103 924628218 -1878890520 -836011242 -389085813 1202892237 -514380966 -169197526 -202773214 -1306687213 -784756423 -2015544754 
-1624483030 -99210191 -1621531281 1426018195 1826977973 1848058445 -3982959 1040385117 -1349871711 -1659901018 -1349990274 221645121 -696236142 -89450881 743685736 -388092768 -812929905 -2063863036 -880727872 -722519793 98740311 1747724458 -1967119006 482442578 757736517 -2089079654 

588089321 -328603157 53029414 112143853 999031771 -54097604 1423485282 2025321574 744466810 -797771056 1291267883 2049547658 -291540029 1643230989 -1179625350 -1170343794 2111909468 1201697002 108077891 1751731378 -1240006145 -1479597267 -51406540 276794351 
1169091958 29516065 2130754884 959291454 -1939872234 -422406960 -1203009806 1432476062 -1559097129 -1938550868 1300494081 -26364116 -2062418359 1677962746 -1126837885 -278201786 -1635248469 318130186 181035112 -1610317846 1547313504 -1530821834 1853458557 
2120938306 -1121220701 985554470 -1853772873 -750962908 470182229 -458826432 575661666 263856287 881864218 1902244334 -1946968172 1006263207 -586782057 -1562848245 743447255 426179263 -1805370616 734760624 37212466 1383125475 963748768 
-1689584083 -1759796088 1290611084 1399352874 -371181565 -1917113243 1303461003 -400163902 -943600901 1458094824 189787601 227617774 1291948558 -784445024 1618596534 407915963 -207741740 651050763 -441344670 1768097411 857017957 -693213897 185242683 -1829713062 79383331 636542624 516087701 -1965302635 

-1829009112 -25650889 569732066 1538127354 1525307539 -1202306206 -1834818306 -1300528121 -895315982 1044124331 1864711573 -2035878249 -1898721004 626897465 -1005914512 658312010 706285123 -2030390066 2140441291 1027124048 1749698207 -333332094 249524167 -762083873 -900561598 1294711685 1164916685 2011585378 
458750371 -867923572 696251064 96163142 696345779 1465004054 -1281899716 -942106728 -1164894998 266881111 795945472 -1208802969 -1707891677 704148071 1556844835 -1499186726 1416938254 -1177107506 1765362361 762152776 1301999938 -1573681168 1843331909 659254240 1625758071 -652671565 
-427121256 1594733416 -1532307004 -1844441848 265036835 -1884638393 -82977688 1770115853 -921385815 -1421769263 2130086696 2089462525 1535997222 1438913726 -484840899 -689127998 -812149483 1351231671 1903734149 -520739025 -1895871041 949638863 1791481959 1865639530 1242644762 -226064968 716089580 -537876450 
524368833 -1332860614 1050729697 -853809098 555868118 -225458748 -860725619 1716207499 -1705905954 -1083198267 1967574892 -1933486779 66966065 -1254371161 -1321547136 1954823816 115304164 1018537271 1834292170 1748556741 562710461 106328852 -558927494 -1950895828 -1769655825 
378335757 -912248182 829803198 175912876 -1390190441 1891027219 -1020842594 200511458 -1531821467 1256074982 -55722831 2073382819 -352601850 1508567707 -1950681800 733490897 373780540 1560390309 884961299 -665332456 244857819 798889171 -1323355118 -341587309 941051575 -304991055 1096710906 265027309 2124077655 601395657 -1168220781 -637148907 1291397138 -1987384245 -586862173 2117110174 
-1641471978 -319089429 1713056763 1664653034 1984358084 -913689236 921644758 531673612 -1230387316 497956943 -1597215848 825692423 915825508 -665039743 -2086758923 293175244 -1577636973 
1527411630 -40105795 -566736391 -316028873 766142405 -1397900526 -272103031 1218005668 -232703261 1825301647 -1735926903 -993575379 -1411844066 1726977783 416010391 668480449 -1991080832 -1530790061 588730454 1961550562 -128021511 337663837 1031108608 -71696154 219651787 
1964940539 -746468084 1619340590 1058893676 2074667833 -225601345 1497207195 -2094116724 92106001 -881082324 297186144 -1874180842 -1808325459 632053534 2103745434 575498805 -742076978 -1326879675 -834884124 -1347848208 1311500826 1928111262 -706836416 -405976648 539234714 -1793776561 75433358 2066564560 -1927107400 1500811065 -798581465 
-403823284 1461976893 -1866448290 -1653427215 104776650 1158851321 908925797 1311175098 -1062847035 -194375281 -670539593 -742239825 641451542 -36856277 -1119658133 -1330461721 -366883071 1259482537 -1369790919 216946597 1945317892 -706996933 1682746499 -697717257 459197421 -1698760060 -1343251473 
1431804733 -1255485559 2080049384 -802658367 -2074753486 -1668381718 -624638922 1535726430 -1939458405 947323547 2092683927 -487002082 -1411955578 740744328 -1357976458 -1536307343 37600569 -319788650 -1341623952 2009998141 -1297173081 248360542 212060086 -1713929528 1152531826 
-426823352 -2003912888 853192468 1681424459 -41441423 770145320 -564741770 493810389 -1892148486 -2058109021 240066442 2062263258 -388679567 -1728005618 -1092839807 1333861481 -71053807 200430642 1966353145 -1049821053 -223924090 620821899 912970791 1991819125 -1148510403 -2142936006 -824289349 -1563798055 -1806359247 481427441 279040466 -2020491138 4342298 
-2071890857 1456766539 -1582453646 -1593858832 -668244561 -1431906917 -761855691 724344988 -352428005 -29074528 -1768129263 -1207405940 1754361569 -2028179603 443623263 -1544311853 154398032 -581046289 -980203884 -964006422 1000303234 120043465 1075049439 1554661752 -911573343 1815089922 -745496979 1778052080 -287321505 532360590 1153140368 
-1916327016 283298716 1407254596 1692473848 1633664630 -457985711 -811436169 -441746262 69218984 -948564904 710633663 -1254198907 -1111355946 -1886660502 1879583242 -505262474 -768595120 569399655 -741646526 -887914367 768199261 -772430744 -1234177839 238207752 
1429318354 -1926743759 -1769719591 -8942695 -1817538648 1146947221 1683945046 -1200268771 1171832759 -65786447 657081214 1957850427 265039582 -1415144739 774677496 2126764582 -72015408 845225399 339288032 -1118055038 
-841377951 1845678183 1471540147 -1410281405 562547688 223031404 21089636 1718082855 757005445 1570571096 -487818758 1588416444 -669736179 -1166309984 
326771763 1320297298 1348609243 -1022897600 -243500804 1024356810 -1405380218 1122751133 -898149110 -1227187616 -1130473473 730421513 671260918 979729599 -731763804 -837590041 1093521024 -1132144560 1900957479 564703613 1988926910 26953224 
-529010386 -2015496544 2089850251 -2075340920 -802315717 -1600176858 -1487046769 -360548916 1730144450 573545692 -26627196 -1375575324 -1113811702 -980468828 2050019308 -53399863 1103657080 -2131296937 1279675394 -822193707 -1643194312 -73243925 -545909486 1739935223 
-1732474447 1041245335 2073000447 -1767778974 942746253 -1569619650 473819890 20210560 1467418678 1484386695 489366706 -246186101 246273173 -128453970 1020551418 -724968524 -1597792177 -1868554550 339573393 -158641416 2008770747 -460007740 1094772322 -2064306179 
-2122974779 -1447320518 -52007402 -1363173853 -1814066971 391859921 -601432956 1202334139 1874979039 109834156 -921452875 -968557080 1217325242 -667623164 1908443137 -1848293764 478047216 -571835709 583203445 309561213 -1902796907 -984145802 1106127230 442893899 -1159887810 -1845811376 -196308925 1721959629 -1217331892 

-1194404787 1301508605 -1181649893 711109862 -1963277644 814875737 -1764746062 -939167772 44218558 -1799534975 -851535563 1579312904 1424931088 -1775654432 -1375952791 -1436949606 693119994 -1068906135 936324915 -208378781 -1514756020 -1310603528 1318908820 -1018990230 
1816317829 655160013 -1028253749 713200631 1598232107 -701192677 -341543363 1814706611 1445600298 1672155543 -1433525771 1457457820 -1745730500 378040339 151183360 -330126134 -951151899 1571021504 1587739125 1955236127 827718132 
-1772879564 -89841686 -799790338 38293223 -1119355005 169720827 -1135204479 -1948020010 -1518136809 -1454736292 -374874651 1874400627 1066549999 1363674616 -121017621 1951450639 884209651 -1128151044 -747053925 -1297019 1142958994 -912868380 -529031260 2107559363 623390840 727622387 -1793015380 1266536563 1019327715 393173675 -353539845 -1726585030 -645720788 -1766146177 -570845916 -697575167 1532766140 1222167080 -327028287 -474603416 900642996 236142382 1634704057 
590496345 -132581649 -125139005 1150552190 1322611968 -310162477 -959052009 226308751 -1781188269 -1357189020 17563291 -1862352827 -127427 -1693921757 472875237 821710308 -2131059607 573825458 198551203 -1462863092 37628921 -1771132206 -1364467744 711559462 427104162 -1605095522 346453467 394325681 
695544256 -216890831 -851649700 -483543179 1994581981 -1313922903 226435677 1901716455 -698570163 1445995296 1765233996 777021550 977407724 -1395817419 737533768 -1600721395 -1605335624 -1793795738 -1223087219 491065597 -308531791 101189857 215179863 -1165249092 -938025891 
703616971 1177210943 -2142155360 -1305753534 2412222 -953347747 49362793 -1121229506 -1751360871 -917664249 327502759 1553822448 -1039115861 1013720089 -2098076501 -313621467 -973705785 59297702 1282294340 -1320284495 -1695698053 1861589677 12348439 -1940155946 967054930 1260964422 1475098026 212397869 1794513375 1835274523 
866607441 10970746 -883096375 -562033031 -1697271390 1711773149 -1125935381 1820677759 -936390628 644438953 739523209 -711066176 -212609622 1169474580 417294976 -24217325 643586503 -1427026247 345684555 -728983699 203375652 
-118139851 2133804138 -231222032 -196114496 1454085851 2023045318 -1041821489 1309266835 154691637 -971354432 1219674647 -32345612 993402072 1977570060 -1378095695 1602053062 -1110343590 -876550422 -575923621 -2099064983 1627891336 45497798 -974429551 -1394946556 
970826854 165704611 -791935150 -410180763 -1100228940 -1908130499 -1443506875 669160430 -1707699271 515751348 2087075600 1956541592 -136991889 -530046001 -1217771943 1200714527 1368744578 1269772282 -917733969 376841940 -1479888004 -2033088612 -408367882 
1427812179 -481923712 -1090390596 -67852577 209919027 -1293381014 114059406 -1360427975 1038751654 118562061 -1137509948 -1419426649 339051456 2059878474 -598304039 -516247833 1977098425 859123904 1521906540 1855581195 -479234425 -1732640955 139970896 
57152524 -268848177 -2086691310 -1597532156 -246294618 -1250020511 665869464 -1860745623 -1780666953 -675969379 -138889735 888848726 -1921365188 1155967352 -1967491972 -515304705 -673936545 
2131337009 175000383 -1098136053 984058821 -879872230 200356955 1665939208 963010064 -366311046 -1168431061 1369617868 -1588774871 -1979013540 -1513788892 259268986 860338835 2078698584 841882707 -234300546 1672039064 -433923461 -956856657 -445121530 -2092077561 -1988779734 1672641321 1275607335 982703427 1741314276 
-407278017 1918928105 -586989508 128163805 303861490 1081013096 1486814657 -1155441492 1421707966 -1785733927 -169144618 377036493 -92592932 -974033404 -1571966974 1698962118 -1422659747 -1329838013 1966346192 -338517971 57734244 -278627024 -1372513142 150126994 519575988 
1341686296 -1224865344 -2138276625 -1617467332 -1685451059 742406526 -279183853 -898528702 539168371 -2089225366 1865315788 -668122529 1885998522 1204315547 143957765 -169300580 -1151925406 -764153214 -1505634780 -940415013 1232175169 -743553732 -1098516891 2052205511 
1815636894 1949126233 -340089072 -1470930387 751979739 -1796128926 -1000539490 567500800 -1976209621 7701558 -1306584746 -179901118 836546974 -878531755 -2084282375 780192398 2048339967 -1116248121 

1800850782 -1770124850 2135803399 784557874 -395112864 -31897921 -1350844008 1203193977 1481337735 1858786335 -1379161767 -340199337 299508353 398447105 1158922562 -1524942826 -809119027 752738453 1745521282 -565351720 -503637469 -822734826 -490944683 353257925 
439379313 -1161958097 391353376 577420428 2008099466 223936912 -1311547028 1611719400 1261002919 865769083 -932691217 1426351151 1643590672 -1025343157 290892521 -1589092607 -183545785 -639826355 972842061 1440823817 -1057709032 -223251733 -1799968860 -2065747110 770763482 
563601496 859819396 540491596 -1730469372 1352284816 -1721225988 -1102520021 545967991 -2051468044 -701311876 1548427064 1373580057 -368974644 1754813082 163201924 1329412708 -2002863809 -1631649490 -1601797680 -1076554608 1657135157 1805188504 1684626650 
-1037849265 -219009426 617481314 -189416553 322789088 -449677700 1927309423 1197870168 -1799897228 501884553 -2066164647 241164353 -993424556 38359006 1891031049 -1726097411 -1163225437 -665410863 -2018938450 -378868513 -475794292 1708854283 1374335380 -1176708321 1591581649 

1075346337 1061733975 -729958694 772018646 1882544075 -802791006 -2015520002 -224052569 -1142545909 
-732777906 -992847156 47851995 2103911880 851551624 2008681332 -557886573 461401804 -1406475215 -915768999 -1969538072 -530704349 -198726989 -430985540 -894982057 -960982790 -439659071 -1042848606 1819810986 1583218825 724383709 -1721206104 -1707877884 -840304598 1747425428 285777396 76096865 1167397240 1760512474 -54830359 -1801349319 -1597413674 1650359802 -523086754 1454957511 265206398 1964363229 152380514 -1551890463 715895842 724794285 -1357002079 -378040209 -528025966 -208468735 -339940987 991931039 363227346 
-494204916 1240868628 1249979149 333460244 -2009414618 1952814368 1232186546 2851470 350421177 333624275 1061194352 -2109874927 2110429499 138280253 2072046718 -2096952403 -436129866 1715604786 -1986442547 310725026 1329432417 1492297671 1156526112 -3926753 -179145025 731281155 -1188927562 -1287164364 -1283142459 1722953400 1478486664 1378832765 1135881023 1475804355 -1206143886 -648747628 -184533417 1686565204 -1459958012 -1458731204 -543053253 -1172949162 -1566037969 813611739 1867503476 -292044929 -1485818959 -42799641 33579375 -1148110441 -32038738 1099292155 123246271 -1574865365 438935158 -645217130 
-1828457982 192461604 -1790574773 1853524185 1385600822 -1891895189 -451969103 1649159048 -1008403324 -632945298 375722212 -854639810 -334061241 750519133 311381991 -507871394 -2023504770 1118701784 229194136 345978850 649139586 1858337566 -1446309427 1637047783 944877050 -1224416679 -4977177 200031922 -446712949 1624636099 924655265 1082927972 -1432712885 -819803538 901581974 -1596668655 -473335678 746127027 1872305506 243365321 948477428 -1627547858 1153810763 
