1934658288 -181465757 1682616333 -1209331650 1714475863 1504547819 1768947220 -229246427 -1576032208 -1687231908 
1101788343 246938235 -1234914928 -1765374545 2113753284 -1022392606 -2046087852 -423574004 1771682665 -890711328 -446968321 
-217605352 -286481793 -1772886647 1626028168 61129349 -1402295771 1032729315 -941921620 -2040358142 -1731204881 -1170065821 240614215 665882258 -1897787664 1009830167 549246594 1309063331 -281774713 -1775947865 778405017 -435129861 -1258794020 
-965829259 1882923736 -1365009268 -1076904050 -1525803522 594726384 2029959932 841809624 -1098219212 1213045582 858726116 4125345 1580695658 532383027 1528455544 -1325147975 585648562 -1786798257 1740105060 -803542200 516491360 -146766348 1053282160 898644307 



1001305387 133750409 1460570570 -1889366479 1104563752 -1429324991 1292190303 422535820 -1660287649 -861420644 -2125461334 662566539 -1800172261 -1456025337 -1738706537 -1076572237 -1278678236 314554777 412782525 1801207314 1056527197 -1810809517 -605992195 1904843212 
-816988856 1845327832 -260625522 -1049788192 114395173 -309377023 -246142923 -1258153666 1091410814 40073217 -742209681 544991017 -1821912555 1966939590 -453802731 -2106949698 924359080 -1973368901 -467723632 -962287948 -258528814 565919241 813982122 -1479729163 1818468052 
-1265429095 1027033221 -134988182 539954932 -1782177263 1922105543 -1028353831 -1496395779 177717803 1432405421 -2140749662 -160852432 -1491302413 -369109603 1156264047 1075986477 -1902344130 2086863905 -1420891201 -663930279 236376823 426670041 
343543185 -1535434355 -2120085570 1752199574 -530200639 888392074 -1660819335 955957530 2034858304 -974981152 1352849299 -124140882 486843466 -1200592125 1854831175 -2006763335 889557295 34285234 2064660292 860243693 239866328 1330608985 1390928169 648642800 -735598731 

-597220377 1633101595 242935445 -1489432697 36252056 1665382836 -811549553 -2126010347 1008641209 1314874338 -1090894482 -1410679408 -1727933101 201120466 -1022264410 -434691537 -1835917367 -1154053872 579292686 -778372644 -1141808080 227219124 610126346 -274231966 1819000606 -1067905949 
1490342403 -1056222576 -120832842 -320201055 1422836477 -1646379121 1953934485 -464806422 -974393031 2137551385 -1364772168 205621857 636879062 1614293339 -592020066 -76134561 -2012012723 2145798747 1632713325 752880791 1154297527 
-465637273 2004425167 -1720457233 -494917764 -426329931 1612439037 1809528072 -377690848 -1538161019 -2023956653 -1471711598 1029642018 1396491761 -57846975 -488183424 -1426732868 -140353726 1921317048 371820844 586658348 -518103246 -959040060 -147482191 1355107015 -561157852 309748217 786424069 284955928 -417943399 1730390537 
141782391 -1596972158 1218929085 1331089799 567338565 206144135 1768634802 -1272325820 -1574004254 1910293459 472432128 310912113 1782926388 -1532560252 488962803 -1736512983 -1975576700 -1088975239 -661250601 1641682816 1267327299 2101979062 1391507849 832690627 117356385 335200211 
1221093814 -1580440088 1457738939 2116722800 499613378 1422275412 -2140865583 1799646988 1521915389 -1835340295 -41560366 -1988645804 -1881033044 1321173381 794275752 -2031882167 -576550721 -1727100971 -2063387718 -274196482 -155777343 1168487348 -423471696 -636905191 -1718869263 1229707293 1356907503 -469690242 -1794339470 470622529 575088249 
1505867359 -318020013 -149238863 1481069957 -493696475 2018743131 384540781 1855638416 -339365708 -520858121 1147135257 -889242529 1341630632 -1394916098 -796588768 -270716601 -1234359155 1801876268 1136805885 1563076312 -1704901092 1117143458 871952124 1115777242 1206408728 1848236674 -893914179 1836030173 -893680973 1249351095 1447823034 865520342 1714338271 
-696539676 -76391722 1032089106 -1007616114 849831166 50737204 -712710149 1548448476 648804492 -463137572 -1051729612 1704569887 -1374492706 -1145004183 1183616784 -990818744 -1674567958 1348532656 487570419 1721693847 -1575450973 -1153665050 379598489 629194139 386480360 -2021793577 -952689358 60699814 1800569391 1172145031 -1704653472 669618815 -509372808 
-833875133 1727463115 -1944844681 683843003 849469405 -1586543035 -451755769 2056171156 -435640474 -190652365 1889185560 -1562408085 552641214 -167014002 2092006061 -1951316915 -1379034466 1432583225 -1278933274 -767035765 1088073080 -987270121 716865829 1289414117 1241052472 -1477891695 -2040503996 
1773020 -324679098 -1926580364 634864002 -1445666922 -465352565 -1139732863 1730624417 -130394051 -1816264315 2060717048 -712473146 -1504376416 742494961 -1146252280 1429124570 -873071911 -1603954875 728410637 1507921286 -1535912684 1028286706 -555382485 -2087145347 837100060 314483951 -1546192007 -234738434 1686636892 1945782443 584780435 -2074782411 -1511158477 -2063068878 -327928628 -1983649413 -813024012 181381667 1569486714 
251426092 180040444 774355653 699220628 -1707923451 -547260852 177846016 -1239316498 1611312398 -1272255133 1088149949 968279698 -1815118094 1119609098 951254104 2098623758 -1408578870 1885937143 -1221729655 -671636711 1018348086 -1403736157 843248147 
-1678296740 1232480361 1539797579 855678978 116616722 -938674778 399083108 -788579466 1486674713 55956412 160106567 500411477 164041910 -274919766 -1335761269 1260890120 -199323162 2112785470 -768288623 -1693049508 -2037695021 51546407 1885971377 
1035350644 -1041669819 -1241415208 -435739191 832739974 -2094183680 -1266664107 33636380 -184702053 -1347455415 1785470154 415829014 1245629161 -829305940 1682630190 -460996212 -718256098 -618556762 -1355802471 973811451 

-1036520575 269583043 -767685591 1542583478 -1182208995 -1096487735 3089527 862867938 -629740843 665057646 1689267206 970681761 2115000624 -1300860990 -383616915 347012925 -1130003516 -1052190838 -1444871174 569183008 -1388765077 -68241530 
-1080414980 -1418234237 -1455484475 -25015035 1392216757 -2046745502 2009825343 1758972424 -83071493 1127893398 -1566152358 -520959688 -1419392126 943515570 -1294218834 -2130254873 1849705589 -1349016771 312155690 -1318091724 2051571481 466594647 -1799028994 
-1397997022 77386324 -770777757 2024271915 -149286426 1333293025 792190044 1331808914 1242256869 -1389927805 1644084297 -1453001585 -1303164073 2016144146 -449907327 1929242258 -1853068006 -868595682 -600408513 -2019138841 2006514168 992327620 -2086691677 
985231258 1398485277 -465652320 630788457 1777560435 -1230979488 -2025862438 172429581 -2141649403 235045387 619914056 -1701498490 -1881289957 -230555816 -226464404 -186376812 448525181 -1715941895 940102835 -76297634 605359883 -301934650 -1021169082 118856112 -680348075 

-1471275398 -249438946 -474007830 1229902101 -565424899 -1086666804 843754605 355450589 -1511077930 2121935119 1095024637 -1721840064 2025926298 -1427589403 -1872340047 1108124585 455834952 1455775892 -1921845236 1326942669 1510241532 -1338794552 1610150494 635289329 -1929777444 1745575218 1645644923 214892971 -1761188355 1728560061 -382684940 -301095393 -73446530 -91389330 1622630270 -761250474 2009127267 -688407987 887371839 
1706790340 -1917404487 1375688146 1243130658 1086599067 1237500709 -1750212318 -1990690850 -1575653033 -1463408202 1453004332 -1851948617 -1281609268 -249928706 674716868 -1297864999 -1339484696 -1257054781 1994253924 -1366055493 541566548 1584456334 -1332532496 
919796182 2124719731 245904751 -2114697035 -341366543 -639718270 1500045856 -1540416967 -1205199753 1396861660 834839079 1914818729 2063649112 -1867738431 512890788 658264852 -231711877 -1730652978 84966549 -38983773 600866429 -301765023 
679725473 -1408909522 -262400521 -1203390316 1081793210 1276858149 -196692549 679655474 468776185 -122534343 1468550877 -71695804 1399374810 1556321721 20857569 -840181813 918985446 -1457714179 -577519200 822927666 -642898288 -2096745048 1662575345 -925027204 -760736666 
1269639916 1422609726 -584878187 -1567031332 -609228141 1301282532 1510959269 -2091278579 1800897926 50446039 1469799833 -1982950399 -967550711 1450983365 1441609834 434931060 875826229 1450681943 322331980 -437599041 1017720509 -1110066413 2023814269 1572748141 
-481204987 1827952545 -1396693400 487802255 1496054114 -814828352 200355312 -1667477490 -575684036 1269991510 392718170 66128265 2107459129 1160412013 1804009427 1268763075 495854808 419615627 1657495764 130144502 1360650039 -424433665 762783197 -762238376 -1603095215 583346828 606254944 -931943259 1021143254 -2114848651 -701964543 1139276936 -1550209061 
-14908328 -2124917362 -1275314357 636990589 -1111243602 133419948 867623161 -944526638 -1627545389 972424656 1751045945 -511806647 918216934 269447506 404184891 -1474444752 -1132744764 -819262911 504486495 1208385393 -874433298 -1951567323 -1645871096 217949532 -1460392731 425870659 548846099 -596831703 -3878616 -1587940198 
618798095 -1561642055 561820785 790778279 1750438539 -1321419966 -665872414 -201687326 646076022 236102443 2050234493 2117238256 -1181796760 -1758053725 -1238730886 101106004 -1559211183 1106727945 593049530 1564308661 1333199047 -1496784848 850400917 1020555079 -790786122 1111716816 1162415631 694986601 -167311289 -444373194 833585060 353386489 832758786 -733151006 -221843429 
951448724 -1470096883 533169996 -92175308 1656658562 -497175926 876257351 992986911 -2032835479 977788063 239783723 1513278297 -1470267937 1916517621 -1812832968 947586123 
137200807 1352068658 -2043822087 -2033951608 -1442760762 -848829489 87819549 254501316 -83372333 -259433664 -1045168767 -1178303922 1653030870 -792028732 1942073748 -1198466473 1693432195 975365269 -957913485 1052956296 1782037656 -334581801 2128074064 1509848738 656507792 1981363303 -1867526205 6292595 
-1351573205 -813853637 1446452605 -573220427 -1169687551 2079757764 -433484567 1962734133 456399243 -2088457480 940720375 2106057520 -1358818259 -1721351409 -1153108166 709491774 1555305178 1878362888 -768499401 -302656017 -2048189710 -1881331421 -1929863451 356035872 -1607113612 -917288625 

-1828810316 -373017792 1327438909 -233805173 1787841750 974291882 1726217697 -1832981862 -358049458 -409788525 -965383228 653009031 1155717193 917881531 242388627 -480968547 -1748074762 -466457316 1324086026 -1677981092 -1418136531 -1220856012 -660632205 1712198048 
1582625240 1262006682 1157387037 1031313436 1458470253 -477750118 1811499359 460599951 -229281411 849162943 -1663722757 510232708 -1088889653 1652628049 -662980748 1019208094 1951303113 1345832910 -1498136497 1469124909 -2101599231 -1509326441 601945315 
-1070757455 -1761604877 1246228977 550661687 -2012161590 -1780946198 -792003084 1119870138 1721661115 1788702179 1181099012 1940549938 251328911 48047397 -1383202107 751907859 1792448933 -734054003 -461389457 310766067 155267704 -1975420335 
-574941763 1811328224 -488013194 -339788685 633437754 2140323334 1538533402 -1822566642 -1693201766 517793627 -1532466746 -714627845 428907661 1610135155 -1794866997 -1333892003 652571396 -380441124 102961951 807435129 -1930012873 1638488891 1073247046 1870908279 1194674257 -1246697530 596515321 -603658851 

1662932071 1910779478 1380384606 1335338033 11138248 2078819566 1814033424 -1333144872 -1345644951 -391584280 -1060414430 2076199048 305343725 2081878818 397890951 -1264516955 652324415 -627939413 -436031682 1499287518 -1783484076 2075665017 -816035200 -1904120406 -160489320 -1210856503 1409640556 282494843 
-1893428766 -1647553789 1122951222 738171711 -1429639034 -1135485318 -546369080 -167233592 571720891 1603438507 -1634449217 396371183 1320025154 2048038335 753264898 490070797 -1689583482 481088124 -759861971 -1983036366 -1820356737 -193108546 -818629543 2022572339 2065047920 1053466394 
1772127579 148573956 1879449159 1478841829 271086461 -1853331308 847937811 -432963754 908044879 1438830563 1313992518 1477954364 -760968676 1353292097 1419567378 1774188412 2123801131 1992335323 -1817951128 -1628859920 -1734448925 1299508523 -1845125034 -2042408053 1752788179 -331572004 125813727 -1896093064 
-1678523296 -812164376 -181033020 1983572399 1345194640 2141846321 1631739535 -1028374506 357338943 26572516 2044566867 1952606010 1772858526 -1488586607 233477500 1520447052 1081811650 -729442621 1237985050 1553841984 2120760711 752906566 300590675 750740286 1779210473 
-1147038573 -1625933768 941640923 -580416345 -1592233784 -987033767 1433310572 1442497247 -1246188344 -1980340570 -2098646974 -1703059048 666276255 161393476 2141970561 -1682778207 298621933 -1633799509 -504417309 169120497 1427048209 -2029359220 2008050066 669088907 -77369144 -570251559 -761948532 -15916828 664116683 1759673228 1075276003 -256407083 576197680 41608983 -1790665157 -1333557898 
-1542619614 358563413 -284280969 228095924 -1053580210 -1216248208 910115817 1435691355 1040105797 1462470271 239481470 -815481173 -598093692 706256149 554705090 1969531315 22796436 
2102303529 363027075 718460712 -745412279 -846069516 472370303 -1575053058 1702928268 120835104 -572465314 -1031302226 1186368044 650021148 -477735177 -712860500 -856325975 -1930344831 -1784277227 585183801 -577339773 -305821186 -628459636 -296674006 -123712353 -1238307730 
-658104324 1302725030 -1169164100 -584649762 1983874832 -574575703 541897953 1012694207 111355661 -2012657028 1018245107 313140796 314916475 -325265611 -172564579 653211540 -638536833 2042121144 1147610487 -46457589 -542470978 534615871 -1836999798 -1425062948 -1857177253 266422803 1325783306 1895325626 1884660016 751458364 885166900 
1506843518 -1385088114 1130797231 -1506615638 -1594663590 1188276591 -1661344043 -1190268337 -1832686243 1726169035 -709903336 1367133058 1818583652 1621713839 -1161757342 -198422929 -2102396706 -2105812570 1405783992 -1498817927 -1554300206 1719622241 -1629309445 1776550822 1352825767 421724783 869185143 
579265852 -1525072002 -1597810412 1083388350 1635823926 2108159206 1015688268 -1397439736 -1417592720 12170897 1016664838 -1189079535 67253078 -438370371 534406979 -49038738 2123753483 -1899460614 -1112256721 80696097 52277162 1136530412 -1869545914 829848767 -832651083 
-790839788 -1292496316 1791477234 1132083140 -1867425851 419702977 523972152 -1958145073 1114824619 -454578954 1578376391 668173960 544336243 457846931 892273668 -482412773 -1400251164 1047284971 437488426 1709985372 -558305203 -1870873913 -145246158 -968026950 2076484583 -1589342839 1961433907 -1048943574 -1456469841 -577596765 2006805280 621787161 -1894645661 
-1321400591 1656493948 -1535718260 1505844435 1548333201 -515493505 -1393524944 -216183154 1646410195 1826326835 1333495403 -1213649528 -874804494 964039663 2105448344 -2062972172 -1110188273 -266919875 1209610746 803938387 -629816280 -886776073 -1318308442 -2059846952 -384742880 1306432025 -1102146429 -401796406 1571881610 1362891337 -1661288194 
-1188788806 -421953003 1543143094 -578048577 2017012386 -1652524635 -707847988 1390385048 -645920963 -76005219 1190138207 1626008382 1546251768 1246969330 1772027946 1475071370 -1338610483 -644182828 -882758732 1300897792 -192836676 1415722048 1264387192 1828768462 
2012628200 -184261776 587271558 1764560483 -999354665 -547064082 -765699208 -31743401 -984184527 1874993163 1104893948 -560735557 1908584023 -81546485 1957093584 344014550 2144591719 401511063 153238869 -2077248995 
-271310107 -1632960457 -1935335309 -1588254244 925363570 -714535219 -458061892 1696501498 668751512 -1593168459 382525261 -1792691305 1874718761 -1206639309 
-520831321 2140757405 1671717006 266789069 2080863091 -2143926617 1464164233 -1871160248 -1494845685 658356099 -1179860190 1364645911 -1581093651 1720898178 -1331361265 -1646029398 -195132496 484272896 -1137875096 -205806494 -455343623 171329977 
-1395554315 1717582205 383679051 951976414 -1231962386 -342159041 1490936535 751654372 -733541277 1042120123 -1484588538 2003941361 -682474506 1152262150 -1590179638 836788196 455804141 1562563488 1189427433 1421122669 -1102214216 -123743879 -26461164 426654264 
-1202372199 -1553386613 1610583009 -1560839141 167957611 -1288271568 -1251904648 37856746 1573156828 1421020180 157745700 2038586524 -1471138569 -924730215 -884454589 1116430521 -12673583 649978182 -194237025 1717112152 -510233430 -1981422098 751506280 -1400134222 
1780513733 -173584882 -101412504 -867483312 1331973989 1772143078 -1149850834 -1001150010 -1885504105 1402929428 1025499356 953866682 839601931 648022192 1754240684 -2098551228 -1997411874 -230657445 201950492 -1998478166 -490716135 1032071630 2026182046 -1033948319 189404371 -1792184082 -1623617980 -434046139 1915309769 

1978239519 1215582748 -1785735473 929019043 -691764913 -1734942303 52792414 -579117856 1171400974 1819140293 -1649154912 1863327910 -1995695606 -1427364251 2116572039 -1500951087 491345443 -680606501 -420496498 560793597 -433221817 592564671 -19394676 90613577 
1765528092 -1061163253 -193102367 1275680615 353950194 638551219 1983114895 1551888122 1103005190 1689111000 1815380388 -964337669 -1070834749 1355156127 -488471706 306855671 1161619147 1539946936 1081739960 1268452673 -1661388172 
469033855 531518732 1978458843 390747769 841454248 1323582983 -1725125930 -847283155 -970164834 -1928198817 -561630191 1460633456 470377964 689592061 -283600489 -193244190 -880839662 -637607953 -957485031 -1500653055 564852284 616254139 -1428999105 -1348613566 -335181798 -884570803 1108845702 -1993078039 -534782808 -564800580 -1140237154 -339043563 -1937716516 -1538065169 -965349447 1971053568 158661330 314215363 885900538 817199482 -864533630 -1089064767 -117318040 
1921852100 579384180 288580607 1175622823 -1837586100 89764691 -195326010 -758659364 2006742 -1723164578 275364003 -1888373191 1895746176 -2039197456 -1327171921 907760252 -737204113 844473334 1594181825 -947541759 -1906698052 1239319719 -151117641 -891963492 779194917 -115989300 -1068641604 1750401892 
1315104655 244894097 393178998 -1019295279 570705530 1374551380 1146732238 965885035 590827064 -1132480204 -1610978403 -41660621 877626559 -1979135896 -1835841150 1219647109 1131840319 920573432 -657813583 -807383759 635702067 1154633053 -325125155 488372502 -934203492 
-894000380 763586289 -1345233674 -2005669845 1933602622 653024819 -1125050861 986253982 906493473 165067658 -821675052 96440134 358871513 1937496133 1697973608 1757032384 -575282106 80521228 -1159779150 -544131976 -487533223 581134435 -1370395823 327621332 668009060 -1322829536 94800062 1044435668 464564832 1826351212 
876323656 -1417490207 408808979 210498385 48462179 1484400773 756123675 -270446995 -1078167284 -730759462 1055414011 1381851164 -1436049760 1547636615 -1908261967 -928005678 1553772546 -524627540 -1149918550 -361881149 -939876689 
1180703337 814697816 455574249 -1095224889 -903357287 -1582795020 1190658564 -1211802651 -2098857217 636592373 1734441978 -700879923 1883611459 1227293925 -931082620 299790742 1176794033 -1409189112 1140767383 2038406107 231191627 714528424 697746148 -778408256 
192028820 -1648418639 -201531638 -1720612501 -410816995 -1061194670 -2020645421 -1216246854 -1950443634 1793326031 -707201173 -1958820914 819923362 -2052709340 -659468947 -552788599 -880782634 397249650 -653548598 -1865320468 47041749 -1951097342 -2089511877 
-1014090850 -1800031175 1951691331 -30947238 -277686978 196301620 1664943923 -708666206 971006503 -823027742 -1348351094 1696991039 -1838933753 1338548516 -185809063 1314891006 919176482 -1397841843 -1537993538 -1800995553 1835932503 -354671467 -1174368200 
99122997 -1809237730 -1839009014 -985226059 1949744875 -1851177253 1166476504 1129018530 135114511 1767528818 -250761791 1485631644 -354781006 754992246 -1724770609 1348660937 418820398 
-177775415 188309294 -973862639 846434452 2066703463 -276574917 -796784374 905374763 -1946900598 -1062449854 429646960 -1212094152 88223119 51483522 116770880 469653146 1879208078 172052988 2140858792 -838235176 1792134670 -2006014526 -1255914952 1097868613 166207733 -995950350 1776139460 -1799762056 1451626219 
1878113314 -1669260233 -62318115 1881881625 -974987680 1169460968 746408149 765116222 -1580419936 -486484973 12573708 -854341728 -14205197 583079853 -1063260564 -2140426277 -1890650002 -455249947 -3622428 -987727571 -1729545313 1899375284 -121676009 1078549389 -1251111791 
-960638152 -265830598 -1531153408 -1921180168 161205654 504866088 1159212804 -706074821 -1416452870 2012879055 -975690543 1121897392 76065142 -1628147269 -1149506011 1035197778 -910585371 -1977230 1346916536 167582272 -2063298683 -1575933079 -1433250319 -396690245 
-1153794986 876400464 839666542 922535956 2089022061 183622435 -562189809 -1313717211 1294919190 470939572 -287453991 -1154600804 -1682937374 -1484851724 725775066 267860901 -1029237871 2023631339 

-1330881434 -961596372 393125414 1047376453 699996545 35404357 -140648639 -743773807 -723093820 -51162205 -1512804196 -583020551 1184279334 -150124438 281908868 2115555437 212988718 883717011 453084242 333662021 969793522 1946864539 1836596090 -1018694475 
141971873 -1865586566 1510684656 -1019378049 -1026904004 695406623 1618253339 -1052251810 -1856357753 -39753934 -496024842 -1020576109 -733292572 -157976667 -837667384 -1460015828 -443100657 -1036966040 515785346 -339810951 819210941 375962605 749131359 -1534174633 650291854 
-479136229 -1116739441 -53993048 -687054957 1346295053 -1915311832 1174972248 -1418336331 -1947160707 -921440631 1978542875 -2089644556 -1865435755 1189720854 716326583 267012771 -2012737481 -380607119 -1327063593 -79820700 -1053448183 -2034227544 1940407643 
-210180428 733581851 845194521 1989370682 -899469198 179646631 -1472734195 -823384638 1796654889 -1530567834 755370532 -686714155 -1660872867 -144078674 1477773275 262312256 1395908978 -794383283 1293723901 1141023658 1656327254 154225230 -1245732487 -1083555708 -711114149 

729103330 -515482804 -879042706 -122284912 1903405217 1852326582 -1510723373 -1438344756 1374002482 
-1570926254 -633447947 760938424 -1919313335 1919274950 -12056994 -737167091 -572441306 1839362040 397878346 -1897184754 -1387019190 1289623463 -60944494 -586059441 443611592 1624495379 -867325691 -1667296616 1896356701 1443625225 888745919 -540154216 687094204 -2086240626 -1186036913 -1611751560 -1073691649 -256624824 -454390961 -43211107 -1226971089 1716276204 2009508811 -1441555475 -281672221 -1013232108 707342328 989478060 1349660498 -1594000583 1065401321 -268196307 852350249 1745793766 -60354649 572211843 -1304557701 
-323619238 1871503108 90476527 -576028499 1456664031 1108246377 -338484876 943962554 -1583827694 1356694154 1161675017 1134747850 -183990827 969994312 1849707481 -1357571056 -1012183168 1388526513 224927834 1279104406 -2099606678 1798431259 -2140145487 1482053097 1792756219 1884348007 1342059637 -452351073 1443350824 1941391150 162247588 -379387636 1065350806 -2064461059 1682906540 -1947279949 983113235 1370087363 2078414955 -1475363795 -120992844 365120195 -283768220 453934969 207015543 1083159845 185435741 -1899921018 1188189884 2086987601 804813002 -653235795 -1680920012 -691420873 -1917193727 -1906961853 
1446888151 1869502767 9203536 -1846221463 -1174392489 -687858457 -1794322712 -1718220831 664861275 -1682888651 1466554879 633709096 -705313804 323304990 -185594710 590055319 1226655971 1625600717 805854064 -1950309951 -269499001 -753156129 -1488790537 475488626 484731789 -880778899 1315660080 -1042948211 -975142755 1757902939 -1355669181 1339959431 -1147759517 -1798398498 1944000975 -2121103531 89577323 93626417 1679438929 703063451 -1381206159 1233281725 1078449227 
