-759481661 234828068 -946460566 1030363404 1509096360 -167514725 1000522712 -604588441 -1380686758 -2046938181 
1348397372 1884554576 -684986152 -1661175048 904525358 429360651 926251149 1380191030 394631546 -2144835286 -1918770892 
-851517619 2078918081 -600683059 1182463803 1023105913 1568381983 -624412643 -296033013 60480351 -1510090199 -668175469 -2080027885 -1361195834 314654841 -1596692514 -2083765671 -1916455754 -592209946 721172197 1361825993 1195089935 1025842116 
1026063090 548046615 -433679611 -621065957 202832410 -810134297 795178471 -964127813 -1449925890 -1910437761 -1923487158 1118372508 -558668137 -1118852346 1709247571 -1437836466 1279973896 -1738247239 -1167905766 679809382 -1921491734 -1092362817 -1592473167 952514247 



-1899348582 -2066712648 -1846994252 1668254974 1651748198 1748668323 -195925910 -228427174 -332974760 1896089310 -1812204069 1482175923 -1091458569 -1000251423 359380234 1314069626 973449980 -693261854 -1758301241 -1290982573 806388194 1672903660 -63247055 -1695676422 
1554956867 1945741569 -148344960 -1172184750 1579715828 -56160419 -1731638832 136154779 1812042224 617901594 -1817746038 -1301231439 1046738999 2087849848 -2013458250 -696004122 -1942468075 -848116175 -586903657 351902194 -1088418184 -41777333 33124869 -1741404342 1656480869 
1389527325 1904044782 807275626 -521052741 2033376385 -1197841067 1780757335 478125155 -1037766289 -1097000174 729754964 -815432097 856365280 -4846355 263550254 1889482670 878010519 -1326143806 1274896502 366746691 -875806305 1678662353 
-470022401 -415666310 -1356998670 -1146098738 -1013134839 2115054664 -1562723201 -920902216 -1499343629 -239043539 1096528351 1758576279 1330664519 2134026208 -1395012545 1092487349 1149871453 255544296 -594114562 840974230 1659712781 1704676059 780808778 370506024 -560744110 

1278264003 -102051360 -1710456149 -1446430300 -2071127857 -616711183 -442813117 2066092674 -348691476 -322236117 1528754725 818250210 -729503500 -1368262669 1152760852 22686867 -396152241 -498562936 196227409 -1530419351 1509962532 2019805679 471574656 1458710275 1460417708 -271168079 
-1022941386 -1360817667 -1848399970 2108589593 -796146550 -1132994938 1319547922 1085830331 603694452 -1648879072 -379316693 -1169720352 1445247394 -853064234 950563258 1704005749 -1326577636 968873267 -94058722 1349068671 -2132343073 
-628730206 -692863662 96313839 1939320264 -661096369 -621869868 1816060402 1070223101 -1244873813 1166205393 -1233774863 -756566370 -2122096342 1410319781 1835290609 -217002851 1534915986 -1773257426 -2015346825 -399936659 1000326887 975454479 2005469204 -1178444449 1607520221 1436949415 -326550029 -1006698228 1822569603 1939879445 
-1546894373 1702460050 1826356967 2080074931 -67705183 -621096342 -2062925034 1947664040 -325017236 -1091820415 -1652187817 -783261925 -1253878065 1088567964 353960235 312638863 -1773418613 -388358691 45855498 -1026850187 -755731238 1893892267 -871777885 -1409226509 1179811535 -95710301 
713177994 103238916 -176055509 541270262 -783318789 1912889771 878993148 1548306467 314536168 741839689 1715040249 6192373 1574519659 -1557315388 -543678737 309889245 -1947729944 1895815252 2021217289 1676377757 2040418645 646591755 2064328928 -649792572 -1309895354 -1391236388 -1687577548 1927429638 1207272329 -1321767215 -717858844 
-276682021 -871685163 1228547792 -2102449639 -142266806 1534659179 739720659 -712416902 1957647478 -1771721218 2056473494 1757780639 -698798078 544780225 -1986139174 -870327384 -2142885829 -1300215292 -625930953 1374884459 -233394641 -1958970938 -1664424768 -1214199100 2042648935 -1106672001 -1536835157 1661500306 -1814234216 -577078621 -878105626 1436269643 -1002692285 
1502430104 2067674714 -748710584 1865633084 -2053079708 -1460580870 1240755373 -2081743319 989215886 -1461617894 -1110889652 10464798 -850099853 -1717156480 -365954896 515166620 1107177098 684837070 408778016 1423931082 1372461955 -1396169080 1102378136 481754494 1727021037 -1337518064 1734356523 1040851399 -30806979 -1267351763 -1269809267 948801839 1180598883 
488526178 1403730901 -1691802520 -1793470861 -2129158578 1016165404 -1030946869 -22190689 1545006559 693175040 -1643222647 -1441544943 -663846700 -1546643126 -178813924 244728993 -472356067 1734928546 -361496924 1231106090 1671368467 971761028 2105093804 -435944387 1467668064 -164104642 11401420 
1955653987 1486138783 -2095451624 1089659579 -454369101 -1064652520 1294425661 -1518744666 118321699 341172317 173118446 1725949149 -1778517848 365173965 -834970036 -541853554 -1931852682 891558757 120151296 -1164021701 224684696 1895662491 -520362007 -1275146677 330901049 75520663 -835195589 -920186913 1976551621 1811756550 -486445332 -39601776 87724570 711960196 323589674 -2105889049 9865647 -1724722404 -661134069 
-1556488674 -1501932369 -1265081495 -587407584 -1135377396 -1615621039 -225476385 -467033642 -321202110 -259343745 1964214068 -1449634869 -1367273367 718119194 1710620629 -278633628 -252646557 315665304 -1643487573 -1389663867 1687837663 -760728548 1543326397 
-1656066388 -471357565 382848297 1216113416 1095512473 737125186 278909243 855610769 -1868458901 -1773580440 -885552438 1170601582 -1761319510 937835045 -1844164470 766467057 1316134582 -1810665737 1376312913 885145271 2076130841 304613090 -102625207 
1101863328 -2004200960 659282753 1817967536 1419963389 -1974815981 -279928372 -1269994491 -2015954721 1747915776 -148842618 -469539929 -120138178 1899857780 -1409100217 -2080298773 -850589267 -2055478636 471698024 1106693330 

-761663430 273955523 160380816 -519900742 -379342657 -1810611002 1228804845 1450909619 2114511758 244822959 -1130949835 -1128335516 167668299 1914785906 418090822 -162881036 -506363908 861809793 55904366 -1064479115 487391438 852213694 
-1540660702 -1237312125 -103104422 1014606135 -998939211 -1504498720 -618345238 -240966431 1233884836 1564872635 -1770098728 606442889 -1431821826 -585040739 -1133485303 -1197089389 -258657685 982311384 1932341355 -914034417 1280788615 1173401972 1315955310 
-2032483948 634409176 -1941336115 -929491535 -1228660363 841645918 1994749233 -163386804 -1850793985 581072686 -1451325468 666778610 1345282398 2051189497 -1649505795 678927569 797591318 865187678 -1349406964 -60431128 265323325 -380137121 -873435019 
-2070466526 1984556429 -155777489 179339395 -1896092885 -1855607987 1981869043 852813444 267105537 2090322252 -1687612120 1313147216 -1093514085 448989286 -1095395599 -1792743524 3611646 1498156910 -1553337540 2029853391 -148159718 -51257298 1657427411 26094973 609722960 

1884103061 -1524516752 -299469345 312834662 -1566688137 -252005530 -1191832407 -32396151 1486895534 900716024 610348776 -102569542 1621496846 -259694477 -17028509 226127437 -1415880799 1893536116 1206576866 -880454702 635128088 -1809411972 1963886572 -1547910159 1500233235 -1942426024 -721135633 1155141523 -146088537 -839247108 -1968105504 -802006497 -1285405000 -2115306322 2100531875 -204539182 -1097147019 -812682178 2145073376 
-1609882233 951575005 654557718 -2140868298 1946885634 1347544621 2090422834 1888250680 -167972153 1455167586 -262794505 19672805 -1706821918 -1206301979 -102527515 -486887829 -1263143719 -1180720200 1076050321 -1045928811 -97862688 -917729730 1299712137 
1543267380 -737502587 2135754122 1445206902 617389669 -1534415306 -1436051617 -132225815 -1886395415 1041943466 -1711197669 -491191862 1175377393 1416788644 -1842977595 -1952540458 -576546319 -18444729 -191459649 -850769978 2009031620 -2088534572 
895975492 -2072897016 -310805564 1712159213 1991473233 -182203258 2123067948 113224529 1965275638 416039196 1683841674 934446068 -615553085 -1823122424 1860926355 -428776803 -1274241159 1109709660 -429082624 -289555666 1749007288 1801563393 662739154 486943062 -609989191 
28197988 -894121872 1610002521 -104931711 667306361 27425956 -906568967 -2132778627 -1017004027 771007044 -1028581079 -2128664498 380002315 2006951545 790052595 -928403734 -829735865 1504416862 1090881202 169628326 -98414987 779258548 2145820695 -1530190035 
-436287093 -950730120 -1227832151 -1770232273 -953827068 116201834 599543116 -1037962032 -1788706655 1643400924 871583877 -1544351771 -55097641 -1734563070 -1930915771 153116893 741708424 173114598 730549463 -59177263 -1257120641 -1092038058 807785022 -503961548 310346894 -863341623 -148738704 -2054592321 -1324086012 -1355904694 2029155616 -2047903948 -162463076 
-1478972883 2047513815 519521367 1707954867 1692006263 -793894954 -2015554828 1283512674 1135572961 1046649497 1179439696 -2093697000 247510530 -275467138 1704461363 -1035050843 1871910427 1518170435 535265236 -2108561994 -1891701756 -1209005709 1693550294 -1999376430 -716455708 -895134603 -1153364430 -2006770647 249073765 -853842686 
916633875 -697113595 -682211824 -1334466459 -468074865 1405768671 392274449 -248383961 -636679581 -1784419771 800315882 373627919 -1770795702 -154486342 -1410425846 -175970315 81642536 -69945985 -2055474320 1784264298 932403309 -614388654 1477415077 -1289457495 -504984039 -1371704330 -640588334 -488525560 175398123 -356417973 1058548683 306230973 1388134965 769166606 1595735751 
1625975781 -228033043 -1170036017 -898257688 -1611321255 -742590 2128977839 128983113 902802906 2060394718 1321448792 -1269443760 -1814011943 1811949159 1671611884 -617581796 
1675432067 1192862530 1590910121 -769622719 1874184184 -317417605 220552787 -328252980 -1877193395 -2104673683 -81487000 814037176 -1804327607 -359114098 -662910221 -1685146579 -527893585 -1552587134 739915483 -920632567 1108761991 -84652452 -1987515138 -1433001683 1864726147 -642253593 1651676784 1475822446 
2010771211 -2032683021 2016310026 -1931970963 -810979768 -855787587 -1872821420 -1655631857 343192438 1732342042 1339228553 1137545670 1657094348 -488608355 1603233695 -1498805558 1725169757 -1948239346 1414212317 239197877 -684500826 567388663 1073529066 -1882802879 423554139 396083810 

-1700516252 687655609 1175586642 -374665106 -92491650 -1960370715 32895570 -1990657023 1198746292 -499022849 -851483191 656084271 157793690 -413346253 -307613936 2001442250 -1349121236 1271568188 1739717691 1532973241 953952939 889542501 -379237775 459687551 
730461521 -383541602 151477063 -838875656 -144171782 -1486157672 -356673947 1874622329 -1999975521 -763217897 -1362940947 -2105864681 1327753240 1208943256 -160533726 -504984057 1205668315 -427763285 788035071 404196979 -1232603099 -1684211422 246483634 
-1262763104 1089489029 -816005661 156712740 -1907742518 -947468299 -452190695 1139636923 -868138 -599524517 -761679793 1691921476 73753111 1924527619 1240354492 1000341975 -579125181 -961051644 -1674729341 -1316804627 -276677035 1938850627 
-1188036596 1653273048 -1130170014 -298824693 2023049492 453044445 -304789622 -1575272724 -1681212879 -930066377 56064072 -1665154951 -1149991355 369303450 1390537418 1031169280 86761925 1439476812 504824706 -1129121284 1654953857 -676676590 -1002600203 1915094373 1330794436 -1580398744 -547187860 -1426709092 

1607564067 1936874072 -1026245598 773535091 -857438354 922389891 -1748834999 -2139752761 1426674908 -1320027743 -924542040 -876095163 -2118045903 1972707510 -1615684969 1718138879 -86068899 1796671320 -1189454760 1019723825 -1597210458 -1697156467 620721320 1554597232 -654231488 1697307545 -1215662728 602400878 
-470033754 -1440842060 -311143728 -728904818 1953313382 608288645 695364779 -1114168314 -1310568659 388887333 1759437499 -1511757258 -1735064958 917215080 -2064239350 -1928774743 1782531275 434935621 -591291225 788496596 -349822978 -985548818 -833885490 -2087252617 559035088 -2060376659 
-1404738269 -470035749 -1941216609 86654705 470263392 -1088080652 -2014009510 -746891377 -1086587378 749389362 529499461 1357668046 1081667098 194773223 -1128491756 -575573063 -750415626 868868715 1002452056 1150193287 -1035148119 179942897 1219089824 1497227826 309024913 896717269 -361384898 901331830 
-1561989044 1154077422 -1742754722 -869956298 -1564396948 -303268995 -1843436022 -971521296 219929292 1812689260 -684908507 519148584 48264482 88639414 1605903135 460438511 -346704613 -875569860 912649376 1434903293 -280124307 -1216989590 126104564 2117500873 -1875909991 
865890478 1137548868 1095005616 1025205335 -2085255210 2121964178 -1133182572 287339122 -1378271701 832035638 805502728 -1906550347 1637067334 540815155 -1267054577 -1362413847 -120184608 -1698768463 -1261415421 87441300 -723796018 -1883627839 -678448684 -1426597789 137446931 -1817031006 -1468023351 581416176 1025828032 -2098323826 1251204372 945593679 -874004416 -1683930988 1768525801 -833380492 
-387411636 -1807347195 -2023241675 -995211634 429636039 1361068834 854882839 484654132 -951417789 648371618 124414755 -1180111001 -606552615 -1557260420 516014848 -892252718 251416325 
1662875410 -1938004778 -167616249 -1704905107 -1780933283 43444723 -1984924260 -739823394 1505795261 323351866 -1418153402 97438074 -1744349634 -413221375 775853235 1350914031 1496290786 1455002789 57601835 1880053208 -702373713 1188799767 -2049492196 -1693130919 -1564136220 
302815388 -406215766 42504966 -341046134 -1763365319 437721279 -1710269338 -1149148347 -610255446 -1845626186 300751671 -738782663 -364176796 1908574729 1317936489 -1139409493 -2003510668 243544322 655075936 9450499 -1732803936 1849771722 -158920428 750161612 -2046703127 -1222590197 857956706 168770723 -265651356 1027660750 470504229 
730762859 2047550831 -1028311561 -309914169 -2040995930 -337060724 -162481233 1643193801 -687974853 -867168221 1837830895 -2020021950 764438144 -839358311 1686684858 -1047247554 922891454 1785434948 -380941848 -1150716896 -1657001982 1099140783 -1400031927 -124412039 728024865 981540948 940764016 
-1199382530 -1218538660 1572719529 2004978521 415570594 916389202 856691057 1381540424 -1716815447 -779780080 2049195297 196917003 -2019609033 1468513195 -58257654 2073293546 -576130380 -1508734614 1177723380 1146077827 1040712341 -2043356299 1448206057 1977120341 -733074617 
1077772214 -1541169 -1464704209 -1003573191 -760217787 911978270 1490499957 274595908 -376193701 -172566227 -31076598 952253979 -1772050371 -1086362147 754478632 -1240654797 1979052247 -1179529893 -1935604927 -1377684982 -1555151009 -1230989894 259956619 -315881364 693532519 -1927342978 -111652557 1232435563 -560252014 442909456 -1863944535 -716908656 -658887212 
-1799609715 154236465 -506433159 1037844189 -791494898 854875948 422883241 -700581108 1465220754 -709422049 1121277537 -1322489605 884005574 1747067026 -1492313137 -1373444582 -511108519 -10662743 -487055383 505525285 1813146356 979288197 541422200 -1188922612 -1429300966 808004571 -1831836757 839006196 223888236 -883799261 1300715113 
244205310 18769614 -770872085 -1658643210 2078119075 -1820392895 882355344 1084232050 1861953749 1372726220 881714151 -527581180 -244601064 -2014702255 -358700759 -698304729 1450970901 530108868 2105314148 -1489112133 -1143803126 354862675 -1456994935 -109650988 
-2085859237 -694696608 -1461644639 1683896422 -340245062 -345891745 479021832 1586011865 -418538062 -116186765 -1940006552 170073186 2117747922 -58026110 -280536625 1897717943 477720437 1345837976 1252248330 1587651917 
-289764866 -1688706543 -1620821509 -803540882 1185543902 -438261138 -473470100 -1864755030 1805002739 -172623868 -2082498659 132804861 1662718256 -1922004088 
-1752637481 1386228315 -1506830630 -1203578735 -1240530743 796818931 -221907582 -1424203736 -1629426190 -414508490 552381779 -437600117 664031916 -1395309720 578373374 -1170326265 1516589918 -363348887 -804668922 -1815404288 159922348 -1397295141 
1943017898 -863273252 1935016158 208016016 -597398316 1189144435 -842097031 -927147658 1175009914 -582441743 -1788524636 -1472390966 1503657441 641234624 2009544290 -303317887 -2076117847 1557417349 1468869814 -591523919 -884647713 295320311 -1513335585 -714419920 
751804436 -903648522 -1568403929 -873367540 1723903868 -236103002 -1187945997 1210169868 1540281866 -1995894239 1671558299 -1164407044 442376618 1170902981 -961288799 -179887936 17212004 1701001162 -1555487672 250322527 -2086083432 33136480 -2054159882 -617996704 
1875256195 1552347331 639878176 -1737430241 701300311 1523778130 1202436862 549490947 -2056788226 1468412091 -1731688482 504702227 -2099292769 -255855205 562669491 -976993444 965041177 2049473629 -443002346 -353404884 -2060660400 659711238 -856294519 -1100427011 152740889 -1951326403 -1125692959 -178523698 -940350093 

598728731 2107622924 -420192429 -736298826 -942887368 -2017306677 1196756351 -2128194908 206074196 -753935915 -1161493919 1933949090 390062435 -169588096 -2110290404 2121023 -1458330586 1336952618 -510821782 -2112631996 1227995043 397138456 -1285945908 -1620766424 
1892557559 1087722551 1959912069 -1757030683 1730850060 2099551028 841098760 -1982580645 1693564030 -805628139 1458573325 1817102691 -1490827963 594874679 -343811775 435184601 -614386537 162045995 339487876 1116160375 -801216971 
306449198 1376141584 203101540 2047016630 44806269 -1912849949 723334974 536859136 1793503465 618817873 921218453 902034515 -392298702 508350357 -1258009238 -550906651 1399451414 1671420375 -17969851 465324567 -1226386892 -80220663 -362232444 -561341648 -1748458726 257888385 1168652298 141639263 2108349102 1586060146 1969682801 90060414 333535935 -841899458 627401452 913075326 -1537489145 1596547596 973700726 -199550039 -117669318 492324848 1716027403 
-1163645551 1440340001 2013815102 -1311804968 2143559803 -906618499 -1930525593 986844632 -1704087431 1348084437 1877305843 -616695621 1931063953 2036088678 1439600839 2089487057 603185203 -1484648933 -1267105356 -1640116884 -1807457376 1830086235 -940135515 1404432598 -1754521776 -1553238977 1121038365 474441953 
1725090210 1264356986 905594448 -282681327 -58490311 -880630132 -438171679 -2120208534 -2094746666 1563432145 1875454922 -1281054782 884918679 1483767579 -342155359 -1825997075 -1516396294 41128432 1733718473 343425654 -121253107 -1132300087 1879895802 1652880825 -919037064 
745031665 1296633398 419815441 1943411067 -1371337787 90174618 1217309393 -1168687365 323190270 1327522749 1838698445 -1646975643 624145046 -827362776 -2072992881 -1880739760 1677245625 594979765 -1078139544 1237142557 81492750 453929914 -1546640694 1647381825 -209134935 -1135938012 282288417 459214175 -962904065 759256927 
651696799 1744766986 -1654119462 -897767583 -1682758629 1018186394 1325015876 603379014 -1457397041 1540611293 1389202605 954582543 -460863523 -1205579054 1063012900 -444005168 918454670 -1402149981 -1996683904 1756595784 -1941458392 
-758795514 -2125128400 -1986931095 1524807966 -2066309998 618585715 -1007117728 -1956246577 -1643328500 2097681015 -103020626 -470326025 699567885 -1166657493 781327977 -1985863409 1051485823 1749650231 1803217627 1326479579 -2104942019 1997044582 -120408025 588678972 
315549226 1618037259 -535603808 1259127691 -415196613 1426575622 983295710 216640978 -142773067 -1928229723 379497497 -908072366 1930634825 1225971392 -389143219 910298076 1781251265 1577299514 842243560 -1530318520 798914230 -275039896 -1975797634 
878712528 681700715 326982632 -459477026 -294069194 1676066136 -486172238 747035709 -2097205185 1052694376 589267206 432638308 -1402612705 879151468 1247028862 479573472 1684077933 650948442 -1187953715 -127974160 -690603190 -1970830607 1622049630 
-242853210 1990415900 -1100884001 -1988537123 -1963311956 761029622 -350701143 -1369908943 -1404271188 1715777821 1460154844 1600580287 -1931261181 -1547027933 2091206180 1810607160 157473295 
2146929338 388268356 1635606468 -1538830243 -371362416 -4428282 283047279 -1522885345 1176992711 886596192 -936179249 -885462060 -702140899 -460672466 1589263567 1062368238 -1731071407 1373134962 -591978443 -939033831 1256861978 -94639210 1383843866 991932153 1888776258 1685090726 1884219267 1555340009 -2113486391 
1860205865 1174992628 2033366784 -1475183306 657501586 -1589829917 1150463921 -1961702757 -196079585 867774746 -968763364 -787172478 -33783216 -1369056942 777379550 759434590 -289163154 2119091257 1761850072 -1660672725 -1669987958 -819983883 -1608359910 1289241926 2053187301 
-672277401 -888985982 -224239546 2130685713 -2132336687 442585286 1778745342 -181326868 -488291778 -740849256 1696725862 1959678890 -2132881925 -580511537 -843938374 2025579814 -279317249 1365936460 1660929675 247836136 -1285883714 1831814245 2121927304 1489220636 
-920163772 -1288334805 490749858 -1005018189 -1881298336 1305179027 649759074 1304040398 -511197258 1906412878 -638436156 48804042 1144829952 2049820842 -1431024915 1791447027 1079246344 -1242447290 

521750132 811392702 -1511904255 -965043547 1274576112 1618974826 -1863307294 979718432 -446599476 -789881812 878179020 -1239989323 -576037132 -694170057 1328812600 -445129068 -868304848 -1362128376 -460165281 1292278079 -1152023157 -664075195 -1864154126 1449930230 
458899973 -639222236 682245337 190609272 -363195324 1753466439 679863090 1955258529 929997521 -915805852 -1409758825 -1865310637 204608214 1381662744 -424350431 364816508 318116364 -1119229881 -2016897193 1573060027 -1911489394 948653536 -1893002896 -59219261 223104579 
-1173002256 1225490078 -970638504 -794828210 -1329282561 -1355989603 -1073405984 -1524266006 531938157 -70697180 1916244526 -656902612 -149768897 -484744952 -1379943301 1568508845 -395604271 -1791493621 -1208027840 2034241174 1671793101 1094533058 1422439608 
912249513 316443012 -2119110736 -1345032675 -922369939 1467056497 -1877260726 959274097 623621888 -1760951958 -806170978 630208068 751105030 -985741801 -1493737098 514394332 171290193 -1953721055 1868870486 1864070291 720244995 -704304194 -684305025 1986672421 -1142382967 

-847635885 994762013 -1066208032 -1005026843 1756178408 -2050217058 -1098563879 -506963006 -1833487427 
421482861 -865822580 230591458 1452270372 738067270 218038569 -2080910416 -877872708 1149311767 1620167880 1546008400 2001800470 -821388303 -1818661657 1713693871 513530949 -9771348 847268406 1584951114 1475045780 -1634984938 -1530164221 2130416835 -1811267997 1101277874 1120166837 776537949 2047563552 -777724118 -1517301752 528678558 -1056919294 -1365352421 311264541 2047935661 -1173361382 189351602 1660021433 -1476014613 1494620805 221240025 1730132657 -1604475659 726540525 -2043101536 1971739597 -93839068 -1753181011 
-1193330421 2114211790 -944385495 1399766231 158835868 -1204414485 873284457 -609814785 145792965 1677363007 -1116179040 788643170 777802268 1527231396 -1683050547 720154811 1940318853 -1745618927 -1405832155 -761186767 -780049528 -976169186 432455444 112336371 1332431268 1118129797 -2009097857 -851621900 -1607560537 1375255324 74508498 717395161 1640792616 309696295 1736942769 -1452573093 -1811196517 -575183753 -2115911248 1437307181 570986314 987166802 -672587985 215192038 -684998078 1585043422 1188565685 833989442 1930569397 760343064 -1383786900 -32285952 -87338820 -480864163 11142553 -763763442 
-733711187 1640829086 -1327702152 -894166633 -1555688180 -339995772 1288665256 5076881 -2110344300 -354664573 179563167 -536143366 -870114109 -1849537104 -1173604719 -1208104480 -979233274 -1574964314 1241167364 -1423991832 -1891484007 -892678735 -241469907 -627643453 -1165269898 1879057191 1715703087 1022372384 -360804405 -329747436 -788584903 103685390 774050030 -1857339475 797216174 28377318 1465388983 -1236753967 -279670146 -169167461 -838000416 -997963279 841469536 
