-1829018064 -168911505 -299003367 -1020185912 1936513973 1251907855 1986024960 -794549920 -2074721311 1808257765 
-146301559 -44470149 -710772262 -699022821 -343125102 1689579042 1190479947 1677590060 625923085 1490744798 950419125 
-1358468505 -1907081431 -358376497 2128423835 1865110470 -1295599077 271122200 1030260094 729267304 -685599659 -1263059079 842706181 844507646 1389009273 1843492294 -889761217 -261762615 -1486680838 1324069365 -36283033 -906402477 1773749177 
819992667 -1314566049 -1359026889 -403934110 -1984308205 -501820274 -148877811 1777977033 -1822555529 387437252 961106683 -1710966754 2061007196 366191651 -407900455 -1192547859 -1127841887 1788797753 1967286358 -1372515788 -868222408 -226844076 -1271440582 810645672 



-248779813 1803071011 1420309224 1749287153 -1325735514 994708352 -555631254 -925793165 -2071544386 -1662881991 -55990010 -732193916 2123190183 -1214197987 946020178 978185693 1931971439 1578702610 -1242084050 -725499000 956103284 1453837105 -1862590185 1731668830 
-2079859688 -1096058998 317578318 -1663001353 1455712188 -657091162 -2065256236 941670528 81909606 297777382 -153771368 29143079 -1590011444 1242460084 -2066026103 623726895 -2093315764 892272127 -831526027 -458767003 1564004981 1835215569 -194792495 186898846 1623689591 
2073540118 1464636324 555540882 -687063015 -1716473063 -650174367 306186697 -992314309 717911189 -928881965 -755407127 66438728 1822529646 537969549 1561306376 935102888 -1976461583 228808076 2122533858 717891699 668262777 -335167380 
-303117621 673419375 -1894326936 109521492 -1611656715 1819802150 -2111122473 -1069251125 -1309296051 -1238685078 1323861500 1925633572 1818061258 -1803687977 897234406 -1824414528 -395765376 1652255279 -2116038532 1010914864 443420719 -795058801 -1758279026 89407122 771730637 

-1417178420 -1968480960 1480962330 -587413938 -833885121 413485064 86202552 1267664720 906920684 -1442931779 1488643285 -694744959 1136801115 -1576830574 633793307 -2014236625 -649663516 1059687083 350218382 -1330482228 428859083 1497992097 -877270812 -1523206964 -899579632 957953442 
-2040613590 768440867 1092706772 -1935864040 517725703 -512816495 776651768 627333400 346730155 32429269 -1012099551 635426916 1634706815 1269826411 -1948862678 -1656396128 233193212 2033476191 -1135284894 1132054312 -463107121 
2114544505 -205495936 715384631 -104323411 -127607891 -1081037113 1352297309 1402396091 1436231371 925316068 563072773 -935631345 800375352 -1457980482 1031157100 2096659883 -1844808625 812912836 1422923693 -1699521657 -332271189 -387016151 1178544797 125499167 1575941576 -170898359 -26804909 208554212 -796449751 792560667 
232597549 -949096279 -1576469544 -946313440 -1355950572 1797263180 -502710182 -970374911 -1348082942 2139155739 -1387083071 -1334529677 -1695910330 1186932282 -1019135875 -3387997 -778569942 -423956355 742327305 402761029 545264947 476990979 -1453099621 -571213955 -1361426616 -1123790584 
-1581913298 -63831987 1951821 -1514406144 -1771603401 -2140971734 -2004737066 -1860511530 -1801180231 550828063 1267516297 -2102227258 632425074 -173604983 -387849264 -1676930075 1831604250 1206509582 -1090537486 -1972207302 1166186493 -1044163534 -1411257884 -1081191336 -1932757998 1890312199 -620357855 189875045 -1953018087 -850923654 -853116197 
1171474926 -2062675675 780103662 -897256691 -1464467732 1874398575 1989259231 -1828457963 2058226918 1888134893 1680564394 -640204221 1378804843 -1692311331 776321167 -880557654 -1759115888 1516132788 319317855 108505556 75031605 -1477656636 1599020664 1996201892 -1043228161 1347875561 2031054271 -120196513 -1569492720 537545718 1642683677 1777968597 395446486 
879856608 1811066691 -1942344643 960158745 1197245052 -528366998 646370890 -913681561 -1569089206 -1163261879 -489222812 1877122032 1090204112 1685700908 1795307296 1584124885 1188761332 1646099877 -428986801 -1198886391 1808389203 -1206673217 -1156160234 242351349 -738636184 -1932069090 2606994 365385022 1725173119 1779729506 1972099281 44516746 1537050023 
-1461278681 -998257581 -325389406 170004003 115660007 -537276879 -112350071 843961969 1516412799 1248517018 1752408231 -990436518 -1975922436 -275295728 1921276532 -1432384775 -1272173058 -418079951 1810774665 1051478676 596759276 2091876416 293905765 -422139620 -337275489 299474045 -430659253 
-879179417 -1492314040 -59127834 1343240881 -1218172362 -1321137476 1180617459 -1424849320 1136323892 -345114646 -749150238 -85260141 -48922075 1813243019 -722942016 -1785058800 219329141 -448191041 -809323404 796516862 1309104345 -405331245 -1286335963 -646700277 -1209996142 -2035186695 1683108720 -1142891660 -1397958414 1585472396 -1957573265 -613243584 1597747292 1239964703 -976861195 -734338283 -125916251 1742478294 1959321793 
-700216246 481013821 -723762865 669966584 147099900 1612873039 231993865 92263764 -639972950 1103304963 1384204389 -221569022 1242848137 -2061641655 692772450 -1586542176 1785651177 -1226793483 -162819269 -279347877 -1850075285 828777534 913891010 
1096858469 553756917 -762279036 -1655253325 433893598 1994370626 2002734247 49338599 934954688 883943099 960383958 -1476078630 -40396025 -1882886336 -719585743 -222686091 -711307495 -1052748089 -651733211 -165907726 1010891726 36913707 2079364486 
489123601 883200794 -189932625 -490562373 1723056505 699548178 238662877 766198042 760648114 -735900833 178625749 -1307704233 1550757240 848483325 -1344564363 956510269 -981399939 710666440 573785516 -109850477 

-1914917416 453096589 -1384395157 -15676650 529051241 -985690075 -2028600115 591010909 -654365122 8380949 -1977109533 333511636 -932537448 399503661 -42497818 -894538118 -398276270 1889366607 -602323834 2088079808 -1618915063 -1679593626 
-67139801 1652519147 913661284 -735395641 2030715188 -993742269 -1245644507 -2111478206 -2055396970 -1711889203 1719842182 -453991106 -1020063810 -1467399346 1146578955 -998883629 -2136908921 -687607796 -217945197 -500109003 588139903 -772369741 -1252393604 
286067980 25368149 659413472 -253730387 -1099839633 1664901101 -1046420278 -1536481450 -1359167969 -169355118 1589052211 -5643437 -1890254658 891282152 1261241393 -796791306 788455078 176874480 -1240702102 -1991647896 511632146 -1643279952 848901724 
859646690 1973805772 1826373486 550316629 574468271 -1731421611 1848198256 1580262246 -714292042 1851334009 1106408327 -1119950431 848112028 -10632469 726317513 -1048739346 -2084948407 -2135165327 1218997171 910141042 252624051 741506729 193151663 -1647940811 966498429 

-1268567961 572634203 -1433924474 1371732885 -228605166 -1273049595 -185470017 -201717927 1224306380 690936239 -1320168661 -1890521535 538753021 1933207648 333017408 -1607085458 1798638514 -1773369461 1619389953 2129443861 -282459540 -1823858738 -379434445 124975102 -1723713183 -348760705 -854655995 1228126857 -1101628984 958900823 2012101889 -380202654 998368626 1179156484 1505478622 -104401177 -987661213 -159034520 250896913 
-190763470 -255804990 1261025114 1307161929 -22123885 -792822631 -606262639 584435768 -280107729 256340480 -1015617220 -1728091677 936352381 -332082 1580749876 -1992382102 723646905 -429468100 -143919260 1547140665 1476413499 -506943421 -697885799 
-1733903311 1456872863 1583417477 63058856 -798295410 1082161344 1349459406 -1199256651 700636234 -683465134 -1361906914 524265711 1640913232 -1897589215 -509306922 -471828446 -1040612489 389887763 100565681 -676323197 1741834096 -860006788 
-904741259 -1801106731 1043098227 -1475993177 630795915 -884796491 -1281729986 -1887619984 -1593367682 -1847852380 761873683 -1618865535 738161125 1216835344 1270638775 1584812127 -2024629394 731900182 -1420606072 1553438143 -84916093 -1937778369 272181953 1676286693 -761724552 
2124473891 -229102545 -1117400067 -281929953 193562761 -1377727048 -981576177 -2070699487 994908153 235015454 -566595415 -423436895 1326372690 1016702406 -6377806 -2079826249 -532970972 234365209 -1418648746 -445218971 2000722836 539758686 -963301430 -1015616186 
-256740143 -629081189 -341350427 35925621 1565513251 1201619267 -1084011404 1069495608 828540273 1402428434 -353530479 -1463447098 -1478410773 -1287741654 -643433948 121751404 1588702141 -1276879188 -1696589157 -1473674835 -524971001 1036648226 856582769 1211970810 556744779 1227931819 -825053487 -199478796 -1077926524 24983446 876190030 -1150694258 1040925671 
1948187347 913741934 2133268194 1831167859 1440839815 99666428 -1642730580 581632829 -1992249205 -592986207 290073723 1893476422 1335566017 -1793280403 -716897840 -206222885 -1646732450 994611481 -1957622675 1676351472 -542836915 452305606 -1047339629 959412235 -2099415185 1750642185 -1733997580 1014763923 732709548 -2043002192 
-1042424016 445011610 822719230 2075036269 1807788414 994096341 2105440375 829897296 1626959650 -560219987 -1324102807 268407153 -1012887348 367014873 867887940 162120583 -1326758529 221521602 458719063 -1390447625 584934138 -144022535 1916455074 -1480135753 1685389825 542966879 -1568172005 -56498259 -750315193 1426617465 -320790934 -420372375 -840127563 765894824 -1120334551 
-448286424 187285632 1650867206 197437512 812233060 145045843 1347123900 1784175898 216130386 1268463983 646837041 -739886255 226326052 946485402 -425817333 1021094135 
-879453588 -646665597 -818941445 1944359015 -1895279722 -120605970 -430231368 1397337381 1319358896 81367658 -443480477 274775926 -1052227976 -866601851 -1531948004 -1613594539 -2076985156 -848409720 1972950571 1879325761 -1307326791 -1716102742 1881193285 -298847726 1822900976 1403006911 213573595 1935374361 
-2034568349 195141549 1133701064 -461674639 -1719263761 1906390990 -1280085092 -654959503 -1105369464 -166636815 -1423304831 -727647429 -183201489 -923182164 -1420596772 -1434487129 46042108 -1177598011 -1396537251 -1808065071 1762101440 -1949345417 -1043096391 -742321630 -538745563 -38983562 

657158501 -1192731249 -1644301854 1263208926 -1955909247 -792638251 1141014422 -86189080 -1535661042 -2022760385 -659941203 515068421 -1507722270 342879855 -99546218 137147010 218112177 -1673523634 -321583917 -1993760194 1981354541 -980231006 712437615 103452426 
32610042 -735493713 1504000439 -1641731821 1959004986 -1276842266 -2085418574 -865115024 -411089832 1145908896 -439097571 118436895 1120672356 -208095255 -503637097 -1097501112 -803905381 548270523 2109285496 -1230790821 697820054 1639015524 744473500 
1033572064 -1960539481 1222659988 -1470450414 1224107224 -1632546447 1877198390 -1522551047 -1061963682 325107446 -759755952 -1545203056 1229001923 -1467746535 -84854491 454272473 -20304422 2039302175 1392123920 490781016 -656826971 -1188197122 
-1699814031 1037890491 -1204507427 842050678 -730180061 -2120757520 2096413203 -1319442031 -819293258 -591306309 1583214474 1573453957 1712597265 471459484 722864944 1114324497 -1432334802 -157470405 224705407 1012689551 -395052071 -1924883500 105877643 -732727858 472990756 1469479575 166991601 2122209171 

1286407642 -1401955392 -1582115047 1761362981 -879799357 -184874374 1003860172 -1893448369 -990557306 -1887374851 110461346 -1273750203 -1978767399 1475560601 -335456791 1122224672 -2129058838 1206883788 797694101 -1013990251 -1177692387 785626118 1663729699 -1837881245 1886853968 -544833187 591026902 575864684 
-1343486656 -1944621351 -468775866 663533447 731345602 1116364069 1549870149 1404819338 49665541 1900892250 -486039099 -1938104157 -1750043490 271559345 -1228740000 -469119821 -352027325 58861693 1251842462 -1073099673 246004396 -1114937405 -1429628621 249274161 1429931856 770793379 
321311476 -929788449 -697236096 308721262 1007300323 708664261 278278922 -2029603205 1906990576 -1570881158 2058440275 -895421360 -1593153898 -1711227947 -2042602705 49991113 1754231711 -1903594732 742378314 302593323 1424627587 207205679 -1009046705 1586781772 -1831233694 1497919176 -1580237435 -1546012602 
-170801931 637102156 980529685 869820349 -1728947355 -1491000903 364753677 -1841347770 222885714 -1860063751 2030332622 1504906987 -599476328 -1168208758 -452311181 496379894 -1579799056 -1737871313 1440826641 -2031927127 -1926625027 1795744083 63699441 -1907951323 998914850 
322097215 1849274799 800291458 -1930666969 1023390793 -206252102 -1217551394 -682006544 1861985710 -1616305045 1028186654 870230208 -1727087532 695655474 -1548514307 526632796 236802525 597489120 -1936483201 1372472333 790137423 -702799524 -251129089 546277889 161238146 1087440570 438935863 -2058474079 1890596697 -643558474 -1960788733 -1609123578 -1592813645 458355258 1603714480 1419738746 
-457425477 1014456851 -940903786 636107209 1222014836 129478626 -1377110934 1228419809 -839050315 -310017815 1683622828 -888352725 1410736411 -360063268 1083310084 -1389727360 1066465802 
-1424180378 -2093304770 -582521310 -1388710746 -1728020074 1522382677 1877895977 1137604764 -321931490 -1695136015 1943609761 -319844135 -460149206 15511235 642838279 722545064 1559867924 846207275 587508530 1692004990 -150662953 -950497494 260591874 1901145079 -256616317 
1751546610 379417036 1618227713 -387254579 -1118543877 -2018363981 -358611499 -179313526 -2080274506 -34197843 -203497315 147505846 -1259983418 1446735588 266659564 2057371271 947497085 1574115799 764534802 492389321 86336979 -722142668 1450330905 1505057388 -654291583 255966061 1697387266 159141005 1831315585 47662798 1984879313 
-1212059090 1968425248 -327668122 -1361318533 -1660431447 -326687237 867548770 1682664414 1297704020 -1163271036 -283252671 806990662 157758782 1036701564 879070097 -1908362060 -364472702 2144942954 1302361066 799985553 1705247895 507270232 1763208679 -1727139341 -1500716052 384656911 2004161374 
1078103581 -377650619 -1242283125 -1578227783 2033397926 -244282592 -645000664 711627308 -773321471 193062150 1109874567 536787512 1075878103 932124608 -387663474 1030514425 -865743044 2052807595 -1694616189 -1956698321 1637167729 694002099 -991332934 660150314 -1858994815 
-37495150 1300397547 1759659608 -2052652992 -1013058018 843188084 -1160840030 -379789204 -1479521579 -915785758 -191302941 894327945 463255726 -518212037 168785927 -253517090 1669739371 -1848878450 609374183 -795966479 -1723145069 1789971554 -396564229 103112330 -638768968 1997012748 -73506133 1184225382 -1182541410 -2041645812 141767701 561282405 -619800789 
-1620559439 1226183864 -110167505 -1424806697 -903124479 1241408969 -1107392461 -191535403 -1957735689 1525198836 270368120 424327918 -414438248 1647363711 -1434177973 -1543523207 1358047784 921880978 994028514 1060936620 323251022 -1378187161 -1382320811 -1634420608 49200204 1759475256 -1718609325 -286693102 1034463129 -1515917382 -428438064 
-40845343 -1807253733 -2028621683 -85986830 -1879694331 -1033654421 525523925 946384812 -1187459315 -1819448343 628425335 962911441 968541134 -2057817706 1093237578 -593275141 -1043791455 -968684236 186784216 -1032574365 -188993136 -956841478 -824054003 1793456769 
829327062 79820221 652624758 -1325037268 -538767770 -1933993225 1103536989 1192879724 -2034267516 -1238530934 -337415389 227967742 1845592853 731604594 -270622427 1729384985 -1822174122 -214155402 1990116772 -532032352 
813336228 1578483970 1615319623 -788977579 -824273069 -1511931068 413366103 -1017397262 -1407480149 1378783871 -853324143 133670292 162341652 -215738644 
-1354709114 -1924805586 -2055473399 1200824655 -1112217177 -631541323 288039280 -609936416 2015626347 2066478171 -361561275 -1461449720 -1785163051 -1456707021 -1326513435 1185639901 -321819318 -43197141 2121743486 110951100 -265346165 1322655788 
-1567580501 -1699503086 -1942132561 -378564550 939037974 -45977613 -1583045900 1066527256 1762368091 -1647010466 1611180219 1560841137 -1928865274 -608258038 1093818986 1536002995 -919582291 -1753187804 2032165061 286262534 98385980 -770067110 847132550 805807617 
-1932248094 -1804818397 -1782219527 839085449 -871390258 -1946993719 1043981876 299689910 -2102066829 1017792757 -1589900379 382503097 361705684 1567389037 -329022492 -1858124967 960436002 -482749158 -1012549716 1460118501 1521815889 -1805116037 -53885440 1133630483 
-961898283 1436767134 1187516693 -748481206 519701707 323824823 -1934254316 -979205633 220237275 2036175252 -1430107257 1005722985 -1272575641 364184442 -1294226146 633111761 1306103549 -200413368 -470630533 -2121462945 -938775261 -491810443 -1661523979 -1706241045 -1972826934 -219470494 -510695972 1754854544 -1122085065 

998711017 -2068836191 -2028783119 665220427 -1530083523 716367894 617619894 -964956625 -1993477565 598711722 1478056895 -2115610683 565291858 -1780470476 2129040214 -2144194412 633346655 -1459403098 -1494590268 -1502237008 1237788363 -583124520 -2044517020 1155215707 
-1564313897 -1808641724 1942267483 847855395 -1657092097 403646650 961046166 -774048466 -1744184719 1151755345 -104852097 1813177763 761355329 -266133712 -479808695 -471809763 1517574063 2118750910 -903713136 86977546 -1896055226 
-1068881673 577868579 1431531115 -186811691 -1636004279 1750871055 -1625512540 615052074 -1492731355 -1364045295 -251626773 -520529725 -1094345169 -1788375684 233811072 801109385 -16619683 57803027 -1692751278 1224651207 -1931747360 -695994887 -1837900820 -717937822 -1660466754 -93000488 -1421656181 239804638 837788225 -2004374012 -1142030976 -1422165597 -1451203048 1159786724 1382185623 1818969309 1028819779 -29233069 1739552826 1941629051 -373173702 1869204507 -1352444120 
-751807949 685842370 -1113115991 1622056041 1591799584 -744731360 -1042549557 -970727198 2109611818 -1211109576 -322844374 1972635068 -1873438382 -738426775 -379491927 -466800681 1606028206 582909210 1688269410 2012274993 -1461711785 -946225949 -996567469 520340583 1023854605 -1104053184 -1379923728 2072968447 
-981272483 -1024164777 400441924 -2145142663 599071090 -1965649726 1587554087 -653487993 -1134772023 -316147219 844127632 586768990 185912370 -382467041 -225580983 -348735784 1590932469 1599085529 -1081768489 23675644 235889719 2091218375 869137477 986930948 802786309 
-1333396541 447834558 1807292293 -1841908657 600348761 -1045876622 -791827633 1280283684 347405209 2036600621 820756002 -1338958506 -826576069 269724501 -1292473154 987077051 -1161136148 758610901 1289917849 1567469244 -439498703 2078796199 600451617 -141700743 1694627009 218566263 -1982503905 709501845 -444040828 -1276104220 
435162293 -677423320 206562049 -813068971 -487341922 -485182053 -819172770 -1002939513 -2006850734 -813593305 -1104337315 -1033304451 -1639883916 93546842 252366219 -2040399356 2087789201 1046116835 -901469040 -768491716 67059050 
-939796365 -2074541593 385135111 -887531414 -1611016913 -1010423456 1219655529 1379159399 1636045454 1751271375 887420612 55763965 1849337433 -799077939 11017576 187087148 1610072762 -315060881 499837483 -1621644688 165032068 1025248897 248426074 98088536 
419097558 -1907929412 -1903946049 -83090966 -1175363175 1471502716 162627572 -1210460777 -1327188109 929670282 221812653 1778251344 -1326517555 419912747 718583436 134204276 -1000627202 -1721368337 -2030083920 -475323304 -1940868565 1136258968 2098349021 
-1713874617 2099122679 1022468174 -1734699776 553840300 -189702718 945307487 759431307 -370811488 -1113578610 664618453 -1895448788 -1303184209 -635351556 -430231525 -610976807 -1023857966 443135349 810396537 1238438459 -1995279967 1215303075 -269976962 
2098552889 -1925525674 -1956778285 1931585595 -1367177651 -1388496792 -164841329 1279779289 -161063780 -1212905191 441910549 -1360551414 1232553936 1513173860 -2140718858 1934728837 429896416 
91150602 1472157664 -1199263154 234855408 -1958772340 -1132721586 1649857543 448893380 -680343876 152212483 -1695589674 -458284641 342103006 -1468711757 -1723407469 -548358348 -1522329823 1483786761 1822409262 -602202808 -1076563389 1237962842 -2062339475 -956976246 -1247888102 -944952798 1570214371 1568756332 -1923356831 
965116968 -1433174249 -1405492364 -778181338 1283613386 56835031 -1139725640 481027064 -1272408556 1265411662 -440717472 477920965 1188512882 1924598896 -758056379 -2145068969 -1028245620 750540873 24205179 1923323698 1966920809 1216972406 710529987 834099059 2044532401 
-1651830313 -857814879 -1295788674 -1492103299 1590531685 1289976440 -1478873504 1528974264 -649687189 -28941822 471008633 -1360332676 -1959911879 -2074425625 348422641 -1687376306 1757872193 2084617051 2097070643 55177177 1886203068 997997516 777884927 1903431800 
849413769 -766860805 1172710617 -1902692787 491304189 -1607655279 2039779344 -1780511636 -2117762219 -634968522 -1280556488 1795122864 -301533528 -225664100 2014506277 -837010426 1739777474 53383494 

775318333 -1447264699 -401853570 561479013 1132069492 -1305013317 -2051525812 -370863171 -1490642359 -792667106 -1860413279 -227032142 -1784693962 -582785481 1997363942 594705396 1030073802 1827399875 371840613 -128232455 -109426419 1595419063 -876514472 970282036 
-1437723744 -231562850 1876173247 149564965 -458305884 -1787933005 -1027477262 -689219592 92947987 644213799 351804758 -1216921315 -973906444 -1985380245 -1216586436 94968448 1022851547 2122356943 -1242339233 -1757032640 -1464357849 -1881787301 -2049156839 1109089165 908071628 
698850649 1836972543 -1375957525 -356170913 715518093 -39271319 -905245158 -283198009 4551775 -835010959 -1952337923 -1530248495 661982863 -595549498 1096755501 486325725 820775393 912386636 -220662594 -754991622 2091034699 -1409583376 1184222748 
-1243783384 1340471195 -584633893 -648158022 -10589527 -1278873047 1336757840 82728029 -1920445039 1637980186 532475493 -839603417 722703202 -1870022148 85071984 723455226 -1423627932 -1822398806 -1374193713 2118856678 -114851352 876176100 362887083 -290440985 1194980746 

-1730981869 1506904095 746855987 -1467445634 893923109 -2121569778 -313119020 1899937315 277859250 
1943322897 1634135993 1072424884 22909488 2011552546 -823853727 878204637 -460979674 -676917706 225285301 1781961203 1739615622 -2025643242 -2085148513 -1291061301 1457733754 -41934549 -1742018649 -429882695 1488633420 268258247 -593353383 436090504 1326048094 -1366790933 314783062 436442158 -1081043798 -1481500558 47277139 2047782563 -2054599991 1088638921 -546235915 1242077454 -664571296 -877384882 119770454 -1839000523 1631558752 -1821940864 -1521430909 958717838 -1896036642 1987205220 1508004618 1395859878 -1290856201 
1529204977 1424723438 1880690017 1060696180 -367532006 2096113346 1785179175 13741095 -1222403131 1463649861 1071956511 -1462933345 1223109387 -1413178261 2069802089 -1150037277 1759912884 -1104149195 -1570768644 115565227 1645262341 -2049781926 -1150909871 -1889415305 -2102026490 1925302768 2045528226 55674908 1879647039 20087374 -1933430641 -105900848 -692672613 -363330180 1429245291 -1401009566 1671401237 212276095 1514705851 1873424108 -197270016 -504292849 -938448085 -1405802087 -1118422525 1365056169 1710279483 -1313803107 184466053 -80448831 -1622006364 -1124549525 -457158373 1979326170 1960686281 1435682282 
-1644690991 -594029828 -1331428316 -1029997637 1676005160 500618421 1136280334 801608614 -1975525271 -1558864762 -856404265 -97936303 1794109849 -1602265687 1987656889 104509382 -2012109118 153940620 1733101889 1819101678 -2036285479 517099156 1187619081 -494115469 -155275143 -1540967266 -693765744 764946037 -2108273793 744058571 -1932356784 1828024214 1986368199 -36174212 -1252103231 -69518436 77427598 -1128964110 -569910492 -197770952 -1936720866 509472425 -984524623 
