1146332078 -143179042 417166133 1691112013 735905920 -1590562778 352500694 1688522807 2053782308 563873861 
-1396753776 -904859156 1869285184 740705189 206521765 576192202 1314151737 352917426 -2004253861 1451445661 1326376624 
-1789974017 936807820 -2066039306 1559010953 481308224 -1058024366 -103088875 -1433009327 1733564908 -401700485 1995949148 863178836 189521145 -1919536798 -99070746 -1692791758 -1340075930 885113004 -2099493568 1686848182 1284704902 -1029285748 
916225774 -1800488470 701479562 -2025839450 436331501 -1863564554 973240261 812851399 -80067461 1930341802 553543286 2066967729 981611232 1512854873 -631431053 514083443 -1003470243 609257431 1337140593 -382669908 -1343954074 -648907738 893856696 -1918596924 



-1069561870 1005545417 -898575018 2002947402 498798083 -31987726 1855678298 -968096521 -1840180422 -139474050 -1960144285 2111891026 -1164329685 788747510 -278991698 83946394 -799503720 657168131 471784170 1704537186 574972662 -1647856266 -59487981 -1161253664 
23926846 -166823094 1658516562 -371731652 -299864451 110182455 1030757635 -201124604 1766011490 -800214995 -1846991634 -841804184 -751912629 -64350313 -533657406 -238417774 -1015179252 1994662727 -705985960 -1462882139 -582976387 1981841511 941480276 -399528784 763791476 
-488797921 1764046521 1689295548 -15348159 291079952 -232096843 550784511 -505253425 -1011193964 1454649741 -332795569 -1752328244 1454940630 956762974 1989098473 338645796 1031183664 1560139067 1321042789 -1137620192 1724377376 1863990740 
1008975325 826388401 163390612 219124339 1380927126 296751210 -1668698723 1982420639 624686127 51498441 1192384193 2063001260 51098015 -1155897018 350081353 -691029137 -1239107327 -1133837454 268370479 -1856964834 1405450518 1894879119 -1960477905 2083006787 335762912 

-1131469705 1803982716 1620416451 1243746531 559634035 -1492265022 575229413 -864055757 -281044238 1198626941 -1864476815 -2094015173 -1827832319 -1431492091 142081025 1360802470 165619714 -197675212 1932285610 373253003 1690423308 1801178311 -231658127 1874328240 -1969401762 160546418 
225353710 -48607735 1799726392 -1561177141 74262456 116421805 1256053414 -1308681368 -490012993 837878469 -529146520 -229094819 -1765890296 -1839111440 -1437691535 449306580 669751048 -1533389079 230342340 1636581987 -1573969918 
-268781292 -732112663 759523048 -1991063126 33407678 483660514 -997204597 301666173 -320447009 1711120577 -981712350 -1476920865 163825077 -2113338593 803307435 -594579772 -1111983241 -973532789 1364240697 -156335462 -677069450 51146818 -1838273058 1969941764 -2098955153 -701730323 585077593 -1323722288 384935632 -1238839070 
-1641755868 -624640098 1605344257 1081359504 -943259204 992902922 -1875904333 1971635156 1670747840 1008392556 1998349967 -2043676661 1718017635 1451708029 -505224949 714276902 1749476506 -116786123 1468545895 630358461 2036639025 1091080615 2128321604 100610241 -1968548640 -2112824997 
-84585450 -1674581910 1090258484 -23392166 1034635441 816432713 -1176806031 1998677419 -2026194469 -897843757 -387564278 -973313294 -569358359 -1031474093 1653721240 975250663 1721046137 1076506119 -1327356324 -957861898 -361219931 -731585902 1978806861 230390745 642859872 1168259409 1562859497 1176199427 1156720659 1377087578 438695251 
-1020833194 -963918845 184183275 -749878460 1509232422 -2144768259 -901603657 1743071704 -339588145 -885139110 1093270329 259299303 1756665947 -565975542 -636141139 324832051 2107873213 1813226201 -2040153469 -1934542102 -409368336 1891493467 -92538972 -2112300284 -595050377 -1245444712 2061014559 -753792699 -1067115922 1570572508 1703678318 -1696434432 1119578684 
1290075841 120202281 482146133 822144569 -1080775441 -2105707090 -1884143215 -1747229753 -948530929 1518698984 -353005495 -280241532 -269138896 -954738966 -47513271 -576779023 1067301247 1779566849 -216808078 -649078630 1250007307 1168343737 -29364687 2096908097 -683037528 1209015476 45419036 -2141074799 -1534925205 783217034 1039359595 -397264470 1639808960 
2097938680 1504913115 1810796106 -1045017175 1715162736 -1537781600 964239473 1295536021 -1445397737 2141763807 116782523 183360821 -333299474 -147217455 -1395031470 875903911 491137470 -904942780 -914958476 -1417762139 1070001130 -1440338493 485297860 855529363 -1262504490 -1623094624 1431134762 
64386207 392396727 615018578 -339011309 998975141 1397609942 31805434 -330947561 282204163 -1148828960 -117984257 446873230 652623230 1990470328 395539295 -613976996 11545030 395297865 -529135002 -1455154552 814902439 -164429901 750487085 900964753 -1346896882 407074997 -693235631 -1172579102 -576002978 -999526873 789821190 2128981874 804293088 1102992783 1454882370 1631681157 246881446 -1632631661 -1222778619 
-1259712639 -796878887 2120448995 -1842380706 2004612332 544042699 -192019596 -2138364192 2098718476 1385291295 143847787 1948848357 1146953994 -1931616750 -212527353 -1601688781 409394904 449964685 -113600211 1707594723 1423413167 1941899780 -1894010620 
-532900910 673995408 938086622 1972675608 359096047 1575944074 -841493770 -1766334625 1627836625 991560083 126396225 -1364915347 -193096335 -1654181103 -725691019 1549194783 390012222 -1870414840 483761223 -448264082 -1147094342 -997066254 1433039964 
1084678974 -1215621284 2116971748 -865299615 1843634080 123427747 463381589 961244967 2059739416 1779191116 1797857019 1798704943 1057890914 196588313 906841311 -1897188321 -882809058 -168594442 1618130583 -558243942 

-289662519 1873629620 1126671690 -1068953404 1707745421 524461292 -965856275 -1765462494 566674722 -1663415270 -1079954896 1919907542 1037210628 -1614282564 73901775 1769835263 1507717215 858933164 264323572 -1090824679 365212941 2073808384 
1571510758 339444331 -1103686331 -611491421 1404587935 361779308 466707995 1890231485 -1779295431 1422289728 -209008428 1732314067 -1711086699 410173993 -1565477664 -401146826 -1658614649 -1479840214 1479820256 103555300 1845260905 885154334 -2057042871 
528177141 -1062123831 -1163264145 25363985 1608633022 -1560069003 -1945172580 307004474 928455609 -1492352789 -2014337279 -1483597673 -2015679608 651166791 37857601 -301502932 1932564251 -1476888721 -417526278 1161185740 400262064 -1746706085 -401323943 
985830143 1060458843 -356855323 294538737 -1848287929 921695554 1462413302 -946785539 1962601237 2120462985 292382340 1067494598 -1556598186 -155909170 -834798102 1297447359 -489223007 998711614 519166279 175086918 -173377515 1003229924 -1378183775 646911263 663735739 

378607009 -1286980633 -1346176669 -789000832 1504342833 -92659864 -252588075 -2003230622 -1357327594 -1336411192 -1358380446 -2128593598 -1523804327 -685133899 119282767 -1233338197 -603168217 -683439402 2004084985 566296870 -2070504987 553815151 153524448 2006513982 -1210334868 -183596761 144355701 -878312375 -286439828 400970926 2119674185 1731566296 1739143578 -1022201565 2016290618 -873238131 -540008085 -2090817334 -768256978 
396423575 189308862 -1234309631 1218770429 751742044 4197680 -53434191 1013948006 1246152171 1930891226 -1750949418 1576252496 1066455277 -1476722854 1245422292 -664986456 -1661775684 267764401 -505044697 648827710 148302881 1717052083 -9722937 
1308880070 -4931694 284276341 -1746637897 1092549019 1728086831 1959630606 -314874273 -202849234 -2096374839 -916345653 1912627790 2102787609 -1947208150 -796287574 1093790116 1042193763 -1839210979 1233501472 138603786 -1643679513 -350409517 
1003109252 -1714443241 -1538229956 2061849996 -1963917599 -527690902 -1546258771 223217020 316431846 -1104206453 -440430393 862699116 -1320643843 398320626 -1082490111 -746242257 -1276347020 433793664 -1217411335 -1245511101 -1491003938 -1293550993 1085417185 -1829050539 873706917 
-1745040951 1979471522 -559227514 -838531207 -2086137478 -116896064 472875286 1061829904 -79522521 1775178270 -1250005253 -1880217904 -244663093 -1831267317 795645574 1277797249 1512274015 -1984705833 823003518 1606116805 -418840989 1311007376 423873226 -1079426769 
-111176684 1828839111 190366120 493730946 -1693824980 1846325792 836748703 943590890 1491062802 1272332314 -99074111 -499781701 -425514702 1662705609 -1036560348 -83334425 -380110719 -2129126724 -1370458506 -274930132 1711293308 1738623897 1651929595 1761216915 -1957981466 -12514928 1364577795 -598666743 -1432471694 -723988901 1026393062 1964838528 -1437020826 
-1910217482 -772092347 543332190 1588576226 -258991587 -1021677215 1348954463 -2115325020 1965969892 953699470 -772283502 1456780487 1418287337 1134312652 -490464756 -625659807 1792377717 1726050346 -1161436938 899897371 1507745115 -1910243913 876333187 1520201392 1060704008 364241814 -304861409 1925609387 604404982 959751993 
-1670926509 1391046854 -1121681227 -1385953565 -1403487119 1303482678 5754976 1808022769 1771566838 -756008250 -1443585327 -2020797788 -1213012889 1915646605 -803363178 235909054 -1269292378 -1484577758 -1575603047 -2078429983 634699325 -616266502 480112948 389283838 1060849590 -639690687 -854005620 1745619470 1822194646 -818085055 1168690516 1159625130 -1776704534 854179983 160512291 
1523490750 -1611646359 -1513745838 -192257151 -324664856 455793266 1105748268 1044500449 -75734929 -845070489 1735769465 -1636103434 -1210108260 1403335206 1745900536 -213400454 
-221661460 -111018133 1009783550 1793457937 419287750 -1865608597 1955787068 860035726 -1689081370 2052680806 204577561 1126278015 -262844214 94255399 1862737362 -105555946 1441136994 1662824294 -1379905904 712208815 1682580193 1954066356 1213349977 554735217 1673646743 739885559 2009407836 1048090594 
843476404 -478436090 1282604644 -667895526 -1393269086 264052565 399536037 -380742678 -805079823 829955902 1506761122 607741569 -1387070641 1725676215 407522888 -535588443 -1933932997 -123381836 350783192 -653159454 -558301906 -617844247 -1714275239 -2120370842 -2112976463 -410976332 

-1986655573 -1074255319 1535163051 1960427861 1628354457 175818796 -1933517920 -1685754191 -315951176 1491757555 543741773 1601605917 -2140165865 -593820963 -1249695738 345987014 2133190505 -1059663970 1230437522 -1042303816 -1817868054 -902061273 1786272435 193828220 
-665888444 -875145201 -525633716 735332824 -1194409939 -320014679 -1439263006 -795559274 1382496198 1340480202 1561739081 -347146540 832427341 315472655 -916706414 -617590407 -1799115650 -237309425 -1239393461 317309887 -587603010 894837879 -871762155 
-559156554 -1132183907 -2088121554 198927460 433522460 -2015611960 -1102347458 1691633474 181295366 154776385 660473382 979940603 -986134437 1785441446 -1732769335 -1963120021 452984290 1898327034 -86495219 1447767343 2044824640 77155456 
754920175 1107947848 -107493359 41306702 -22061927 -88822461 751244777 -205578863 1885980849 -1660600563 137854172 -2129250093 1351491403 -2025737497 -407711049 1224969359 566456691 1073777042 -1855869681 1124353254 -1884902972 -422235632 1056477557 1585682571 635629975 -1566126291 -2102131926 -415060867 

1922472256 1032203011 608049849 663048723 -1204266469 519164433 1383005141 634096478 710236221 -405696422 966642402 2117409829 -860207544 1733618323 -566919997 -1591220444 723965590 -1987954080 665701942 -5297663 -1848887504 1475255031 607012375 1418483087 1506560108 -2029991845 -2143934271 -1655171392 
2046341085 915628304 -219066727 -207782890 1752025673 670937490 1721748304 684034048 -1768411585 1573088787 267040880 1396562711 1677042395 -827895962 -1905905561 -977687330 1438636372 -19039864 -551696339 -1123595212 265835594 584974471 521532686 1542661577 -418301725 539025878 
1248958778 -514729525 -1283279321 -854033443 -1264448018 -657221732 -1538962629 995126591 -2114878673 -169180532 1776851589 1625940937 35267244 1327421074 -611514370 -368545923 833328622 1910194381 -655511612 1666991984 -1811185221 -917213825 1126233724 -585503741 -183073570 -1058619759 1940017615 -309274931 
-820588815 -244985003 781875702 -193151061 589946537 999916907 261061622 1213766989 -1903909297 -2033489365 1475349427 -1381313843 -1986946564 -1424822369 -1568000618 28750323 -1243407199 -96886511 -1355882307 1182170928 1353171426 -1578669477 1942599036 1769940254 -1611276694 
1819859678 759957038 -491932327 220058698 -37839363 -398857816 377701279 -1803331894 -1138616160 396788864 -1155751047 -142614671 -141656658 1464083963 301905298 1439196318 1145164442 2064984588 -591319234 1559992796 1117183651 42467108 -1959405794 1704796186 1814277368 -426152812 1195460694 -1609216064 -595741198 1614731211 -2122786180 -644583800 784888554 -1760453277 1240912625 -1959513820 
1529833725 1698918904 -1493390751 1956638832 1321804333 1451519322 -685633599 1244736667 -1218137427 1626858790 -616851021 1141086955 27782829 1256193504 622162202 458284954 -856705058 
1250152191 -3096677 748759886 2077364733 -783957304 1567396529 -1420570855 204668201 337974400 -1761693170 -1394132651 -321619311 1279154066 1251989030 461784465 576974004 -1232293971 -1890247498 -1762879810 696551529 2087579795 -326670981 -470151528 -1334135320 729930862 
-601522751 -1383950231 2015341576 -1801132205 -1667290561 525586939 -2098068213 2084946973 -21321937 -565670279 -1331466665 -1151032518 -216133258 1356244645 515372483 1567696778 1887707871 1242127444 702556655 355787019 -298729000 1620503576 -504175167 -1891199242 -223904158 1810793789 -1173860446 -1000249377 -185458485 1560244979 1769710814 
1588790450 598320954 2001841685 1740504060 -2080677150 803039717 -1944963026 1714379521 813061719 1612881137 1932989970 1189189867 -1523028363 1492090329 2047796583 -1887780183 -181493362 -542315633 -1313161704 1654819000 1065882125 -1784271033 -26661240 -356430355 -1036021133 864250918 16418505 
-2070628105 1425773934 629461993 -1556537871 830558424 -1865411694 -931215890 1514602307 516729892 -2049437035 -1343701922 1989081605 -1168602615 1364740123 -765112125 -475724701 -1656487998 -1351682004 -1002403424 274026624 -347512580 393871629 314513099 -823501803 -385309511 
2073346724 -1342628226 -2102769289 -438027929 522018624 1100957771 16705519 -168252401 2001859684 632354540 -35960764 -801752014 -787763379 2065085278 1930212869 -905160203 -1062823483 1367682679 745288647 -677409260 -1165837998 -130062629 -290911253 -1955512946 -1132738858 -561441013 -1361811149 -856470792 -1602584359 -2028676265 490739137 -923318214 -1893997820 
565913947 -1445214718 58915180 1956049338 -1467329239 -498251986 1586706377 1120702447 386467913 230764377 -285774243 -150981540 -124733552 -1624574717 234266836 -1587302918 489970272 395654445 -702978704 1033577728 -2013328740 1317167522 562131210 -957226363 1705693535 -1854776111 -756307374 777797543 479123502 1554431268 906841085 
1557949078 -576490966 -2122498340 1119416038 934196434 -547461143 -1050358163 -1772751103 1040185072 -300769098 1255568372 -1158241344 925493235 -559209434 655480312 1761606738 -38332990 -800627492 -1092062768 -1843378329 -1945158492 -340365364 -639457542 1350574605 
1826486744 1564711873 1085996862 233525662 -934671521 -905583977 -774497726 40190173 -1053981113 773954231 -415853130 1383566044 1340884536 1500656521 1757157653 -909717618 1955028105 -1676130026 2122428021 1079789998 
2086724907 1622523110 891506505 -556156978 1259189229 -1359944292 1675738580 -1984590154 -2050024663 -496156140 305650863 -68277962 807419408 1358905421 
2060051049 1754442405 -1972913288 1924990958 -1814232017 -1638414833 -1013429810 804238089 -452865073 -1956080066 -2003390663 -670351758 93011754 -268299167 -2116126681 -1980000502 -1156710458 -26649560 106103230 1568893704 -1715643439 1823738671 
1790151896 -950600038 -1119621844 316913599 1829189755 -1571601083 -1628007817 -196881657 -339316168 669619700 -650875571 -2012491014 -691283514 1557369085 1722489289 557658925 -1653469872 -39553127 1783977895 -2100310569 653151394 2098180530 160803908 1773961406 
289124529 -469295251 1343570290 882473608 -855766904 1448902282 1547959778 -964681435 -1964139432 631594045 1321411330 1797285980 2128236593 -68045516 904121129 1517472838 -26871646 146826765 -1275887763 -1515421546 -1954952811 -927515461 -1566896873 -617615116 
360057143 205845184 -498238762 -1234362641 627489047 515414416 -1175168800 1229271712 1382672583 918583171 1005201225 1757741095 690589366 -957324717 -1725236582 -583925352 -1659632029 2032085024 -575749173 531523366 1897626653 -27411151 1885271232 -328722576 -1451895403 -817521955 -1051866388 -510127579 -1118058187 

697685447 -1459852868 -271700521 -1335900981 953612099 651627146 -782325078 -1813970390 1547939997 -354436238 -1014521134 -475885434 -591775447 -1711154426 -1505567469 1105257525 1581770892 754990737 -1375563303 -525599493 -1439625086 -2103751818 1325372926 1426594008 
-1670760192 229369103 -1165089114 631797677 -1835984427 -222180581 -1906207552 2017254075 2127526819 1704841628 2046554846 914661673 116560660 1356387041 167948727 -1662681738 -207256679 1752805305 1242416246 -1335374229 -1117381352 
-1906410184 -167076758 -1091744304 -1732831515 -1401583959 -625893434 58834871 -511487901 -670271211 1125580070 1593961814 -757473074 574419210 -967912370 -330957937 -1134378666 250577426 -173173976 63108419 1315481618 1565967368 -1197123149 242104690 -1873503894 -446824656 416909466 -1344421097 -667198253 -1936231214 -838743030 1163801874 -588858916 771270264 -1881770329 1078971393 986655375 694850862 -1966617278 1455600870 -2146720508 -971029166 -454369411 323550066 
-812574665 -1275268498 160782054 -1249499391 829717925 -2004691120 366245564 761837495 -1065611647 -913197459 -998228124 -327929236 -1519373864 -541081615 1214757130 1347342812 -1971503573 -2121541738 -1406112034 421984430 1021426654 -467025011 1145390034 448480824 760267669 1157042336 366527878 -1726530579 
-2011220103 1798552571 -2000257570 1471524885 -1714941364 1134112223 1733318062 -1410717919 181151967 303901752 -662433371 393718743 1538035098 1087769462 1322147256 1465272938 -1627315863 416260599 504883809 169016292 816841911 -1309600947 -1039486811 1245313897 -1907238860 
-719980093 -1610836945 -653363796 975022860 242529091 -154866860 -709040996 -142291093 -1583921130 -1817418255 -361572882 -1153645686 -1026867878 83081762 1419169869 1611519178 1866451445 1113721287 218252606 -493396044 1817326658 -383818292 -2116663825 1620945147 -1962844173 471654483 177463745 -258524571 -445456499 732437431 
1371508896 878231339 -1122627131 1204452137 47043999 707462538 797510621 -2013548879 -660588609 -1836668633 -1574011290 2042109445 -1112059196 1784997777 2007191496 -1929703664 -1397841847 -1563599509 37064972 464360822 -623010656 
-767164540 1248165124 1444078997 -112067393 206083791 -208353309 475237271 -553354755 170349859 -1969732060 717779019 728413865 403773586 -853437279 231197827 -1482832611 -999090664 -449860474 146621849 -1216942723 -1610308413 1142882938 -1786741472 -1199527205 
-1247810117 1288834390 -630522092 -72641489 182499600 -1761793459 -1847493111 765182972 27271169 2116691550 1662668439 -1453495839 -419224165 1354760884 -1004207474 -677702378 859263852 -1383210476 -1227490538 1918037814 -849297530 70823593 1064954060 
800879641 770148958 1170476983 1801243273 -270944354 377877288 1501160408 1484345450 1548518886 795418057 250769818 -1923893102 -625399716 -1817051150 -348987779 1381387241 1954910858 -505554886 738162158 -885327841 -1268998938 -295753929 -1126603062 
-1855420444 -1882503754 -1271715506 468700018 904352461 -221361479 -2000005750 -2050077378 -1393234923 -243539079 711151493 1410048845 1820484941 -1705089442 -1169459314 -1461372286 1414905154 
-808264935 -1685490695 382994526 139649994 -250701167 177280079 1929029740 -1645992089 -913000258 -537304569 -485258318 -1563418311 -1591892408 -1626281521 646016337 4545573 461372737 -976388947 898855211 -557743692 827035873 1715447694 1831997554 -386041314 196867002 -1097040395 1598022165 1936516452 850520893 
-1402898715 71723654 -1654007529 -826268082 491375256 -523970723 1461019123 -448224211 -1375336453 -622175070 -712719375 1584249877 1730235699 334341122 -867376823 1567800627 1820415991 1707919156 1242893712 1498778614 -1347311496 -363737501 1138352153 1714161014 -2131527931 
-1644536341 1110115988 90458451 -1290370893 806891170 -1154211830 1957838798 -357447319 -60029990 101515336 -26280248 1722066886 282798533 2111410769 63144311 -568139687 -957134439 -679747 -296098816 69885740 -1812478043 -167886598 -1781786346 1767878306 
778984026 1027950001 -372012849 674623912 1691432829 -2024256914 1855811273 1546361991 292428753 -183929420 -1310823122 2014580801 -2100050262 1158338143 -829922145 1091952272 -1313354287 -1292129266 

664957168 1752713580 1681915362 -1309589898 435498973 1574287403 1313645153 -933643740 -1254008092 704751517 -1375142229 -1597167280 -506320918 -1590437123 1591826748 -1371947788 1269230973 1963802556 -498100919 -1206326339 846480518 487772728 552540639 389768857 
-628122718 -360110984 1313075351 327194303 -406681780 728268361 1103669419 -2001114099 -717234503 62446473 259558427 -79465465 113707425 -1522890149 -1268955721 1977340818 1805986589 387874060 1072647241 -1342153172 1174356177 -1561313179 747833538 19818282 -1663311091 
-856080338 929833412 -676442045 -16416358 361432491 1298383430 -1147392093 760418602 2047665444 1473642309 784587796 -1116875729 681057317 1378150341 -235733417 -670506458 1000484855 162570934 -1093748224 2146445469 -991066847 -559572414 1548761508 
-946264149 1542746725 1694083409 33459866 -1975914303 -1132214269 -1391660055 1293502728 -2129127681 2054980724 -2114866521 157514016 1459670239 536804579 60900369 -815684710 -269237512 801884961 -1801649004 -236713128 -751789394 -21457530 937674367 2128626253 794136891 

1760156950 -989557137 -1305801989 -1940967132 1516019953 128583551 1171710952 45997909 -2107278306 
763493416 -1844425700 -445722971 1735118907 1008654162 -1752388554 -1395366084 1066153267 -2019528543 1782430289 -1219871261 1278511309 -573217774 809393061 -123304649 377073538 -681824407 554921675 -110868653 1880447119 1012395550 -576305534 -691131598 -302955773 -741679023 -1207194366 860116752 354032910 786194310 1434285781 -449127743 1446224508 -478733923 -1558049806 2116711872 1715882827 1057527289 -1449601800 -1785260798 2051166268 1106773652 301914262 -791377125 1562289528 -504318184 2072219414 1803809238 -2092730664 
1267763582 1223237643 674179690 -515678053 2126063583 -1413930411 -114987913 -336095969 -86059152 633425511 -519353461 1294859462 -981055102 -488559476 -709333202 1316182701 1541856649 1938175766 1077123874 325299767 -995864310 -38913862 -953308506 -1970294028 385979426 -1121518471 -1216668275 -1750133877 1024488975 373487944 -1123909402 -1077838278 1031483624 -425510341 -274798177 1882396279 -221358028 -1606534152 131217431 2035000847 820638215 -239338980 1411024 711488494 414396742 -825169561 1851372889 -1745008200 -712508240 -105450575 -2027608027 1616437992 -2104463816 1182763986 1575429386 -118628640 
1058645941 -1611228736 -2049192950 1655230714 -68641311 -294573574 2037418518 -1796652642 -1356131988 -647452608 -54388962 -62755389 -57158604 -1888619380 935984710 -662819867 179197024 1259161226 1197725954 -592205615 -132508919 -789625058 381066546 1088444898 -465292981 706248347 503835329 110196580 -1353093163 249790470 634235344 -569303352 -675660525 -495929971 -164558390 930202205 1076740830 1963405510 1366173056 922720830 981936651 -1668594850 868372664 
