-1091449743 1883044175 329015796 152102009 1222362115 2100321531 949746887 -327353862 -104173969 326430431 
1629060109 -1731493842 348553590 -1161004992 1035902719 1255105522 684637885 357395820 1339548699 418544500 -1673461177 
-1189253087 -1303970903 -71499247 182679440 -1259759463 -646623949 -1198162331 156195196 1263712546 -1769783938 -538506895 2005366293 1555058064 -637382420 541575033 -441696521 -486063481 -346300634 337051610 659551480 321198554 1407028487 
-1449163183 773712265 1018382045 595800553 -1907307478 -1449198552 -1961788903 -1976332820 123533747 -501280733 -820876175 -695550711 1010407684 1582745837 -1885955155 -1682558779 -1117557751 1354559819 -1447538566 647000585 -1969401515 -1601466042 -1040006798 660397102 



-1024602443 -573756501 -62046019 -310994090 -1390606921 762691899 -1065085543 759147764 -861310725 2094871916 1965900341 -1294528994 340798401 958855113 -703436793 -840966479 127956976 -1451416798 56856655 -1608189142 1071827237 -1866241162 1160438361 -1032895037 
-2128760210 919101496 1295798239 615428151 -2122700534 -1606275811 406210137 1760087431 318056093 -364011084 1508273164 -1083093639 1416270197 804612340 599062373 118218335 1859738339 2025354804 -2116011585 1894807500 -1517834065 878566316 -1886762200 2005739591 -827760116 
618561765 -1222123108 -1417383114 -979758719 420108972 -838783994 -854701302 -488636030 -200122025 -1687522156 886053422 -935132947 -2054805219 1617145610 -1766954983 -745590589 618516411 -1481963130 1330685125 -1067866604 -1181225206 708869633 
1514545509 -1953431920 1468365780 -568550283 -1355158370 -1576367141 1146280079 1572296481 -2002759264 282625873 -1577534598 472357713 839945950 -1841012303 129826176 1013361212 -1472063650 1611441868 -1693561518 668365487 213125718 305870859 822829952 30733399 -1282169675 

483818536 1127281823 18995381 667627926 -989027732 196580982 1299121239 -1350793096 1804449372 -1830963449 -724059998 -1362868939 -2066824618 1542386818 1266006125 1338289207 1949087882 1637181602 739662469 1775987779 462693618 991892398 -1384823654 382492286 1639358158 1243876860 
-1735008588 1473855613 1009652382 1201701724 1008676478 -1100100131 746111984 727681884 725214434 544954173 1169714106 1455562954 1839356521 -535222502 550678990 -423615621 2007354295 1689816974 -197691808 -1095301900 -187046120 
-1031926133 -546491135 141842003 -993193654 -1504444112 1607673464 -1138172320 -1360176024 -346817287 -2029280580 382882126 1337587070 2087694231 -1820791420 1836132371 -1371766849 -1810645558 -748614220 1632190276 855930294 252777846 -1829873782 1538966790 1655704158 1756624152 1066583828 1228115126 -1699492839 1607081737 -543256535 
-1869753650 147472020 129687351 -1504497817 690840103 1770259723 -1174923550 1789704297 -997662324 -1710227941 -1825130392 1824404168 835740985 1506401968 -1052081879 1779753274 1246221271 1923484496 1114627443 6388809 -856246511 -244370774 -108772391 -1243211526 -155457124 -1053090697 
1281694799 1411020771 1525167354 1438745800 1319669363 702485922 1853236244 -1617347581 -1285161374 313801545 1729278354 688701333 419826457 116891586 -307879644 1668853911 1918600695 1903126700 -1003479200 557622642 1423065236 2007056242 -691021257 1349398861 1284642028 -404916463 1509678544 -201444435 1229359803 684196711 309956819 
1426989394 152481118 -1782974328 -791014810 -1977902060 -1485717557 1625218015 -1873512941 -425757889 855169776 -894690110 -1307414953 688664074 1026502703 494930663 144832824 1610069195 -1878778173 -149347253 92276854 1727202211 -1258903583 -2022896787 1926728270 -2124787872 1606535226 1215529273 -270947700 1250280479 2138392837 2079766652 -2067596890 -797615333 
483834496 1454330037 1458756434 -308967203 -266091868 35179276 -206485932 -1596614040 -351441221 -1815697141 463003788 1446286922 -901149991 1087482786 526001539 2120985013 345991235 -1585980672 183332738 -5131526 -132077295 -209622620 1150421979 -1929590888 -108004392 1286044360 1130391511 -1176205336 -368335057 1750688075 1409607076 815301280 -1675002247 
-1324344658 1806416871 444837166 672079067 -869876392 259713931 -59876851 -2047864534 -215344698 -999122493 -1182824906 -201207307 -436101292 510311416 1989933015 412835752 292872651 -815398553 -694478802 1998889544 1823172511 1624859311 -1194384264 2129204216 -1987291892 17905952 -742558754 
-636191714 -828008524 -439659492 1456801355 1499138631 -256659112 -1263557663 615843848 -767009335 -1656006354 -1865962873 1030787663 -214838077 717274327 1672358649 -228071700 -1534222773 -898080424 -1473224718 1829928223 1144440781 -1651498633 -189116036 -1263954014 1479809988 -1887043779 1014009019 -1924397237 1143408879 -1704054017 -796871399 1932649109 -623084150 598299826 -1773941029 1461172990 483494280 974989194 1283267804 
862828501 555381808 1593603770 -1600674081 -1118756676 -1741022669 325262403 -427924316 1445194718 -463656395 112989596 -1865819531 -1946836443 -1068260211 -2025175164 -1111526451 1294546352 2060442201 -964421796 -431664076 -267839745 102980260 -646147699 
-1330096448 513508551 1780751115 -912973732 952052948 -80267006 1851733305 -295359338 -1995943627 -1604297820 -1032285577 2121048640 848748167 -1081277223 836298850 1409413177 -1457775582 870263158 47032001 1312428677 -2095408226 283284508 -129444505 
764325333 -1049547617 254930777 1153039065 -117791973 -1968018884 1389433031 1414072700 -1250689699 764991871 -834257784 -1320054381 -700057624 20162652 -78801246 1871981825 1277442718 -1151528524 464041315 -848281886 

1914018963 -589349894 -1690094777 -422000428 1976578708 -928487933 -1108049244 -2437556 -602840969 1322011667 1338431465 -1397468325 -1138929573 -686565390 1008831689 -806890450 -2027261423 -1077836089 2008931233 1806081409 608714161 -298046803 
-1742055001 -1079850064 -963696497 1455355943 1796369390 1192274181 -849573573 1749080369 1422204872 1352344984 -868099642 -1195730486 -1177624549 194034474 1433207389 235826142 405287712 -1227798914 -1931716148 1599143013 716876659 -682811855 -671804778 
-1151959761 -1021992181 -109839330 323643173 443353573 1246910614 50335570 -1295100625 475478053 -1062826208 -983591751 -1635472312 254289419 -600502598 -1663635571 -1033639260 2043987122 -1466898998 26296287 1519841871 -865819423 -362723538 376851629 
1896729886 -236614079 182565303 1241541724 -1518679385 -605738648 2128272017 -541776411 -927116506 -294335243 1634055007 -779072923 -1752096759 -1931318606 1301579674 -2015301942 -1318685774 614219422 -1338393456 -804561051 -154878980 -1822323518 -1246347694 -1482872464 -1446119406 

-365458359 1413355969 -1923429140 -761306497 2110582604 -1969516460 1169131109 -1817706160 961754702 -614073221 1332502362 -958657134 -258884101 102941543 -1588893750 -1624225649 1264129702 -2011367523 -327680700 1228895891 230944956 522676487 1286492311 -39447332 1344040101 1312631399 -2020119764 1992433904 1829441366 1078094807 1260364596 -984225303 1730645503 -1387282861 165828624 -1957388770 -1906772647 69811326 1973745248 
1562081501 -1410530084 -921623115 1048579611 -1899444520 -1070732226 776360105 -1040326297 -662384484 -675393824 -2039186812 341924334 -928384216 141217541 -1889191026 666423632 -385763014 -1230357541 1084133202 1821691913 1007558086 -1124870171 -410282663 
-948788734 1808318799 1856295511 -560760214 140949185 -1012338108 530977919 525966054 -1466713043 660352387 1654305485 -1349467155 -1631642351 1705850126 2137088043 1686902053 -635720130 -19364741 1297222889 2035105262 -596631452 507731055 
371787261 -830917283 55475957 -1133031454 171655465 -1868972186 392583611 -1365097364 446462069 816006907 2035577137 -1745932648 1687359649 -1441006594 -923999955 -166603004 1095472551 -1430631964 -1088459446 -929288047 796404123 1310567261 2004349221 -110955556 950417358 
1453790274 -316224426 -963011457 -606696093 2141841906 -1800978041 77997444 -2138338244 779719723 -556995585 1496825096 -1152766125 879952334 -126707784 1110099323 1555630647 -447438882 729767725 880250461 559645490 -1338333705 246562092 -1190036284 -2019781869 
-139406230 -505144800 -1300893203 -1632144958 -1279913621 -2139761658 -453301403 -1186280819 -1466891911 -1280949298 686890320 -1539002446 -1272371548 517664390 -6367986 211567997 -92158396 -1061991812 1985039859 -164047294 -30344574 425052560 -1538252111 -894247754 -193047455 2029759041 -1528826404 2039425360 -1149655315 362696020 -1396625427 728375570 -1407917344 
470320176 -300547843 277000260 1347911139 -1817009287 92822883 661912109 -1620824272 905459207 -80959347 1827533827 1803504029 614635516 -1070209157 -1893474076 -489931203 431240842 -78026683 -105759523 1867947370 1595156409 -670992030 925544680 -2022919706 -1066287725 190850015 1049140707 -1852433044 682944663 -178579016 
851785288 1758083346 -1496337444 1969564862 1809726042 725133942 -536270600 -68645751 -1054931592 1094016139 941864281 -2094482617 245269180 938514966 776664624 1438241878 -907276506 2110555273 415749368 -132732709 1175223389 -241363678 -850692835 -1111605621 -2089107485 -869030569 679204888 -875320789 940443410 -914758676 1502101972 -1027314977 583047061 -983910889 1714118676 
1764908728 -360021827 -1107040904 1558636104 1536109567 1143171146 1777204563 -156579283 -2001052562 448738091 835399019 449317427 -1412893496 302073461 1581858308 1883098909 
-1188369867 631957377 -189923805 1248154149 -1998564330 205031253 -183988280 888697539 -878465711 -1762439487 641057098 -659903492 1696023498 -1171065072 546320312 374190482 -1537422134 2112231522 -183463379 -16905833 105852808 2134197187 1428555313 -1268992329 1679382189 980907348 81845655 2024221012 
-715415943 1056241310 1047925534 198137975 2042445053 241161789 1893549986 1690909175 -1578752207 2125921854 -325291370 1834737808 -290384561 1622930112 -151305732 1864422704 1848421229 897120470 -972117507 -1438948313 738054401 1288685160 -727869070 771206699 891608524 -1947800169 

486414295 -1725466470 -1991630284 -959492657 1124163071 1073793014 -1529995472 1663001351 -1072835274 934360526 841204023 1540283905 1323507881 -1727119242 1975288002 -1752662413 1064699515 -1811772124 1363050199 1413293452 -65619216 -1730965405 1613147683 -1690885624 
-387040103 1532861123 -57470624 -897034661 1124799906 -81422435 -1375724374 833302056 -1376172091 1642746058 277352417 433157576 2071215552 1835709372 283814307 -857617484 1097617073 -1197114493 59639470 -489768976 882254559 -1725078200 -1308048616 
1241562860 -1169467308 -293416204 -1092997465 -952133441 1357476917 -1073599383 1761227775 -1843672812 -212533543 -367779656 -1272424687 -426451668 2014607264 -1724625464 -1500634096 -237556620 -1344844956 1632067898 -1146166029 414011418 -1754081336 
-34995742 -420248532 -790086834 1202223718 1426981367 -1062298301 -573889335 916799450 347289777 1853005363 -793322082 1029456430 520040519 -431480299 -48112183 -622631263 431226475 -1426506331 1067531588 -1424937758 -1891158149 -1719564157 -710903839 -1861575475 -1797447398 -737956028 1017413208 -479296270 

1366679069 -123384443 1993925158 -73240744 -874184402 1236058379 -580145193 -38907854 1325270171 325409032 -1306056044 -279865468 -2114826126 -1024573047 654791058 1154227232 242748531 -898883518 1987700630 -1115852419 -1557477238 -1839425789 -1345347894 -1422718364 519671113 -2142964861 -211915395 -905075930 
1318597063 669444816 1328746586 1971699894 1997793616 1623624540 842192365 -292685787 -854242666 2103871092 1450442551 1213788826 1330396277 -1083614095 245295887 2049489359 1748292717 1258708649 1804996904 -1510228360 1746784853 -265058235 -1179158720 1395870004 -1068202039 -1211229966 
1174338257 -1297675435 -606443304 170193371 1030503639 -599326606 894328623 -1176927102 982207509 -961642310 -1795635152 894218854 -937142698 -1004512493 830061274 -2130259231 -1155929710 -276001359 1101328649 -2114792712 -492198865 -725708214 -1427195881 371590840 -1412405591 31699434 631445274 -914391761 
348514182 729644641 -79863259 -806186444 -1231465767 1204788383 2077732855 -989190894 -416060208 19102405 1108029909 1583513376 -1818241483 673106000 822525783 1488616511 -1547476283 1310606219 -481790318 -200034070 -1815537284 1548763872 -1583613184 241517730 -1361333235 
610753677 1441780055 -2065511086 -1737561964 1819150374 -1399965567 -586235702 -676451799 -1916054665 1686240943 670285712 165444707 824129630 -575698702 -1505931409 -2033469847 445463525 883892773 1790469295 1280303064 227229502 -1443040117 1162167590 1156880372 295710984 -404697228 -910348670 -1451090433 1810399398 -1195464857 -1476835587 -1370968624 1626442804 1788190502 -1824084504 -1560820658 
-925862162 -57946954 728230690 -2009532226 24972902 348193222 789202130 664544449 1118995040 -276635092 1653700168 1524429950 -2145015062 295784291 629882643 896064618 872480382 
-1639337746 -2143343068 -1601368413 -1047755790 566065750 1223102043 102518441 -672093934 1302709282 -664355541 1491413202 -463470408 771579220 270149991 71327243 1525029884 1858096173 1354967026 -1903127230 1524472281 1326285156 -1928867897 1812195727 15349316 1181159513 
596498396 696331309 -243295981 1619107196 1691249555 -1448560178 1035983111 601639206 176229830 963947270 2115069759 -211396063 -650953878 1032323813 -1284167261 1141351208 -1014057082 -1092021817 1604582485 2016812955 1093541951 737120724 227138550 -2045099249 -470520480 -622668189 -853747468 -1000286891 1172367572 -984000403 -1744500422 
-419961414 429378061 942043724 760812469 -1411728365 -662509983 -507524861 1125396235 1358366473 1305766862 1925703908 1495191410 1130539726 487295380 -2146402368 2098043207 -1379257156 -1742375389 1026642442 -1269369167 -2072860128 1957037967 419407433 -303033391 1352942613 -1839903951 67327126 
-2125890145 2014081656 1782001833 -625091056 -1464216999 -1091979843 1797066424 -596565524 -1378512644 -1043061482 -2105477609 1901248118 -667883637 -1778309607 123568720 -1694895033 -1612671627 1630198533 -659832371 -174208985 1173789138 -854277047 -1654886341 178390511 863290041 
-1036277742 -12479285 457190278 1543551342 -640231751 2024745622 1594703940 843771686 -986952839 -723311858 -1141852979 1775339621 1335587864 12407637 639475511 163041842 904135726 -616403227 1828494879 134836936 1750666365 -1358607274 804682069 1765300617 1260034888 640391495 -503911463 1848370525 -2023604481 1569481184 512253588 -1055550629 664890501 
665263349 2111323142 1873893588 770347961 958731900 -1878689447 1306232449 85486378 1971203102 -1710159419 -1631506724 162037529 -1368080944 568486541 2057040113 -1551804229 598510176 -1185881827 -1003747513 -1104804318 -605859075 -599527370 -382228204 -714936589 1988675311 302237048 1971466716 -913113043 1843337925 -268648082 1562898351 
-2073162269 2125287775 -1698157962 324997182 1848253502 1310571870 326923075 444757374 1456943146 -1477659381 157285052 -482097631 -646268305 969239727 894583617 137450237 836103861 1675232239 48068454 1234905203 -617977338 631767623 -1390056410 161072830 
838601845 -542057386 302976917 1640067504 1560217698 1392097927 -1908095730 -1859475520 1448568021 614822634 -680797984 1395171290 1984165891 439193450 1093684637 1653450636 126828859 417862135 1275233425 -873168872 
1692179438 -1126048555 331219066 -663438940 -663736266 -1763376425 -550731353 -89640709 -292181527 50749482 29132823 -952249813 1503100882 931886481 
-1391954272 968791632 -1383610382 44464884 -1842022074 1122423618 -1640948089 2074415112 167539138 1632122139 -1835211934 889239744 1202632931 604761332 469337352 -1215782115 633563455 1541971559 2039160286 -422138716 -870930632 619329284 
-453675999 -2085540805 -1765361663 768403955 30809629 622736529 -1288986394 -727658130 -711850950 2080646403 885427479 360026754 11145928 -2105610936 1754479423 1814695101 907975353 -959426224 -938308547 -814894815 -945722536 1967464143 -1594409578 -976820551 
2060654211 869245958 -1193966111 1330209666 751279101 -1732988829 1875851406 1423387613 1104395940 -1028293988 406135691 1904586994 -1200938857 -807020320 -172507886 22515193 1793439603 135551221 323534690 1126407191 -1651474017 597009053 1970827977 931138255 
684006492 916700218 505945560 2098763016 706235601 932459453 -2145597771 1362956246 944728466 -1976483258 -342534089 -1158790688 736766997 1606087219 -759228368 -1132699974 -34349171 1892060158 -1811731361 -987003093 1622619058 -1349216860 1927961319 -427256775 639357211 365791906 620320776 23121275 1713702392 

-618620273 -1867331671 32307784 -1988263979 -499236395 807042100 -1158557281 -931914973 1650283937 -1209530014 832285539 -2104872733 471778793 -682915461 -2131317628 -1108132605 1283505027 -469524514 -2125476517 -1788123993 249580954 1103139639 1187899646 -707676857 
-1425267739 481546758 1483104467 1212087130 224603192 1542433471 1312449513 1629691647 941812994 1529303052 -1045997055 1300657465 766206001 1118597701 589696021 -1524260484 -1496360931 -1703320577 -138877548 -1359384708 -711972070 
-1074891915 442771905 -165820218 -1491110449 534924167 590799673 2066654894 250619024 -838622165 -703786899 -1302783905 860039187 965542561 480857299 -1798503599 557089383 741455942 1263321726 -1255554522 1981208028 -315322741 1372716510 -1506375940 489489973 -1375193613 -1497408988 1106085080 2126712311 1374339122 -1559392220 -388020723 -544302014 350514970 901015478 -1754175163 6078750 -1700077095 717250003 1673707907 -1918963069 -244652154 737387660 1413800689 
-1884360726 697921564 1711888873 -2136404583 -1227430919 1089901223 -1227009365 -1798467170 748146914 1578362887 590736707 1546511851 361069214 960573192 1342149586 1009682248 1738844591 837928427 -273706846 12335140 1606295181 -87712067 -1434777967 693379298 534020384 614018003 2086549696 -789604142 
-1189406041 -1331734868 -405739206 834107936 -1481812111 1690913560 -1799846970 -1039309115 488608485 -85451609 -101411142 -1683321340 470593054 -1539564144 -771973065 -1417114371 -1992186427 1591109602 968490729 2050970401 -631349709 -2105432530 692810337 -591323162 -991452274 
-568452412 1107022619 -1122209198 1327677796 112666277 -794828147 1584513914 1692558452 -984198900 286441801 -19892713 -923854969 838559600 -1143172002 -1048723514 254660382 929371471 1266157701 477510535 -1756284717 1321391960 543817096 554715362 318942945 -97247475 1001226509 1773979454 -2143166904 1131235221 52341273 
172021815 545464560 -1892682360 -725305186 -459045020 -2113027121 -658580844 -781450043 1336718239 1250688765 -1336692787 -1910528836 612254945 -354316924 -1759566483 1812534795 1807282454 -2072727751 -524080294 1749315213 -535707717 
174104961 -1749085640 -694814292 -126964665 2093503147 -566882674 -874603023 -824471816 619880749 1762206366 -185504931 -266153366 222398140 1723132009 1028103363 1507253735 -609222823 -268655294 1547344640 -564359340 2006096284 -194281705 271617016 139488938 
-283587095 39234361 1119452638 -458540134 1304776908 -946800393 1615291077 -711220576 503265261 1336602420 120006551 2069818992 876268313 -727100675 -1796122736 -1531282100 -447748940 298678700 -1659838583 575963495 -1567190996 -207561700 -1619756063 
-682978116 279060251 -416231525 1766790031 -901235483 1746823704 -91990090 -198500412 -1521909018 1589222802 739818260 -1093994372 -1688207310 -10953003 1155001731 -124137854 864162886 -127635641 566591626 957099726 -505401778 -1410026182 -2033290864 
1099126509 -1900785100 459177021 888673781 -1488399512 1446757297 -180146821 -1310500135 -2058126016 -1580512881 639956588 -1083054565 401739824 -1443663358 1322186982 513353090 -1736739473 
-172942199 618885518 -1303204003 -638142422 1056176932 -1478867063 626937865 580486695 -1986750408 451215384 -1317714550 -164218357 862400620 701303346 -824493542 -58338058 1521613250 -2026699442 1244549582 -1193402058 2015930698 -1528889570 1244266034 1352580730 1123036930 239838208 437162593 1605081659 2085661618 
159736910 1706769801 -1477548758 -1377452563 -971338922 -326466270 -414479496 344401259 -730823542 1575581749 134445392 1142322654 1553788909 279551237 1062384964 -1458528036 -2111735889 -226688431 647468909 343684738 886816460 1780439872 -511160523 1640469864 -161300328 
-626905398 -2124643999 -189999241 -1591382083 191869156 -428012862 -76342768 1127095664 1561613362 -645188461 -936445356 -1800288925 2030100516 916994340 774808481 1640532561 142574863 739099289 533735997 -2112271091 255669750 1686460286 282251307 1075827419 
1180333061 -1067515560 705550547 -1622495943 1747315117 292273315 -1315763684 -72211298 -927253720 1366893218 1038313638 1927792305 117058176 2082145525 809552079 1116410732 -1578594883 -1519530046 

1636794168 1647619803 47391718 -46835802 48695953 -1709226689 715744954 562131349 253889758 -234725146 -480784614 -1021168495 -1313871853 -1156536970 -1164605003 165940861 551933466 -1874887981 1693079263 336831367 1128664701 1210432807 -1679267946 627117063 
1073130736 119036151 1676744953 -1171815176 -953913259 -436353885 -1835508044 1856027834 1737939003 768709611 -1055050577 48183248 -410640597 541818711 -994767908 1440007925 269856362 113625390 -1429188017 -395855121 820495681 -1734297501 -800207606 -689293727 1549334639 
1026659146 1510250703 -1871963391 -917656308 -1307240804 1633861303 1369090885 895201896 -524870648 -78136208 1231805713 -1514168283 1280375673 -1465734323 -1577649312 -1758220046 1338212602 790339096 -1798302095 -391325305 667417673 -1443411810 1900344587 
1936739979 2101361137 1166988162 -1724339372 -131464561 1009484084 2015492470 407540288 1961110193 557453613 513699223 -1917058688 121328894 -1587496090 418070787 -1251959151 -1590932578 -278394296 1590912536 1276296757 1100780523 -1434249780 -72955570 1239827683 1283831983 

-1581507050 2102237418 1021970327 -2051434704 2042463710 -1576151951 -873438109 348430231 -2140691656 
149846599 1054217929 -1664602813 -1559972501 1504863361 441312203 -1602329546 335398597 1695878870 -39908930 758559847 1794908708 -1433606943 -1438939764 -1346853105 -643986070 680368998 1826756437 937452412 -829437158 1835423605 -1755266728 -1548777323 609079369 999756827 -1103045080 -860236742 -955467077 1394682440 2012249017 59040117 -772464629 -870339742 949572737 -941141642 767727911 69374358 -133797975 -1410696842 496445366 832270074 -889207414 -730874346 964148074 -446803240 -929296708 1209630779 -1547566318 
-468314952 326450100 -1510152530 -818257372 -20487634 -542159079 1789454294 -1588214755 -1134397019 -694920127 1465674161 -950510256 1965480453 1618198711 487905743 -1878058631 -846607848 -1834081205 531790393 -695739622 -2019846239 -1012275405 84506101 -2021629422 1239161478 -300844976 479241353 42657721 121918739 24448525 1321344785 878851223 272926422 1031198429 -1016944909 1758951836 -841585908 -1890895705 1678797938 -882526395 -1329398364 1154087265 -1461486537 -1525746133 -836550936 -36189537 400279226 401806958 -248672318 -1580427860 -1316199775 1414375550 -137505305 -471083230 1445736791 -1434616742 
496718691 88764595 1781522553 161342250 1303599312 -1932172186 -1726858030 894893306 -1172640895 2094714418 1009973789 -2028519927 1019758246 -1850177728 1526587151 1512974983 2107003718 -1805179056 1830178943 913642964 2003536167 516113904 2136370448 -2053124333 -670654744 66254850 1564572946 -1423073336 1467155016 643249280 845528236 -108660610 -1470566760 -211965808 1178746410 1867781769 259124109 763495819 300430741 -772837091 816274111 -1692896412 -856549394 
