-270201961 113419436 -816110346 237076029 645569834 -948700881 -1092386688 522321352 1972832811 419826396 
1479449846 -1155246473 -530430206 1292287664 -1018372230 -1482126221 -181712614 426891363 -556213114 991223429 268578128 
945975441 -1066808166 53923856 14816469 1386152208 709601260 -985226575 926819598 -1882188956 -2016131891 -1357403145 -7607784 1851817995 -1430738637 -1502914617 629387672 654002743 -364538884 -1693858602 1350587173 1150470312 1284505712 
-594158748 1676501087 -300283765 -522475977 -599221573 -582237920 -757592570 1959699342 -1088836230 -1321076663 -1312664097 -757409287 1687815697 984537765 131310804 -221868753 1546052537 -284537683 -853557212 481764496 -480110497 1405692142 213295078 1321911275 



-800673183 238492649 343632442 208500697 -184559333 1535705218 -2144388777 -1603717468 2115552065 521253955 1246211670 1048076989 1257530889 1773842825 -1509054788 35406844 -1225491285 -1519370266 -987627836 -1511431458 -2053728386 -1169080636 -416323127 -878814832 
391099622 -1217854330 -1988298751 -1854870896 240473955 -20841208 495220616 -146209757 -1811080373 972912535 -35359979 -1369483881 1607106786 -1836187121 272537905 2049580655 -132900865 -998773337 -1928503298 1642625829 -819966154 -1387098480 880721861 -507991283 1540623505 
1349877757 -47969515 -801857769 411773997 -570775171 1058040314 1028891910 -225076722 -506056315 683129 -1878570995 -1495634003 871142967 1409754075 888418931 1673203431 -1089624901 -2072498391 1493688078 -866040863 2085355182 -1454491833 
834563657 -934121766 -1483890770 -1674628390 -235645672 -373650679 -492058464 1098771552 -1470558296 1335574714 -1287289058 1605761680 1128865326 -852963071 365512404 -58217366 -399004557 2137123736 728736775 340393380 -1171802089 1804948730 -903200934 -1676979928 1312844015 

-11385994 -1171851797 -50587303 377894183 1919888120 364444604 -2123932409 1551335879 -526114968 -1015069282 -1406564422 1458644545 401426547 -1464395994 -606710305 60469934 1573072730 -1743153846 1589770943 -1284831589 -42662218 1503769899 -1255457056 1591110281 534018357 1986977025 
-418457491 -2144219109 -299438091 -756980610 -872475897 1023330327 842766789 -45419586 -252992116 1618338175 -1043034098 1918812751 1918981175 368476006 -293527337 -953023954 -173878650 1749758710 -1293903564 -1806237029 -1201828151 
1982677691 1430053484 1672094453 165740823 -1403004792 63671568 -1811331606 31992715 2103485648 2061879994 -928823177 -865102507 1161890297 -412163280 -971541113 -939256328 -922233010 -374797263 -1552440028 547998668 -80152354 1026113053 -1850431527 -1389137252 102111336 464192450 -1505882638 199101153 -1492141374 -662935685 
-1761972457 1032178134 1895597267 2069088978 191436667 17615911 -751259888 -1176462124 -2113946544 -1428909727 -1105877999 -1450637207 250358567 582470801 1345765958 -724701588 -1014304695 -1778292171 1071977080 603436939 157365751 -2035054671 1044509028 -1119989052 -377919137 2118591075 
-1546330164 -942731926 786965454 1412186874 -2055805234 -584418694 -1170860816 -1074809685 1230659188 395264532 -1329887420 -1471035228 -719592045 -1597842656 -2015785935 604083622 179145986 -1664220724 632457758 -1973775046 163868818 1583839450 1758300866 -491398180 1232827755 957474359 -1423164017 -607037226 1230880738 -1650431384 621648337 
-1563841850 893318319 -1155005647 622599869 509535574 997047145 -963077116 -1335957578 1878813087 -1943467844 -1735069583 1630793924 478237956 -2096143526 836585335 -82203129 -615695474 -1966922601 1023616865 -1503440517 -18602660 125132570 107217738 -1134695634 2009698180 1505027038 -70190073 1730651161 474597105 -1493322311 1377399533 -1714604906 -1359053156 
207111909 1377863494 1650881896 -566655623 -1474272157 1333416551 -1172054143 2019536606 772076984 -771060999 2076981562 1759731450 -1698522624 -654757247 1632350956 -684407513 -281153679 -1042843437 -102157878 1357644662 1673054790 -1590505794 -1379803438 585116932 1059762598 878675535 -1517900635 -1911367296 -612259766 -449657119 -261502787 93384732 -2130286508 
569680947 2062455022 98833786 -1065104794 -196397664 1630013648 -843994425 409901164 -747112718 991921622 2112402311 -1135063506 390104393 601739212 648429347 -1162079677 -1015230904 807844916 -2130247175 -487847590 382469551 -1432344327 -1918176059 1322208993 -207929562 -451224885 -939223762 
1635907868 -541652703 -2092656434 -538544008 670740124 -1772868824 1735439691 22853686 182453632 -1995403987 -2019782092 788603779 -1812669638 -668392156 -458998596 1759311204 221300219 1329549296 955947632 -1580013949 117215142 -2067173497 477118630 2075736059 1701070366 -319634560 -925183125 -2030396614 -1399305397 1064758845 755901088 973772875 -1827054505 422868028 -238524839 -412055678 -962850087 134517385 -1271410486 
-756417419 -1487283540 -669274655 1289398398 -681224373 257864350 -804237708 484848428 1285053608 129214999 -1176099147 1097040193 2080430423 1195960486 -161851107 923143192 -1234705129 645439396 444008062 94947971 1020360662 824742638 -1738763541 
-476266740 -1235849291 3078789 -243370973 1757639343 -536973102 -2081336408 -863836047 -1256729769 -796099351 1702709729 -909394495 1191027266 1620045937 -1009430840 27767349 -524247399 -1691216439 -132496748 76282478 -1689624579 643651640 -2015395690 
-223004237 -1014101227 759931473 1217146795 -1552440775 430977782 -411751552 1819948314 -678475423 -1982914441 2073114299 -1312781279 1932524879 532792860 -485503044 -695544876 -1096424867 1046965338 40972351 1724324505 

-1789935032 -1854088694 1449087209 -1240593496 1154729853 -1550329494 280092697 -1506205121 401617724 -366243558 63872407 -1436726908 862609016 -1131533757 1113744453 773325141 2124701635 1646276969 1702960760 1166564907 -426942527 -600553406 
1074655477 -634644239 -550679315 -1956199756 -1406796123 -1351830691 -1069557017 1660558573 -1570543401 -835774617 2053688549 818268692 -76529948 -1804299375 1455758163 311672850 -289244259 -1404411732 -2009300552 -1817691191 1841681208 522715810 2134287122 
65412692 -43963447 531965136 1132451643 1590362124 1224213920 -1225160363 -814602935 -660909389 -1107596739 1920615573 556143486 -993554215 1981186469 1643690638 -1262430350 -1223017739 1010735721 -55448939 -2077518150 1255533439 -1095765793 -229330571 
-958764209 -52858598 -110939026 -88634119 772211264 -1319112067 -1978577520 -1680336758 -1859803438 1481200449 749105240 -1087997135 564236586 1161820539 -715768265 684288646 -1504170717 684580630 1083580943 1151860297 -1390973625 -1513827304 -379787626 -925335770 1960338383 

-1736246960 -278882636 -623157065 -725424803 -1261114170 -504475384 1610900555 -58550450 -523937281 -1264963555 149131077 1750352352 -137697506 1907241339 1319282888 951290584 -1883688347 -416560625 -949812917 -1594356528 686127979 1856214897 -420292786 -876927614 1917431699 -1302699895 -487536688 1171110816 442809064 -1687379158 669462141 991419610 -77963344 1360745626 -1353707584 -97432956 1437494455 -781208143 -535962345 
-702641070 -1641724013 1663462013 854912293 -2020006841 303288772 681240389 247696391 854538852 -1761678299 -277334096 -1717597645 -1425371496 940770279 -108698443 890885197 131715706 184221749 -1405734591 202930747 744942506 657268973 -1627173538 
1260107659 160701972 1009466525 1881613170 39289731 -871143552 -575916448 -1400970068 962169731 1625519009 -848150140 1177649227 -996180048 -507711880 -219014467 -425158461 166148851 1016870271 -1239062350 2006045447 391706528 1564165290 
-1909775068 -1404008930 2134225335 -15187489 -1829346849 96166871 -55208270 953430980 612199707 -1518706110 1651683770 -2004370693 1994339077 2031395076 241589569 1382122973 1393564337 2130658646 -1504176390 700227675 1007340864 -1644040228 820943200 253449394 -1702645416 
827176656 1855258355 -581663709 -1712090919 -974118631 1230894143 604591321 448099597 -786735156 658173761 2137095752 -214787654 1716619302 763022062 1532769046 -1360494161 823754754 450397020 -571153855 -491204783 2076091595 1034423603 892466946 -206694168 
-1409369220 1630287902 -1490192546 225221731 -340994015 -150004175 -796498286 -785969520 1182233392 -1818706938 1806365295 -1570370169 997050477 1406747194 -1621972938 494448174 -120602005 1875190556 646562815 1094902947 1466434022 -25067523 119337840 -863044562 1483225333 1947415175 -28869187 -1286777543 -776195716 881397223 897248337 -343532955 155693751 
-1932193395 1010007621 24039171 -204975162 -1273414408 508076767 1465205839 1482439278 476912236 -900924389 -165066984 976933477 928753618 -812238066 -1214997614 524104031 62995339 -508529326 135312464 1470619741 -812430537 93182892 -948375372 -1702878212 -743673675 -168369471 -25235817 -1512916731 -381634447 785675854 
1616793078 737349313 -78130933 1411935013 1601946343 35460435 -505762559 -534322700 175896644 441281984 -1700432289 1579455631 -619474496 1842248610 -555374632 204847234 295443374 1076530204 -1692969513 -979231243 1972756811 1864767474 91520547 855751166 1022369080 1147066490 -723797447 -1406643719 662083073 476569372 1213956266 574264831 1381809178 1710895142 1357505049 
396633735 113985966 -296185829 -1029663200 -832411804 2128051775 512314118 743953764 -1116048849 -744547642 -203864805 -84813758 1119344894 -1766906922 -580371610 1012179233 
-1069920033 -308896561 -996856844 2083365320 -1540832001 -505824093 -415759967 1433416352 -1638892921 1318982327 -1661767276 -431707403 -909175557 -777932671 -188144421 68873327 979277333 597452960 1639915321 -100560074 -71643936 -1907587000 -2062723369 -1752763179 -1743261154 23322274 -432605554 696180331 
-16112952 -996885085 -169721970 -1688884964 -1564083001 -2124721958 -1284004855 -430581727 -1265465618 2081466549 1606892164 1069199517 349554597 1184503636 -1133399511 1037073292 899399163 148994415 -523220936 -1157711866 1645337130 158307669 -572671291 1386726015 -2005918474 1547868064 

2070405907 1653359219 1483278741 1284608320 -975138305 -350674446 -1128067472 282389185 -307100900 351282717 90501273 -865409555 -481191448 -1721978424 2117074591 -1866504610 -291360016 -1854421428 1353860953 -1908143015 1221919843 -70897801 -246144330 -1661042189 
236367785 -2057867924 -1503900663 -1304399909 71056254 823828252 -29045519 1316853577 227175517 1770126924 -39955271 -798365228 1188983645 -454747076 23321228 1657994656 -416247693 -946016309 -2090050840 -1237030331 -539295701 1188307129 970295125 
1203362583 -511009418 532261317 840277101 -811322591 -176680457 -680928747 857202752 -509396993 -36979380 1941908830 -1448985366 1656758171 -1626392509 864623777 -713058226 2063076237 -946123810 1890381306 -1362165055 213535498 -46518689 
-274125267 -1080369387 -1561914388 218651566 1226969660 -792171716 -1726387421 -1305370834 582656406 146599152 64467928 1304432983 -1747821757 -670623008 1676392691 680516386 2013707637 -1825285954 1658597164 -1059488714 198339252 -890225358 -208735169 -353763727 2123606592 -1561473561 180167552 -1463286125 

870750637 -2028268374 1549143898 1794152287 1943516163 -2088428986 -562520547 1296525758 2034039985 677283829 1300734399 -83176087 -154855514 -1492695655 810422769 1532123727 1027438701 -1190670990 1550747757 1771936587 -411510999 -857286464 1135738788 -1686736495 425322083 -253955574 1064742156 -1586451772 
924199745 1860498660 297962054 -417919068 1929862764 449641792 814759195 -287064423 -1835467621 -403662022 -2129134944 91311980 -246674566 -1821435508 -1689044531 233170622 -1565991914 -2025905350 -1022771725 -1586285935 -460690830 -1263258238 -1868732241 -253705362 297218412 136222575 
-238854375 -642272091 1551129315 1835748519 916738951 1158290459 -1460535458 -1253767507 1539481009 70898171 2068846822 897314170 -1850357546 348983704 -1680521705 -727824021 580431113 529598434 -1862726138 -1980244107 -1893685582 -1925327343 -1989821321 -690323494 -200740575 331894632 -1421457612 -1637444536 
822080401 -674682927 -782379853 742302393 -1377888659 1428339421 -1799293498 2062295534 383928811 764539205 -1697131749 -1904581082 -1374283033 -1285625930 -1378578779 1361949841 1686600671 -969986269 1363067613 92531168 1781218964 541796203 -1478304635 1813350422 892251162 
129720377 1804598308 -339962571 -1447709504 12411424 -320488378 -1059531990 1596887067 1785247480 154638518 -1142948692 1771963647 725593983 1770577209 -773806442 1221739778 -703946905 1326579879 -2122328510 -24214948 268680646 -2098920518 1182319377 -189532718 -599263169 1985719444 1527655477 -2039000451 -1511015902 1011323610 1415980303 957377681 375858216 781866289 -1699209061 440362963 
-1596569051 -189837173 -624525996 1254918436 434489112 1254652942 -1181515866 2046629689 623579729 -1360426316 -673447913 1646738149 -347131358 -1320279496 2128644082 525328865 -1513694150 
-1971804821 -1247394574 1146195005 -1828541323 764416593 1935840123 -1162497533 -661884433 -290550578 -1016421897 -362329271 2077970878 287304771 -149863662 569714717 -1224683654 -324714714 344896162 1401025668 -1880302661 -1982381891 363064776 -1627961055 1344803295 -2013348307 
-412767552 -857763401 -1681540275 828863602 -2068187386 1605029079 -918954803 -375970784 -1462510518 -1604809979 1558815907 -1574433730 211920625 -2134234085 1258182167 -91080150 -1544992475 647832998 -998896306 -869374081 -83922910 -828403400 -1041850187 -1989194137 1859536426 -1342854781 1663226547 1559740777 618130725 -534789403 1194474446 
-435402996 819666945 -1820395065 -1475292478 -886017167 1807618614 -1577687320 -1045217855 -725417605 -283771570 -98762001 -1743217368 2137103644 -1339508942 -1067610242 -855374865 -737514798 676295060 -1482819946 -410311552 563071820 -1724932222 -1613045486 1044362550 -213573282 707372558 432503676 
-325662975 1259650216 -1607204183 -1103386553 -1383091534 -458739752 -1269690113 -767004280 -1262353254 -1153612068 1563771089 1718253170 1142986980 -2023524175 -1332110224 -2050432920 -1540455637 -1267287925 651424361 -1695032485 -1370510923 -495581611 18060007 932330377 1771448440 
1460974068 -1220153319 -59709684 2049164292 1809319670 -1482756667 -24516055 -1103888400 -1510354334 -1380142491 970734112 1516449748 -2098934207 -730182113 1299732156 1561031137 1621973090 1912616050 1257851604 -1093105646 942564687 -1144626580 500556963 -650140898 94852964 910201085 1293559030 -224859164 -668657376 1813467931 1234743895 2137815824 517869052 
-1855965302 1555228717 2036118749 826079109 1115147995 -1245943099 976493246 1910358721 1916288522 788060061 -1254245410 964332047 41924769 -1401011202 -2039338071 -873091197 -90572519 -2144740506 -160649426 -1970121184 190884623 -343437397 -540575709 -364686355 655267231 -1537707781 -156306774 654510669 -1660325329 2004906790 -1301330727 
1822904158 110582015 -1445724966 1790467809 500604307 -1564233851 1002779264 -879689572 -638835000 -1410277535 -2054633044 -1011800733 -302896386 49055055 -633912879 1971319880 2058004433 -266723710 -1292788946 1937479489 -48195483 95116064 -731560434 -375734801 
934579955 -1809656733 -1972106827 109739474 306210375 -20454411 1686299046 -2051187969 -1206892181 1317136264 1380093658 777692327 -2059446231 151095395 -236240357 1064756699 -1311801727 -696865649 -1222791240 1742832680 
-1026655488 1267389831 170369939 594886991 -1068884916 238452346 -342973209 1099099621 -721995528 -192280072 750011660 1272543934 428390970 48833908 
628435215 1683990090 -587411262 -842947954 -2063745834 -1671073721 736587462 -1749704091 -1828537578 1829724680 -835494965 314707735 -481258029 -1078585771 -2076486057 1466017370 696057344 1343723536 1152820255 -96006609 -491449151 1425764788 
1543859312 373646412 -513699865 2125550047 103473288 916646806 787586147 -102691337 -696536604 -996787821 214250929 1085289525 -1779347023 -1957104005 1261244561 -526913208 1114862985 256496570 1980253861 -1063480821 1232755206 2018082306 250332521 -298496655 
-1367988653 873705896 -566599366 391291513 1956633482 -451824028 1281391370 -237599894 -1148499081 -1153467021 1137153802 1018723094 -1724843859 -1451170814 -1202969296 1631445663 -494856359 -1603687734 323518777 593320714 1704074 -901441430 954548685 735644741 
1321049845 -782691214 93347464 1830034976 -976097504 1127337032 914515603 -1587315022 149116710 -797271035 -145647430 383408756 787986378 1119974333 1711291863 496456615 1792149050 -1228812215 2012515777 849287082 222929031 -860527711 -903967787 647886335 -1110536798 -957354924 645441926 1169813490 408961105 

-738944184 1447889562 -265112435 1926994889 1115905891 880532928 723906299 1624717257 -32734239 -1297952524 -1045833374 -1668462422 919733477 -1866435371 1758529301 1875757737 1828000483 502920448 -1857194357 820065240 -2029004362 1271713639 -1080897707 938057272 
502965733 1349086483 1136802819 551922163 -1908125546 -1031914368 1570509438 -1203465152 -1494280554 -1919452541 1650892393 -2093375550 1383076540 -72798205 -2089683444 351346364 1560601340 -878820744 -941759195 -441491468 1751480633 
1864418689 -1681563203 -201451138 989169620 -260274166 -1237760053 1503397379 1444245966 499075691 -1095083493 556039486 777343724 -1387460275 108075574 -174191059 2001940026 2068503160 1500490538 -712459021 -835241707 1807610938 -1524612497 1457798848 659558710 743335927 987378941 -2076553803 -545144103 394446255 1555254612 591380613 928150493 54688628 -1757100790 -1218791871 1972887123 1253726906 25024233 -1400173133 -1989617928 -106977827 -1408796269 1561749620 
-264834396 -1987859110 1885880690 -1657852792 -65299117 447960805 -1924662821 -556159240 -1850931751 -969267261 1965486179 80902977 -1302368115 2001925512 1339333223 -2140465685 -356014481 1561663564 -1725034208 863621053 692735404 1120252374 829222818 -808066370 -467710758 321062459 282268360 -1868151420 
2068618518 713022813 -1710690388 1649300153 -1096837929 1775977971 2018411646 54165468 -1494116277 -745969297 -789460157 -1250325985 -9477258 -977267666 -695227335 -1909461780 -1385705393 699011729 146620529 -809275840 -577070351 2076899515 1746177799 2103942337 -481021735 
-709592650 -176277718 632040967 1914646191 -694327293 137865584 -585154733 -592327428 -1047875617 2025616229 1563943094 -1656761807 -1984975052 -1415183850 -36347272 -222286668 162924542 252018562 -1008089371 1312725254 -705159255 1122969978 1973844384 -2126372257 497845265 -1826088986 -1359667918 -1663010151 -658180781 -2006895499 
1735151828 -1634776590 421331522 -1687326666 -2003943254 -295894015 448915027 -1331498420 -685058169 1077530365 -1847763844 761321608 8741007 832250314 2053411902 -1312933265 2056473112 1951074632 793980203 -990326119 -1315646041 
417198536 -96928240 -661909536 -1012359781 -1789345415 1634895035 -1271715023 -1878163315 423799672 -792182173 -1330324528 -624028172 636787077 1990958201 -1334444429 -1580524423 -491622545 1427372687 -675859049 -590642070 1312321348 560055775 -79174198 -761667919 
-181832621 132087468 799399374 -124812823 -865010049 918936008 -198097697 863538981 -227154760 121745212 177248011 -138731791 -2010550345 305006576 165189567 -1772103722 1305492100 -1355207160 1405656069 1413472995 -585560656 -1857777730 -257182890 
1132053427 82788201 121416193 1886602207 1016796351 565565224 245911467 -1113039359 2012416505 544826735 -503204961 -1927495239 -814264402 -479360262 433600721 68523896 2043666047 -738854888 1106477188 1379719875 1723819802 -792248420 -326864530 
1564497629 1332662776 933221823 -1441489053 -2048935568 23842077 1341087554 -962706022 -779289448 -1801218004 -1061466339 -2143014222 -186324158 -1164651649 1316005391 1807875305 1919950526 
2056476866 -816697090 -1960681169 445004744 -1013720676 -316979607 -170685072 354434043 -1162021279 -495516683 -485739865 1629010604 -2042810611 1230814231 300472532 -2045607809 685184246 1181864016 1659527375 -2093359206 1803332526 -880130955 -2049225151 -1114327246 -1704058022 1517861875 -1026807394 -1998937671 1105168409 
266325292 -1910873068 -1776944468 241955180 -573188291 193499051 400210993 1725194880 -1238009451 1016725555 1156651296 1509111438 245160850 -2112429 1411763194 -1532185476 581818127 -2097815181 1590248227 590927080 -967691867 1826043100 1468327320 782793361 2145275882 
-81516025 -2134093848 -1639637086 723891803 273251616 1570088438 1133994367 557098234 -749622983 -798237363 1388751371 -22882467 -370870538 479852658 -958920470 -1164283867 2059474687 1667211251 761342817 217614014 1477606807 1745973285 -1899978701 -1063660922 
-825770174 1241686578 1109524319 -1036348027 1467905942 642704853 1052381850 -1434190286 -1874748846 1717414225 -251370866 1967032500 -1723965904 -696520503 1117263006 -1101207184 -619277646 1919977832 

-1867510402 -1980345758 -389265623 1623003030 -403184003 -2071109563 850077658 -1735609419 1591388189 661267444 -2007825977 -1368992233 -1582290374 -6459560 2002133052 -925708046 955789318 -541840561 -1090223267 -1804057078 949699486 1249486329 -1036631398 -2027598844 
-1960695280 1386201506 -764124499 -288727641 205958946 1308937877 -1241483283 1159852520 -161394885 -2050080808 154203379 1722294854 -1924074491 -721927169 1285668192 2079641950 1791142126 1736643816 571760913 1136710303 -897527571 1666495856 -1966177106 -1575621965 -723329922 
-1283854766 -519537870 -760893192 1088342547 -588940469 -874970134 -918283407 165202959 996668003 -281638943 1615223393 509329911 882428720 -1989597281 693044684 1336571138 1728770579 1373457613 -2044926562 -842122897 346952361 -1678805717 478278099 
-1145742997 -1712869210 675798993 -2030296912 -229591929 -1375920674 -236078693 448928329 -1548419357 253386605 916346466 -927849266 -280334733 -1562921490 -1519468904 280075723 -1991198178 -1512443945 9102273 183520538 -1179820343 1346885870 675750062 141137811 995890434 

194091984 -605196317 -668203496 -164451395 -1901286192 -117834403 2040367707 1664229446 -1431197663 
1897341185 -781634250 1470117990 1626837023 -212181761 -1086744667 1473730116 -946232584 -1823943208 -501170972 -949960501 -267632269 -649831442 550355583 -607465560 1061062358 963454001 498415209 569961164 -1643823593 554138087 -1772573647 1571918638 1835922110 -1538702833 69707165 941828746 -211896683 1885082678 -314402785 1866831138 -623795196 1822304359 805185568 1419536749 -1505081131 1811835639 1033665883 1764908871 1964222281 1223924565 -74516659 -1108641323 44902004 -1387725100 -1359800254 -1647711410 1036438788 
-670556709 -2145321776 -1968345322 -2020955218 -1066939689 1682582688 263913561 -1896583827 -1575048794 1838487836 -1506763528 -1528966501 117413767 118467081 1563654556 1316059677 -794479756 -1651961547 308846807 589490253 1013033214 -786758918 1930968154 -1419917696 -789766667 -249134247 1267016761 -468443525 564638793 638099520 -1489159000 1265496644 871366387 -49271140 817179499 1515862607 -1991225143 -997913291 197600801 535032507 -1571082406 1126105378 -52314951 1278509593 -1825086431 1482214883 690019929 1951811228 -1453656643 1038198782 -1452752514 861438477 1795375255 -1102613642 -819016329 732504943 
2044761264 1309636533 -1943846603 -762520877 1147252740 -1693193073 1504318420 -1982115711 1901880700 -1369297232 557845194 1740665725 -1582444244 -12891527 -1764922206 1535659997 1747337138 -293127908 -1195551642 933245607 718897426 -1321635134 2059268078 -968747850 1326337061 437997668 780866959 233669889 2075398718 1617430070 -312892744 -1893431977 -1697636161 -1662913916 -341811232 -1273560829 1508395628 1925903151 1263930650 793008250 1499601879 699079604 764237107 
