-975503143 1359374690 -942665689 -680429410 1253346260 777890477 -2009952615 1082954222 169547912 -1763453175 
-1402469016 -1471903691 1055536234 -462315893 -2071225026 -1410569270 -242380952 -954714146 1409423689 1269397568 29562608 
2032250422 1457194481 -1783081301 -1260497568 -261231264 -964582173 -1835767336 1926204691 -32091254 -869375582 -400974517 1599464907 892463863 65413173 592967980 636164294 -1590285336 651753598 -2092429335 2053383068 319347145 2111226701 
857094081 -567121353 -1801314628 -694495572 781845074 1323654504 1432147469 1058937382 805216208 -968624655 -1073249022 -1020155967 2011640881 1397966433 -22132879 -1197955730 -1967928368 -31606322 -1036903941 -688566572 -80253974 1381258565 -195992789 -648569252 



2121417891 254446416 -49832722 -916336640 301459334 291160595 1600301416 1308273584 1355963188 -1756381426 -1051248483 -2085552269 -701452986 -1018826109 -2063871225 -2122192520 54525344 68040884 858202435 -605725114 -1149983281 1597490608 1324613553 1075481984 
-645856983 -2029468602 711549520 -857145278 -1132104293 135250797 -575386310 -1431822652 1776660099 -2055145292 658705186 -996022840 1105603778 222229946 1122742125 -2146682624 620475424 -1533166610 1817105889 454909986 1926629054 -1310391450 -198497251 -1620110017 1675561938 
1015826634 1954922164 1211502410 -1754443197 -748017515 -1682624980 218763678 360840543 1825489674 1169646378 -145479038 -1881723902 -1123646024 -1391888290 -1321754972 344342986 1145668143 -1816371744 -1423144522 702597404 -236326402 -1980224613 
2143870859 142727311 1877060074 1137437104 1033795060 1264184547 2079715016 340077212 -1276872655 1992875667 -1430352299 -1566561500 705901773 2097078321 1497048173 1059514105 1391449705 1343660228 -1149208475 -1957593540 989950084 1592224377 -156398023 -1826004570 927236792 

-642741801 570315948 -803999259 -445256869 -189564500 1119900004 -1639940943 2041894543 1239131841 -1185139532 1900066892 1472442051 -2064605148 -958674604 -116213719 790662334 -792722291 2056085828 -1839918592 46002400 -59659811 1658819722 -507040919 362565469 269688726 999496736 
-1479460614 790479123 1670536628 -1172130968 1809827249 -85090989 891532296 -1073052202 203493450 49593027 -123617616 497277065 -336931660 1549622601 35711142 -1344567033 83410078 894419477 -269698399 -1017408975 -1793777498 
-31266445 347515102 286993232 1171179030 -1872026335 -1356670380 1726130997 904330015 -18227560 -1587970534 -1301127508 660500823 1293556691 -1760597108 64916816 -1598690407 976489855 -1411683202 -1952695615 526098933 1145330809 333512419 921016486 -1818926921 -1566933409 2133104117 2043507200 2126676462 -308633887 -1183244885 
-171050714 -489680829 -1691434820 -953638468 -434739471 544028270 618997647 -1501656545 -1130896258 1077165556 1031719340 963905489 -736986087 2094604425 -1181899719 1177255794 6705166 951882122 -402823246 703203402 -1888044809 -1958330591 -565789775 -837654820 -1237848596 -379561255 
1724987457 -1030841758 -1353631782 -208015327 -1460462674 -2108490413 -11438642 2064894525 -2025024210 -696962961 1846241887 1471158575 -181530946 -537294544 -1718818822 -1388068545 -326152838 1898904918 1703034058 -435980571 639082892 1250073119 -2046938876 -1789533791 -1978295161 1431462706 -1765529384 -86495883 1984337047 -1094911768 1956664515 
1089982014 1060468615 -1779029818 1162443373 1347559170 -1090426030 1518591339 -402903945 407302203 -1395899168 1480152583 -1783182004 555806168 -501114903 1040943226 -1342461450 -1273270119 -2069931047 -1825391910 276618035 -1398024303 1279365020 1757041629 1331362349 1543469787 1076953328 1440872734 552058988 -1092127478 1461264283 -1194876800 459913989 -2036480615 
1661720727 -1275369479 1768859652 960444139 -1373058648 572239394 1779310595 -2035244453 717690552 -72778090 1314316950 490518215 974590098 -2044126988 -298029042 96212267 -716899835 1067306999 1744580881 1154930877 -2124354797 1404789789 2002014397 219970786 1945003263 -1844784433 -1504721754 -946679940 -549437440 989007658 -1542045534 624185284 -1729354895 
-2040432384 -815762788 115390275 1810471151 -823485035 -1104992984 -2117967391 161594563 -1326728574 -1426174523 2136886090 -209485549 -474114854 -549993899 1235964862 132776430 -459365171 -1647670032 -941009351 -478575668 -722737236 -1248423239 -943759728 -1311192829 -524450911 -1371055511 -1700028141 
-1475565999 -1521240770 -1185853848 -1186510067 1845677216 -114767127 -289916670 1602962451 -1908184032 389754425 1751427925 -27117458 1485719074 91342458 249915844 1923627578 -526674698 1881477868 735601100 -1484920574 730735993 -1945246256 1762961626 1288848354 -1625346398 -1721150868 -598414223 -1166793717 728353228 -1337769351 902358866 -954198401 -440440925 -1278481724 2028043526 286701652 911425622 -492258461 -1306866447 
-300762922 -837363136 25970566 -2034498382 1647616067 873343299 -1252864334 -323169780 1005502478 1542815527 1067890079 -1115860774 -580811348 -913766502 2114467525 -1644432588 -1657479142 -833103846 608336061 385563569 -1056294898 1644905466 -1575494613 
-414215018 1432678681 -2136183799 -1115295512 379239772 -106924433 1442437927 -2136358818 390758117 -1250676271 1653066396 -649393790 537147124 669418344 896812831 -240804483 -1761668639 -1734231710 -299161299 1936603053 23847602 1671864440 55319923 
948464742 -165132833 -946693979 1887290841 1706124442 1776303672 -1352755606 2065269621 465803699 -1549159588 -1260402353 1734092472 963489980 -531612664 1487554303 1399703718 -1971358686 1077488486 -2122322229 -1252053540 

143461347 -197389017 1886861900 -882455586 -606429424 -1589466152 -625552390 1820078494 -796507327 -851334765 491448501 -1188767547 1006717444 -1973820496 242552798 -81716866 2002096036 -218672400 -920290864 -1125828400 1286959287 -607477456 
-1504653151 -1716668320 128652678 583431622 332133527 851650869 1478647941 1964654109 -192716889 -261287596 1456088456 1303916307 25339698 -77502096 -1240088046 1384920029 1100177930 275759555 1540517854 1684438128 360893800 972982747 754439662 
2096877090 -1265108195 65687914 -43144767 1803731893 -424361005 -1263175373 689761769 1000121925 -1556284622 1828255416 1812779 1873090407 1148796290 -1712526582 -1639297010 -1753970017 -1309463579 -471153327 211184337 1398072280 814412521 204940279 
1216915418 -1465891552 267807201 141997177 2064182026 511600656 -901530519 -64725650 -895680868 1437945893 638812572 -2089024290 -1391336045 1791329800 -959599025 -2050376216 -641463170 634589379 1113058857 -1993332043 1171062535 -999744422 957072709 1040121649 1065880862 

-2043377812 638927708 -975400377 2086436582 1537758217 994243230 -1718331240 -70498036 1817535094 -555569202 26048273 447544428 786157702 -2083641685 -553430941 979882434 -1912837302 -24786565 827642898 2003669266 -373994537 224846362 -514072851 552175451 -2135142298 418248194 520255507 -545894176 307677428 -1026736204 426777513 -1302369193 -222425212 1789571670 1249118872 1880563060 -1053534454 -1932012499 -1870600532 
674987714 -689552587 -1383558042 702428946 1493729718 217147276 959931680 1978432665 682593677 -827881888 1815956980 2024904795 -637962104 -2018729180 1870046444 664933515 874154554 1410577949 -1722932159 -688026903 351460955 -1486118344 1359031523 
-346296187 2086754678 654222488 -929444686 -1787699064 -66357822 -1214740296 1882926256 -1797131016 441218589 1212383069 774917539 744661943 908483014 -37490308 -2114730131 -606691649 1044731416 1585414933 1885512338 -2039522643 -743065793 
270323934 -1950584466 835782760 -1962080448 -1210867030 1848914241 -105925796 297500912 -128944612 1492067214 2143622586 1111878732 1014967134 1452801411 -2071472392 914552844 -1580962689 -1351805779 1341921089 1273696658 -1905937464 -802968806 -1517929019 -926144685 1046263167 
341872197 -1876916619 1796113282 1104276434 2082647963 -269667461 -10247928 -1052776635 -259295304 1159579685 595148715 -1811446114 -751658438 1355409700 1281431673 1263221895 -1964203739 1087822362 -318359708 1148592175 886305189 -759508370 1418041275 1764299719 
-1614406666 670384572 1389544975 1033868920 110641252 -1865944036 2020887801 1329271815 1364063764 -598552859 -2053208535 -1962756300 -354913004 1928225771 1388315895 -741697500 -829154640 -1363164959 -1175175234 -1315060380 1780256672 1094830129 856048079 -1003399970 1416043591 -1859667811 1677088884 -522614431 -442522588 -1799027136 -1416408023 1441495379 457262311 
-531177016 65571071 -1712340656 1285117648 794592274 -1136122711 -523845954 1552491286 1122106229 -1076838040 1545492167 -650695323 1316770157 45931114 -1013016368 -659656296 -1997361143 2009698272 -1673933732 225430138 -1636590447 -1663473255 1364804824 787345236 1861932763 1541384972 -831464678 1125784894 -1904768504 408859963 
-401190351 -423231793 -1550863548 1268056450 -1856831581 1710345744 -405782544 -551958817 -524180749 1113997727 1995471558 1885524940 426497401 -646689692 -1261926301 213620546 -646172789 -794567290 687400311 -1781181174 -721022666 532609862 -1237043601 -2138122058 -108205365 1010594896 -528331218 -1155892155 -538499882 -1848008607 -518202232 1250332134 835459111 91365998 -176826440 
991842725 1192619211 1561745823 -1633086036 1214128250 683281240 -1437967819 1561370937 -1316071486 1291760865 74545623 -703674913 -456727218 1974757764 1090075108 -1239623549 
1952330270 -695859114 -669294739 373498213 1876604713 184250052 -1354498551 -1457445197 313012236 -371400870 815120931 -1831181155 1968172642 846793595 2028217712 248045445 -889046635 -1339601865 -1106289512 134781692 -903413754 1299999498 -1774878437 -1794729245 1419966245 -1152844990 -404318648 74890911 
-926102657 -1680131890 -474422101 1773378721 -1477474203 1768438799 192864147 -1983079007 1475008983 -1423237676 -2110402863 -944948255 -1404221379 536483690 1691432054 1863502166 -446671340 -1291508238 -293288113 565423304 -766506294 -1066804063 -1906123698 1917723608 1948057910 260409703 

-1353932318 210403698 -1432323145 682443645 -779378394 1895203067 953728748 1064909527 909941428 -132217013 2066950915 -900197133 -214554190 -785687783 115415396 1206623390 -108195702 1035035884 -1381280811 1660969766 -997992651 -1077419539 -76051266 587604116 
-640595978 122589350 -1291667797 -1459201866 -2114018728 -1984396083 1803125097 -327915778 -1620856305 453659216 -1580149343 1343265493 -146609576 20194447 340614513 -776086139 -1174951565 -1563602348 1707837701 550511755 1883939522 -1850021496 -162722826 
1766314993 1947797043 -1615903128 -799344121 -2303813 -1127957941 1610387636 204057993 -151939736 2074435450 -702459585 995795335 -1480750630 -316525559 -1794623111 1208014832 1367098783 -142105279 -1502880947 -1201545914 -1972595545 -62723503 
-1100490050 -601970557 -1875822945 1648407344 1933589001 -131225206 -957618655 1273783285 -16163491 -626650853 1685584918 134656339 -295605325 788920954 1606031270 -1250668746 -1491668701 -1533467519 122605507 1451569940 -509279011 1010300280 -415614599 -213340338 -1423867739 1979449060 -287916441 596129210 

-791744121 1140825851 -1486797287 1396718293 1564350471 -1710484583 342244870 -1357126419 520733386 -1132780588 -499521454 -186898400 -1124507722 2009429849 1876129398 1827355959 956126523 -1484708122 689054759 1374025872 -1388172279 -1271874283 1894304372 -1880657665 -1564077394 1416904376 -261933304 1930623609 
1638801158 489877970 -1405772847 -360560794 -1353764120 -1905382882 1992775114 -40383484 1589208615 -321241147 -1532187805 -184235693 349231364 -1940117688 -846347541 970292356 2061788226 979387189 -1748831477 -1295149438 -2005579306 1374046715 1371582101 1317700740 1758501426 459114190 
1979743273 -1098961493 157711523 1899806429 749554107 791783964 1958705245 216427148 -1103822980 -60194197 -1983499204 1193527093 -2092836867 662217543 1242847567 -1181931837 -977079031 1371046995 844288400 -606505693 -741210784 -2131201521 -943954096 377581489 347242301 1177600651 -1816486824 -1934724884 
-1575692478 2073679147 614321347 524875888 -528587602 -1517956465 -1226872406 -2090058071 -110275281 -1269887527 -412042413 751437781 1556950225 210940516 596465507 -907897315 2110817569 554568455 2141442838 27402475 -1920447340 -838892244 -1553637258 2033603247 -1143325045 
-63698591 -1624371321 721655930 -2113716452 -1055015628 -1124115903 499883783 685980284 1421673093 -814723802 1116915867 1696917430 1560640681 -1585209453 -370860123 -869656561 2079921336 495491191 -218230342 -1698375752 -113410242 -1925191236 -1168968891 -631148276 883521623 616089011 1581903761 917419794 746044067 1777904629 1103808021 -1523250210 1521470293 801284228 -1442091019 1979561433 
153962789 -671574193 -389879729 546839547 -1246200627 -1537481566 51060622 -2017322728 1730315123 -1591667427 283856488 -403795996 -863276237 1847291221 1594479281 -568145416 -2145489685 
-8572770 1956468369 493053031 -638800559 -1467858900 -1599965966 1970072139 -446782055 253305669 1272788692 -1241639083 2000031013 1510090407 -2038348633 -87838824 982670661 958410547 -1178170600 -985065409 739617686 -1406959269 -60013974 -2141065141 845535236 1686323395 
-964800432 597394090 -702964183 -1355991911 -103455485 2040543858 -1500973 1051348477 -754702965 1515682078 -973903099 1643087072 384896023 221283275 -816114250 -51266403 92058455 430959413 -2086815010 1754602887 1720407751 1749166741 -534535173 -1913196562 -1513108244 -1681426569 1707960070 -1751436428 -267053098 -1585442388 -1996044334 
1341457803 -1011657086 1094315025 -1940350464 978558326 1520667265 -417688583 -958787744 129246954 -931268496 1667462393 1484645370 -963514931 -153328623 659538009 -179877344 30256662 -933562529 -789165658 825528834 -2123974236 1527227198 522418729 -127535321 -28929024 2142829030 -1447963632 
1022460572 1930047215 834833492 -1086726098 1832199488 -993884003 -351341013 1447860903 -1115075421 -363336339 -1324606053 587561277 1849736952 97626476 1347386011 702777003 -434479745 -1166084205 1822845361 -356800301 419114137 2082122828 1655055862 -763377492 1445529267 
1338437209 -603579719 -1530841911 1201009937 375629228 -497576027 512129973 -531154270 -1299402168 -112586107 394305510 -496818911 1371239004 -1142981626 -987590523 -429778437 -1848045768 -738885429 -1461919545 -1022785098 -783964900 849700758 -805541701 1599029591 2033342266 -815366157 -726524977 1662374184 -1351957442 350423476 -53465921 -1879824458 1737238075 
-1975358968 -1609166825 1991393431 -93346153 1335232666 -306891505 -1723800690 393629971 424894475 994779212 596606663 1286917014 2056698273 1193851964 1123633434 1793956742 1435448095 -1869151804 -1152915562 1998631403 506361724 -349342490 -725263316 -1754278779 2051221532 1383050288 -1077413251 -1032426079 -2067325499 1494357445 1656994464 
-516584855 899553806 934297686 2139459549 1654320586 -460454191 -642699433 -1375205906 -290219491 -1693283670 2026390965 -963685480 1426780839 -1910234201 -2009330355 -1666268932 -3814987 474698210 1293309568 -121629458 167999476 -1766484580 2011320695 1483834730 
-1641721726 -894666638 467775252 1755171882 -434212588 621951033 787037507 1441027111 -1358105259 -1466266889 1352867495 -441431724 -530139630 581049764 1879263197 -507031192 673995849 -1090393582 1183867663 1280855254 
1059301397 -1840336088 -755272117 1427514458 206402342 14215485 -1952740803 1483826606 -1142929157 951823047 -33201807 -1145118789 -1102253151 -1013599291 
-816301275 457756030 627976071 -1838616435 1766088057 -1926552112 726184316 -1194138141 779694899 1018366702 -320394362 1301815159 1985720726 285528079 -953851253 -493077601 802675841 -1639290860 -386914177 -1626405473 1310325764 769700818 
-657582755 -249703779 -1271415090 253758306 12426866 -770583779 1720803528 -1430737852 500099840 -709924118 1312312682 2104099230 1587352871 1697540407 -869319317 1600129563 1596844503 477505293 -198803761 2063090496 1074090573 -558708326 1218728903 1801169848 
732092389 -887718164 -1046439460 -126206284 2003764901 1156131282 1253087742 1304921380 -1919892701 405849424 -1958862887 -757120524 980917655 -814537212 35894289 -1540067025 1029933839 1285661122 1521314741 761003096 -451852691 -128038235 2074386156 1772601471 
-2093854875 -2067714292 -2047210843 -1713480399 -255778477 -1932780154 -1475182911 -903466482 -1261844852 -719712402 -118721823 -1057314410 2100175148 -1102648498 596664180 41239581 -8364486 -1957483970 1941320543 -1852104071 1837261221 2132721740 1083054279 1325135710 -143301306 -515532879 -161734678 -222009 1281434118 

-1519982625 1398814760 -1611824940 941501806 2105058993 1284529932 46249417 -562862315 1768881495 2067332835 -1540883387 1010996133 -1988190354 -1309740335 -869848192 -1983058359 -707684207 764692940 -1083153368 1976253449 -68457294 -758261573 883085698 2125199815 
-1468922373 -1721170673 -1409873619 -1744632180 -253763805 34830936 -344505753 -598377017 -184354656 -1884231124 -632463096 -114392564 -1855779316 1489312856 1225168058 -485505335 -1829667144 -15058993 506971131 -358961096 386150334 
-1740674675 -1913810356 -1568796412 30152933 955476624 -637203068 -393908510 -293690850 340469202 -248360063 2044609065 -125686091 631586621 -1521097728 -1920910337 -648386017 -1635810153 521066620 770404597 1158941548 1196064832 1602101038 1194783466 868399030 1755657234 -1323089073 1315367332 -74528788 -382076340 -1192651311 -458835109 822944240 403369748 -1206368486 596232102 879549917 596827251 -2110847938 944417092 -156571803 -805415315 -1510170429 1642141215 
-1011435877 1780361526 2059060101 851246631 -92371047 -841293662 -941120981 1901504846 1669075786 907527224 -331672758 214159006 -288371757 1298194198 78253209 711475905 -981399868 -89143364 456689371 1373923480 -749201301 -800698567 -979897921 -1966114412 -516431809 -61367767 2021909924 -555726476 
2015424122 -1875635169 -977945511 152835729 -1671228862 -752109215 -1973142143 834489867 -600916020 -694083358 47276768 -587000870 -1644711976 1493995227 -1213300944 -1153702100 1462914936 842897658 861079319 -932952602 -1273265607 -2076674955 2050033130 1004316402 1790583706 
98577702 -221387959 -1421336090 -1218911052 930668224 18668123 -1730725177 1822319127 -1188613448 1318880389 1935201346 1046538687 1630818757 -145293399 -5937871 -106889662 -415206977 2064733674 -979957538 -956827766 -621299939 -186967252 -1593650282 1148975384 1149775665 1090937308 390995085 837069645 1531472984 496671395 
-964337418 -489124462 -1745690385 584435725 -913831341 -1862469456 1943118441 -1820268917 -2010240004 -1360538261 292741143 1325715277 1082442311 1336532078 104784101 -1400376647 -241788979 -1315405676 2060181438 908857054 -554348234 
-1350783433 -766172816 1359383508 -124072763 -828210681 1015450555 15084206 1123942108 1806691522 -1071801774 -2120081650 1101257835 417527391 -185162193 835698198 557902044 397213833 1362305913 -946952777 1341346917 1254258229 1803847526 1994486664 -1603055553 
1978769206 881119602 1023825880 1787977634 -610276232 -22208241 212840745 641663082 -1779555731 1344254865 -282918183 818320218 -1871092043 1198130004 492338527 477295617 12041583 -1261337847 -1786546002 -1825681294 860710817 -1863104341 875190278 
1405343570 -1649982575 -675907211 -10064035 -1461284021 1374581336 -267537648 911096940 1335864453 1094714764 503588217 556098966 -1571005244 -2109535444 961992087 1342037570 -187320484 167202570 1067669248 1614380420 -307517276 -1356079268 -767482047 
-317637081 -887821411 -944257741 1164645015 -1758202832 2058242028 1586110691 1555205673 585933319 1065565307 -1405502155 -267462741 1314147039 -283409278 -1239365635 -1988728273 -384183959 
485422070 1804265487 621889813 -794383257 -2057546438 1112091162 -235523193 487950830 -1134737612 -983594026 -1756438299 416520354 1123301082 649529604 -1242973936 -1793298586 1190577354 688302985 1089521918 202104053 765604592 1858329165 -1108226010 1962945660 -1063978334 -954472484 1826312403 481954523 681265647 
-1476580889 -263267548 -1890587316 2020751640 -313500807 -35041968 971239910 763374808 -823207356 1495621766 -597871703 -339868833 -102433158 1518754295 -479873233 -1494163045 -614209474 1141038947 -135796034 471346159 -1917829416 -478502290 1450234797 -857741164 -426276097 
-2003542876 628804112 -634101673 -456599497 620310816 150544285 84327926 -82819047 -658408281 -1832707419 -1960286265 1731219839 21208832 368652262 1948117411 455079073 -1298319763 1852623450 2099688761 -1810482818 -327897166 -809969156 515580075 -264157983 
-1260465605 -246574955 -156777699 1670333713 -247190832 1753198469 855000146 -489785621 2027229383 -1494678426 -918284326 467225700 -1630166285 -2057523219 1446527074 248094057 -1056637480 429328715 

1472218088 1619459104 803491034 -1712426616 483774379 -1481528591 -1075364202 -2049462976 -1391567728 -215189405 870171462 525653868 592903633 -492984084 1987398148 1604140479 2017790670 912763405 -1027712185 330718356 -1685114760 1796750680 -1367818914 1134008652 
2144339982 90009484 -859840116 -1291612562 -2115630752 -1133161887 -523346650 1707748349 1683655043 -620332196 1731057866 81930463 427038024 1989973170 1812979463 -1376346043 1513520655 -1780117692 267430852 -1360388427 -1076551807 -360606724 -598399998 2040959092 -700290167 
1577087402 -1046361165 1973293821 -1546524637 -1480273928 -1459628736 1792925718 160416578 1412896620 1513827494 -104180353 1816382139 -902392302 -1178412747 -1044378475 1833684153 -1152308542 1186160997 -1959598108 1725120798 590775977 945303979 2125597216 
-1901268399 1012778480 -1642506009 1555813913 1752485696 539575118 -1332316992 -238852237 -1058594611 -1052920831 -687830497 24463818 600094398 2088666286 1155045562 1801955665 1499990989 561228895 173060894 -583710228 1537532960 1661028992 -924186271 2043349668 -1596031047 

-2037163363 1187673215 514413563 46003757 -1620265301 -370660501 2102104742 -1311895511 -18215055 
-791489078 -334898515 180750192 -427897742 634167612 1709264090 330392078 775589367 1247290873 -1495690821 1622079062 134474890 965812960 444538576 -1238596 1839607779 -1495149450 -1906677328 1428053332 328482234 -652236983 1656131670 -468381918 -182618062 -2145575930 -1818067219 2060510336 368943743 -125798692 707291703 -481924841 -638453468 -679929715 -444935063 -691314864 445914136 -1443336835 -1668553886 -828882530 -949799701 -1851541216 -1787705857 410729156 -1998455421 -1727447168 -396959587 1256489701 1463886613 
16369524 -1161076905 1915280659 -864882060 1988477271 1834026041 -1603556400 -637657722 -1539574065 -1556511895 -1805847154 1907571386 1043100937 -1147452553 -15394321 784966682 -686081895 -192547714 1092357011 -2011367582 444181327 251054358 -665998775 93257420 -1838294378 496490144 -434549998 657323807 -811310398 -514579684 1304904435 -2047823276 -2111842653 411010534 -1354582616 1759503423 49722418 -956982401 -1701148010 -543438855 -1490017516 1248972460 -1924587000 161259380 1744066969 95300179 -896695349 -1182028107 1951222131 1105018752 -1106903586 585688955 -654203559 1074234506 159416762 -820361281 
-740115259 771949461 2128606478 591361258 -1518599052 475559903 1396951056 1257544691 -827761721 784198151 -1282288399 987120723 -344522488 118924393 1381481703 -1722865968 -1710403904 107010642 1978971964 -230141965 -1483791929 250394385 -900104037 2079546378 -1376101308 1255628542 -1246779322 -2057481176 1099217486 1616869422 18772730 604014954 568453555 -294534996 1223633117 -378905926 -1064228937 369871830 935317147 -159767538 -116675017 -603491759 293982635 
