-577454118 -1511718861 -229296155 482643357 -323609694 -792365452 -1131183444 237927530 -1059291664 1131948393 
-1859062076 1154945905 468689836 1165250463 245386695 1139394050 -756469669 -687645737 13594124 -103473833 -884830319 
-33072086 -792972626 863722134 228939929 2133795531 -1172537573 -245045576 155707614 874570875 -1480036484 1326904610 -1884769371 433151007 -568143997 -780352891 1878605179 800364498 -155602367 1887275389 1304035358 954953637 -2062732498 
1269657844 -1945210950 -1873921148 1628493701 1488810971 946351536 930467010 -1814537219 1177021370 1620597541 -1947842969 1026512997 1943452985 1666466014 344606787 819837604 409010984 -1810790129 1626767496 659800434 575025356 352812978 1002418594 178432823 



-76254804 -2124478245 2109799432 1967514478 1220088840 -412235708 -1446498620 -409648981 -257332389 2088498636 1794808441 -2114023405 -328525125 1246778632 -324736592 1621163453 -1967463299 399041597 1548506633 -1479294268 821120687 -899096347 1459677346 1002765994 
952445426 473573651 1700515761 1190389381 577972242 2028528818 1585749011 -1760123558 -335842908 870182158 -1236364170 1698266893 1435807500 -1332908236 -2060150219 -136756705 864451664 -76239579 -285661375 1268915862 -1936555046 1050331886 1580058640 1553360161 875503885 
1293308875 -1943267035 82956564 1062414345 -1487310299 911210658 -1537274968 867589876 454913502 -1362015787 -934439760 443443484 -689054162 -1448471473 -123621547 -906182594 533884423 13311615 701909708 1198352429 279325086 -155647597 
1782390476 744204875 -74327469 1204278996 1653538504 -1765447297 1477890812 818672445 -1648626639 1909589452 409353994 1249573380 538402438 1917770151 -526339771 -1960871822 903963822 551959096 -816796735 149876684 335911996 -717532728 1228562002 -696145985 -1494090286 

-765427510 -658927751 -320856637 -370624513 1691073526 -1953047934 -208566117 1080186220 910020303 113481782 -2091588044 1648209554 726228811 -1895582381 1810591866 -2049622904 1384050818 -1518633583 -2065491161 266446475 1694707745 1083705793 -1663805176 1670653774 1706373011 -1575140754 
1851114217 -1664439004 1163010049 -342918185 -566858838 1709901719 1903037523 -940930905 -1348153726 -1978571889 -1746572698 1307176684 -654276957 -569235308 316750260 -162863845 -2089755957 378904185 -1462120051 -1901415907 -801448980 
-896533387 -92169791 825246203 -713726534 1455910051 -329417880 -867080338 -127750669 1815885053 89394038 -772130316 983715605 -1889572017 1960972490 1936024922 417264797 -1404086773 -1255294399 -330230485 -506447805 -1810913455 1696574223 -298889323 -1684001509 -618157493 -2026114992 800285088 -1874818064 1115105903 829044070 
-2013701634 -549635380 -626119310 1920447301 732962078 828074919 820173745 -1306829482 -1888402993 404715494 2055546270 -1444511462 -502889707 1029578924 1336179488 -1089260140 -586860019 1301239110 -1486174458 -1731516263 -14221147 1055604474 -1962208121 1251026655 -480866767 129287855 
309948645 -249059022 -422724674 196017145 1933949683 -1209550281 1494950969 333200574 540012768 -1892475916 -5123076 -662064537 -1900305643 2026692204 1560855323 1553117665 1114321640 -425407227 1317201828 770847377 1117943145 -767005184 -1381798912 862658790 1539069533 -1460204470 2108598918 -444444193 752735423 142852533 805884626 
-1837191987 1841556307 1443080307 -458665457 -975206979 1634832485 385587891 -1978424036 -872813159 -1619154396 1922819712 -21909685 108095531 1024515823 -1999211143 91199479 -699824489 -1683655310 855490340 105636995 10012559 1704187426 -77488058 1249461616 -474510566 1654667281 -2125909970 401384221 -1739073308 543060108 1391915434 -1023224850 1015816551 
-292345398 1784081426 1401843325 1923067820 1577187127 -1328753177 -1638366956 1661136352 1938947422 630336454 -232055473 -474840499 -1180497844 -965549568 -2128740923 1621619725 -1727038992 515431293 693366337 -1672529564 837751166 972918717 -455132110 -1125305266 -990254127 -1566397738 73522443 -2137658495 -1867905490 1814134058 208594251 84641307 1949103754 
309457573 267916934 -1076276966 1293881179 398609234 996904436 -41915730 -1490840198 -892319668 -774704226 953006837 889072354 -256541070 -1870218838 -1917118743 -1659651833 1058560336 -1944241846 1908953843 1316004083 -1648637362 2070338170 919220532 1927151997 579832941 -1195016016 -251632701 
896397848 670269239 1212077253 1847405619 -1099248825 -602860183 -24237578 -1929078750 -1382284809 1078258921 -1535864858 -2052451700 -355502183 -355683140 517041017 1641453334 1094960733 -1987329405 1357989940 -485816054 -350926385 1425737145 -2144082314 1935548134 -1926962428 1820254499 1878314984 660881731 -667135758 -1280765160 -2017508084 -1440293950 1211252644 -661090848 -41541766 -1843041768 770956889 -251783450 -417369593 
-1013325779 763428455 -1149153254 182155097 1492653840 -1472017430 1486618523 1677457985 52774046 -1376474375 -423637162 1179888890 -412289219 903474100 738081393 1638384093 -301740743 -1234032015 -1850850688 853195263 -113601163 243920324 -2030584949 
-1549732323 529974408 -425510884 -1543925175 852738522 1243525976 -1064891908 45253772 1419473655 1350817549 1268057593 2066360910 870463441 649400721 -228263216 802347401 1527742017 -16195914 280709123 -335942412 1512856239 -2116751778 -1426839127 
-1298130003 1770426499 -1019747657 -1591554865 -696766467 -2098106599 1380436345 728431737 -2041249629 102817617 1041051690 1641793888 -1036063953 -678662666 -454334666 -880479379 -1359379204 -99841410 -1097774993 -2048387599 

-1640369841 -213984277 2140165409 -763254995 1801990558 921308389 746136890 2067101014 -305991709 1331466435 690494877 -80925764 -882810440 1163257658 -2081012733 393146561 1662245097 -1028476765 -1407961752 744291434 1741529412 -1122794074 
849948112 -89183927 626152116 -498846764 -274212750 -225843302 -577644207 479328291 -236485112 -1789054528 -961215832 -88761663 -1775270092 1920107840 -1785266107 -1832573088 1321771966 -574727700 1032191122 721553001 1695461885 -537992730 1458006199 
-208860688 -324410875 151444855 151214755 -497840140 1556576200 -10450583 436431726 472243394 -1289928154 -1963777147 157346161 -1541868144 -1896048980 -613948125 -1764752314 -2108045571 -2072779945 909394799 2020322086 2125637075 -1329536409 -1547069709 
281049579 -2039508141 -833178126 -1757885247 -560815228 307296228 533059707 -1649548342 -149016791 1695498679 1109339304 -1977834513 -699028653 1591603026 -1858410633 681806494 160389450 1402406972 1189220312 -1681265502 -295885836 -787747254 -378538641 521181025 -750779791 

1721421292 1130245926 -40620686 12325059 803486813 -879934328 1140527728 2035148097 1602716403 -1304336364 -1311185961 -467738283 493770640 1223805214 55805590 190466665 1671796422 259367675 527333224 1911072603 -699733823 -1207226040 -2060780997 -1083994465 -336416808 292004783 1760303538 2055272110 -1118036115 582513189 -142642727 -1001942685 -225529058 1299861336 -1139491217 1733577988 164938393 -326512536 -41457393 
-1601002438 2142531377 1528276457 1290684584 -129429873 -1622569520 1232059704 1722268458 1702566797 1031329297 -988663080 -682604157 -1062531227 -1331904781 -576016220 -1434637248 1479360015 -1496671708 -1656218509 1358093390 -976249078 1340076470 1745785830 
715362810 365434625 -1150547830 1387956132 -314001185 -403424906 1988409560 -1477810149 -433774522 -1599187237 -538899347 2123037755 -1280434292 -1944464519 1651943355 -936912441 498814914 940345019 -1249136552 -1198462277 -1347014336 1407089817 
1576572728 2037593365 1665892742 1421268616 1148260889 679028329 849458625 -1902654354 694127541 -1921072166 -1303786209 -1463780618 -983552040 1956729294 -1270356862 1966064337 1191487192 1437817006 2045451976 -1989235928 -1200255916 -467544352 -1594042684 814112836 1527266714 
1071607924 -179198905 -1117189280 -1187726974 95895385 -918674228 542737398 -1446984705 733475555 -920868299 1128913558 -1364030729 -243381012 925935530 -688548774 -2131849352 -1136948603 -1593404826 1190095686 -1953935954 1202946377 -449257026 -1003444329 17765646 
2018206431 1937395228 640778460 -829337391 1659458824 809005434 -1737344057 1298763513 -435499572 608884414 400290182 1519926003 -798634138 -415629668 -20343144 -1565606083 -321397119 2062977813 -1039073493 143652594 94032948 -1986649370 1800695213 893794191 -1309707907 -1004521162 -814403125 -1930404442 1978275971 -1680121787 1635280982 27444944 -737284291 
19392560 1556535828 -431673272 -1608033766 -83727701 -1011793603 -365409668 1654595562 1007532073 -356316746 -1876792130 1737128350 -1128684371 1962210553 -1746081086 760164461 1896358737 1517949308 586705742 268685148 2060528869 -772725973 -1826666934 286194567 -2106024104 1551216709 -561827533 -2111541684 -552470250 1319283431 
-191072939 -1210265738 -685282493 -1521296582 -640859973 252488656 -469130725 -754335588 -551623118 -656100603 -1779313858 749785826 956383057 -921532841 -2037063323 1207753352 -1422859779 1724506562 -313278455 -1248328851 -696023504 -1441659223 -1825373319 593235645 1351363493 1110096962 2021087297 -507871021 1108247202 748291449 -781438805 -1457076878 558953421 -156085588 -1632345410 
456117564 -708118708 -1318670722 248804071 87453586 1554919634 -1052186309 -1112969526 -1299291562 -425820126 115102602 1920306975 1470066325 2010467659 -1640678812 156819872 
-1450902075 -1037364193 -1401678452 279549801 1274720984 1028842815 1715548966 1358156599 -1001076713 1110952048 -129190812 -290420043 -635831265 203898657 305362712 1111269496 -1496314606 981400091 424776546 -2071286690 1558729868 -1858615804 338693881 1487627801 -205681891 -350619927 212443600 1390497104 
1115263201 1324600319 1456616131 1623072855 -1614534814 -284869644 23089093 1376327177 915024562 675736830 -636416325 1528760860 -348167841 -747153264 1366988810 -697926675 -823033531 -315470241 373393941 -1769324696 -1063244816 -1576827231 736780507 96436239 1875438960 -1733843606 

1170699862 178086339 -2026195631 750975081 1192323633 541317736 1397307467 -2004927657 1984374441 1492875205 -727457026 -654406774 2009517304 -1353301671 1604376620 2040750125 -898970966 1567475011 -922696836 -99464194 -720366373 593521749 -1153141226 2076913489 
-1517514945 -521314766 1290333829 -1954158646 620809772 -1992578314 -562291650 1633585049 -1831373917 -692205933 -641802921 1049818192 -1418595425 -956770542 925838536 1767731722 -1716388680 -2046566722 -274739418 1553189749 394493295 1058035235 1378914429 
40177567 1501767104 629304584 -565374916 -183197045 957987787 -800741161 -477251503 -1893002612 -1222323271 -1167691129 280040036 729869901 1539922421 -406365565 -173927609 101422980 513110240 2119010740 -1662930351 1034354329 -1595753668 
-1034565404 -51313164 511798820 1538928267 -1410356150 1958900593 160182206 1989146566 142270868 -1928823310 -2136729383 -716923939 1427578691 900207833 1850422374 1446412674 -1457743752 -252823331 335885512 -2062720557 -808441200 1067428765 -520706764 1217351930 888417607 -136739102 478590561 1635111796 

1543142220 1866179841 -205910884 1244037366 78927738 -583315610 1292181732 195209361 -576299770 -1895320993 1521692421 -1892309851 585632888 1364667029 1492024623 2124540869 -337131534 1476860785 792562556 -771126050 1238658829 1307489789 -685711511 734899285 -16163790 -1562522633 -810914285 1265023773 
1156001746 -1866369031 2041202365 1761473190 1011419337 1032292645 -1096880244 -1331863666 -1401166572 1273201400 -1220300794 1432090096 948477165 -1279361244 1385338173 -1757431969 1107448674 -634608553 77695182 1642576086 245095417 980635092 -618121567 -357810041 701459649 205633942 
-1527548226 2063836521 1360987333 -654786614 526060524 -1277270152 -551363582 -251969038 -366136667 1754679740 -1291953426 -591064392 -1128645203 1345755657 103541932 -769000980 1995656685 1519777534 -1122350306 -1628773249 -47413715 1479349186 790022088 2096906059 -1253811836 -1072779677 -1968131753 -1532281968 
771124298 -484418724 879539246 -746201071 1044018980 1995817601 1366713995 784587878 1610386303 -1984830843 508637343 321702278 1618812857 459031830 1837779536 1566213471 -1099140134 -2073901072 1533400983 838591309 1279209353 -1127075801 -995321888 682106266 1454736096 
-2006809181 -1352743719 857649950 -1394509718 -1995607204 -1755104551 -1866117528 1077693299 -1866347602 1855089901 1493666806 -1584045946 186982267 1106704193 -1858424080 -1829611693 -1770286046 2098047365 -1442693524 395843930 1995719257 40986667 -1758025300 2094784001 1443215926 251065598 1379231322 -2115917517 410368430 -1811435717 1938457980 391009920 -1520669566 1464483655 206847094 -882828349 
1730857809 1402609619 64056743 1345377807 -1984378862 691511989 -528279606 706735943 1843342261 -1405857560 409143235 1497960495 812025210 263131943 925906093 719775329 794548091 
-1112082143 1861428940 -1798403011 711497770 -2048745779 1944286960 -432128916 1893404282 -1961549811 -201220411 -474079860 -824113076 -892760854 172381207 -790432315 -615552713 -2133873957 -545571861 -1884832951 1953225765 1089364053 1172740958 51098452 -1261437390 -812096194 
-1423013794 -957295501 1172345465 1796331458 -881482565 588691628 -1950650675 -364449329 1408634963 -943427688 -752106173 1567365058 814086715 1501252474 224670362 1904848791 -793114424 1663845336 590507376 -359170337 -452335112 -719824007 -363329479 -84145383 749465992 1997254019 -135155296 -361911375 269766597 1882887464 445914273 
1821193539 1012749712 1526132838 709651698 -1201559975 -274864017 -135036098 205029793 408943451 2006204784 18961770 2134429220 1847624155 -1051605754 1889303996 1200407108 1619992746 469736097 -1176853241 473975062 1854101172 950095986 1939749161 -613976142 1837037172 1596751090 492306014 
-847026233 -1944359390 212077304 1809338421 1967824543 1822882275 543121564 -1665127566 -1548521841 1977863583 914545664 121746695 1623693444 -520258698 1026766452 -1598635648 213164956 467738233 259159575 -1382258340 -906242138 -915490888 1713322655 -388017038 1843016801 
1824181573 -1686223954 760679992 -2026349935 -989208143 306664880 353568658 1928210762 613844916 -190460856 418705632 1579619799 -405916898 -63501884 -566065360 -1183332631 1690366171 -133265220 -2137504335 821969042 -1505658762 1667952730 -1975634980 1005681099 1928134371 223127085 -863579926 -1063917007 423273522 684259393 -1830897171 -454986282 1309935029 
503566953 2126831584 -1200645991 -561379340 -1100306885 1313328253 -33185485 -1103049494 -1704771177 -1960937716 -1979477816 107582474 -849698150 -1556132627 -1006216430 600785965 -1254255715 -969225308 887423342 -790705842 1713914780 2043863246 1130413042 -1846856910 -658521971 -1517125535 2039430772 2037939675 -1955460472 -1513771785 -948236214 
-1353208547 -1291287782 727928637 485358828 -216910961 -406174709 2105556299 -1860856516 1875446213 539105418 1660609390 -755842435 1082648878 -1969833003 763182852 1032385771 -144944668 -1524573825 1123254869 516517030 176350902 -1714520001 493609246 1149573337 
-520828493 644363607 607869452 -142782379 768272652 11980182 1770206466 910290036 -1349861116 22558271 1040290058 1210205738 1086658198 1174510607 -2017517847 -262925080 1773473629 -1209669641 -1075676812 1926351329 
2047494981 -571474261 -1375581556 -745018784 1039610864 -354435406 887957815 -703593726 -180357920 2136587614 1935023407 568626949 -1784759061 1977688745 
-748921785 -194419555 245098874 1018998857 1942142876 242782680 725149010 506867605 1042057007 1180390462 1891558041 1689636053 1937371554 -1202487619 -1863615167 1815216388 108622171 -287685390 2077101385 2005216205 -1689393823 971805946 
305817556 -189144478 -309520723 -2096729186 -537469716 -780106763 -307344103 905595249 67365478 -1895383368 2118744424 -706608273 -1597599083 76836350 10884706 -851743228 1690170285 -1327560636 439906759 1092221429 973055173 1027049355 1586703172 -1250661227 
641595457 1909180716 -62249036 875844163 1238799507 2037467572 -1399677779 1041423072 -1718233416 -2079754040 105719319 -340440428 -138332246 -891928712 -623185329 1797838877 1020216332 -935854109 1726603927 302871629 1245791339 1453043585 813649169 -206401211 
-1718587240 -16062218 1195073180 -1268572333 -1051392553 1227170811 -111933639 -598227390 -84724364 -2105771566 -1201738811 1703460613 -696806634 2091737439 -101681204 -1675913963 -2145847928 -565904674 177594022 -1582158008 1985693708 619496426 -1828288215 883688601 2017824879 -1785143842 -1865298230 -2051320725 600273615 

1809801456 -1433748957 1816390974 76233334 1651457921 -1798914197 -1257137795 910451133 -1911770269 107379471 1666230287 -1303336267 -1059902174 -388213139 -644702994 -1837170951 -1359823012 -1045509296 340668540 557617247 -1493090089 379080474 -2131643408 1301158306 
1349957939 -359056891 -393561282 -833639673 -514583398 -1587777997 997646094 -410787317 310222956 615068241 1891966830 -851989479 -1488924885 915521218 -936878691 754247517 571333716 1607435829 2094434786 -1876628860 -1528376726 
-308615349 -894322950 1516163421 -1986221524 1383482951 1104872060 -575859709 -487348362 -349695206 -6712295 -812032945 1718178660 1773345261 -91659161 -1148957015 -1394779304 -725209141 597213443 2092602714 -519595815 1343865014 1907201736 1679261761 -743057241 -2101151665 -886817092 890852938 -1451500337 15254157 855051017 1414621398 1914198688 1203845873 930886211 1079470251 -1584745590 -1702177680 -1299372798 504641003 -1544308054 -157975211 -825071018 -727879801 
1377724999 -928643867 -1743030177 -214820667 2066960051 -2008651628 1029263035 -1603103532 -1025268245 -1422673253 2118682513 -873525431 -662174298 -448083561 1833842544 769275777 1300211339 -1789209873 -473423133 -1554737620 -1244361224 -564255518 1951460850 -1281277036 268600247 -603602216 -1082368308 -2099043691 
-570577134 -762889885 1285158601 -586845424 -1267301774 829400985 626381511 -26620774 69295240 -651577057 -1327354981 723535016 1571758649 -1205801444 -1377380028 1343155613 -1435090509 -2009271409 -1173541134 -692079193 -1413886057 219612860 -556135406 2077476403 1331037599 
-1744678543 -303496270 -2070475614 -191766383 101696487 -1497415696 -1055089159 -449585798 -1227570783 1184159936 -1326367756 -342231 -969702641 450924843 671607809 -1333663759 -655645652 1516287154 1934568395 -811543467 412570374 168910739 664686698 1153895452 824896434 876094615 496745478 1055163912 -1252946092 -1549192917 
958748064 -2140707830 -916800371 -1662363626 1172283610 -1880046575 857391193 1713186928 -1407274646 350299596 1633681769 -1914644283 -56668915 1308552324 -323679639 -991360689 901712263 1602233315 -699346312 1175951745 1296832306 
1189764071 244535545 2042262138 -2048599812 348790737 -746737522 40372465 -1452020204 -1066029091 1450929098 1091591318 -1562738328 -2027615469 -120961287 -1434901880 -1969736315 2011377580 -870577476 -692041905 -328398993 528136509 -219185152 -605642546 1775685144 
1824744135 -556705299 1662244898 1847703473 -187019306 998314388 -1653522728 667874732 -233130080 -502160466 762343701 -1751870820 1314563785 1473238490 -1404444369 577475216 54573951 -683900204 1438286199 -1991665698 1086285428 1996750799 -976600667 
-2122449911 1679515870 -792311843 -1981324160 -478506765 -2019406261 1091068085 -2010380867 -1236157228 -1500034591 -426160 695134657 1806455828 807621602 -2128535110 -2062459633 -979048614 -914370030 -1412871511 210720437 -317457162 -1453247513 407335887 
-386881187 -1230126006 -954672785 -462584015 831844939 1863825335 1430036367 1285880279 -1430979258 1830323798 337362262 -993831492 -426235342 1014228236 -1037574726 482891304 -1893356134 
1193716979 -1040561826 2007780907 -1570546053 1020219863 1292186339 -1234374503 1810322250 341462144 -1316421944 82159967 -1552751471 -775421144 139840825 -1846521012 -30970673 1549214716 91410379 504489784 -1740555265 -1077739500 1815794742 -53577963 1497704369 2028176965 -837240838 -1041332801 139533684 -1442258082 
-2129934347 247436123 1779004968 -1187842855 -1161904030 -1863292702 -240674271 1358500622 -326976128 508656443 1262484169 -1612402487 1982360947 465595365 313044549 274604858 -2017349297 -887766399 818094946 1348480748 923202145 1230109035 -1534649527 321692072 -357430149 
-1665159797 2118983010 1803084274 -153423124 797862212 -558151187 1362555165 -1484729702 130745319 933238929 -293300219 -1272207738 1590584367 2016503271 -1298141642 -952526825 1636223857 1473753681 592243759 523609726 -1382310512 2132934216 -1542049215 1992406847 
-291721971 -973807101 1384578319 309556651 125106573 1288090866 -31286174 -1179241097 -1066405188 -1929921245 -1246050670 1117865850 -1634793850 240955492 1628632133 1726890682 -2031220057 -1239975677 

415521913 -1541500879 634026988 1495766972 239869193 -1465618284 -710278240 -1544792641 -1235687964 500118327 1700495839 -2090473257 -687043599 -1199049682 -1671596040 362529395 507077633 1138615703 -1847930121 141184277 -269885145 -1774646059 -1138181981 156919162 
1593669257 -16613134 1253802748 306845509 1469260626 82945577 -1272138095 -1915461675 1084204126 925752849 173993184 1607755873 111269698 861714348 1498896780 844052832 406177370 -759373427 524344707 566446547 1300492269 249425903 1853762496 764859010 -1602293928 
-1651135500 -84516002 374897516 -1664582632 1774994449 -1155560143 -2079914413 1311866801 -170932115 -1057453123 517528291 1935234207 -899616909 -261782735 1833210633 -902653446 1841978639 -2072667249 -963155876 1433096444 -295909788 1162092518 -92840168 
-1759383173 -305034993 -1851611890 -1216166616 2117044444 -844723772 869039682 -2045302257 1793252117 1102431832 1950829921 -463063634 1972323661 744714566 722464110 -962724496 1879938909 1760971394 712902278 1162955072 -763578998 -1689489178 1512813351 1974536729 1987188559 

1919002162 400713943 1591170242 966964863 457305380 -229074926 1569923974 353830739 642594136 
-626513175 1897442762 394077872 2002787967 1595377759 1190258699 -480369447 1153877521 424936602 399014673 -1406922330 -820636358 -53116667 -1319090766 976792023 -1486789476 -1122950833 1486907923 -1101797438 -1207897568 -945752905 2031064791 1637196824 679469910 -774046346 -1712055309 -1300492967 -712093942 1422548118 -1936032718 -1452031496 -868285800 1929585690 -1084809200 -773928425 -1029285618 730476288 -1645070375 -1321115937 1231090855 -1079780743 -1232680268 1158398200 -1344178593 973479136 1237400447 192144115 -1159954837 
-801209922 319421474 -1539374335 654943208 -1253074514 -1999302181 2122416110 -185469057 192592063 -214363859 124737592 -85264909 741726048 1600180292 1604724450 -1293464917 94995794 1302341609 789916978 -2001450448 -167465300 -1507122100 -417406103 -1798424612 1270409836 -236138916 -1242294667 376102702 1871409259 2046355463 -389769549 -1359658913 395577706 -52788275 997305063 1211235947 -1442543026 1439134767 254842405 1055344620 -248971889 986628785 490911017 1550442375 1220059999 480717695 -1831511430 -199656596 -1399877307 -115913663 -1502004918 484867643 1266090635 1615454516 1773457493 481038233 
185220218 301753732 -1858225551 968977458 1832745879 26591808 396248458 -253919260 -2116360114 -1810278101 1471994542 277343083 -1884732624 -523265998 -1709272126 705950038 1327944338 1101858565 403961433 -1194866462 1695251478 -1288830818 1720440590 211693529 308412689 1221855657 -1102677454 -1925399864 742047162 1005038851 332848174 227392855 -1828879860 31439489 -1098487522 1327506291 -629395700 386845723 353153597 1213007629 1028767723 893030653 -380039020 
