1198368137 -270115006 -1792195291 -1993800229 -1805933588 -782373703 -633696378 -1626979788 722679972 74219275 
-1858541338 1476137653 85002008 -2041048686 1280474919 1466746440 1856901101 1675586266 373258077 1197582552 199588479 
-892471538 -1628877671 500746075 -759720199 -1557871081 -1011175245 -344822355 -1777374213 485883476 1895005113 -1812713932 -191753386 -828968207 316376430 964096216 907196392 -1516568109 1411780968 -2023920999 1909527582 -866657614 360955238 
-996532768 744789759 1103757210 813566001 1671039098 -142128454 -1027195327 948828416 194794566 -719705270 -1782329861 -2145192886 429112966 -1695284437 510154089 -682794252 -1070921457 328929795 -408602049 -433185288 224543852 1781103669 719163682 -2123439125 



-1564646032 -1164817725 477553671 -1440693816 828613873 -1668886298 1386834889 262576795 1209555511 -1147698629 378999352 1360203433 -1813714473 740249080 32045469 114485410 -539164696 524992416 -525326197 -454714814 1256045589 -362239410 -666504465 1417626002 
-574527048 1675372131 -2069070744 2030059419 -679468476 1405827245 1320722277 586209479 962085099 -449164066 710578581 593957792 -778089144 2129432962 904570610 1579636009 -762914245 1600173192 498309455 -265220433 -382835686 -2049939677 2051890206 -2038770550 1796059352 
1887479706 -1460307078 1286115194 307913956 -1339559600 1798616153 -1732095347 -1882992686 1040076330 1124299480 111241606 -16759196 2003520900 1518958311 657167924 -1100467777 75250381 1857973626 1137539294 -561918711 915771310 -890996125 
959363017 254453919 1752118225 -867734856 -1004927315 -1153774135 -123820249 -1977285419 742911074 -1420941772 -772530087 1230927622 1499454289 -1290194195 1644970468 114556224 -1704926146 1686538424 -69035308 307154815 -1108305090 -1223071806 590624276 -421098143 1041490709 

-755730739 592814418 -518260778 -624272399 1940474921 -1173753538 1722906346 -399319218 2044723396 -232485436 -1931458523 494693570 -2110526827 -1953391865 1327474545 -583258582 -1785356004 1409701708 1200618069 -1257849077 173515609 -2041433148 1652414885 1554470480 1594246503 -480673927 
-862859343 1816019830 -2021080568 -1872681262 -143828078 -1489805416 -1005785955 2143929476 -555741728 1602230039 2116219725 -52351918 433034253 -1801383158 -847497224 -296845337 -643585909 -88267070 -1993675139 638485519 -239275175 
-1400683141 777334741 389758318 -1032103837 -2077673838 1346566168 305292699 1624822961 -1056024690 -1043753324 -1805867388 1088460105 -149536346 -1550582055 -1156069788 -1097576220 1041381801 267131922 -967068284 442286115 432467256 833403464 685479787 1546803203 -1182275897 1261426422 -1780404353 1468059593 -2008970807 161107121 
305270621 27175306 -698580906 -1692840474 1513327764 30412554 -445756846 1639608275 494631099 -462820706 895794496 -222077632 474550408 2131885027 -2096504350 -368379692 792880361 -1300434617 60917152 605632508 -1836555058 -356806835 -1741215745 1190629593 1811720253 710206219 
-1337918660 1525182991 -1095694321 1919066621 -1917225110 803732065 -1272279506 1658489861 2013596584 -1389606787 212264749 -1502753297 -31322373 319886044 1798067931 1428602584 -1090940542 -130776335 773404167 -462313440 -948308148 239741068 1248452019 1925561674 -1532701605 -729151087 -1270836530 2096036944 -214765069 -2098644579 -609940182 
323728564 -635747602 78834477 -1775441514 -94239274 1214848074 -1998105048 -158209838 1280067788 -2069786090 1698172529 1734194942 -69820581 331305001 198173815 1192082707 1460096314 -490331647 244203515 -6376299 1769080940 257995369 1782337366 1922015197 -10739211 2099022531 197462081 -1167922093 1705312143 1559268735 115237937 -324250640 -1210655666 
-419111279 -1021501359 1092084332 1106731020 846410407 1482358859 -339235463 -689456512 1999152728 -270005257 153829160 -358561341 846861135 -1418215543 944549480 832056021 -359142245 -682379938 1270650384 -1335999259 1729875974 -111374548 -1039683942 -1068582906 -1733310033 872633234 1110819228 339259911 2122578118 -370371711 8079093 980680213 -1187705748 
781723983 -532453999 1026369531 925037354 1484202522 608882059 -1643471211 1095523898 -1685357772 417830394 199814225 -523690307 2000902689 152315735 1754040098 121276231 -1594079059 -106876019 1426867228 2000057226 -55022779 -1470979832 -559999667 806770172 -648896685 -1948163167 -1499160236 
568944286 -1692120138 -2027576275 544222732 1708547485 31079627 2051616586 567361846 -734661787 1650671544 974389039 -254886382 -144399323 1186409473 -328622583 1573110244 1609579693 -1863746163 -1557709707 89123690 -811478510 1205178926 -385858780 -40979829 -1942800424 -940448353 -543773 1846783687 595759213 79120197 -739645705 -1636536470 -1458650937 -1932335130 914641358 603590196 -760184271 -146759267 1246058987 
145205154 -1473885044 2143034219 284128865 341567714 -1185346865 -941129197 -1266606475 414216524 -108386003 -1235317891 1098586479 295207450 -1659637813 803551958 1665974804 -1410916694 1263931582 927022392 425631024 -401988114 -234108538 -800174250 
-240572421 -155775013 -773977511 -1463513429 -699443748 1999878684 1892840148 -13504751 -208643575 261871341 -311136130 -451535833 1272378207 389678701 1485497834 -836589575 -1376738038 638209899 -636309527 1251415289 1993412148 -1023869615 1146294349 
-674561934 -1309472143 -793268764 -1804688153 1316436302 984198342 2001273696 -1374170423 -1267766100 -1161241800 451984935 1195850950 226915890 557292220 -129701199 -1807987004 1333767057 444131787 2096314020 1659991565 

1434375116 2001462202 -1247617679 985602976 -1164294579 1466406154 -1216681624 -126853640 -414623837 -1991221498 -680367561 -1412973893 -2069696759 1502792970 -1628086750 279038513 -2130774760 344967307 -1798177626 1858423020 231660029 -1413699397 
1057815332 2135568198 -1800891625 989947336 -697515131 -393652050 -876038421 -503438901 1669260980 554220658 1862231365 1756444188 -824947338 -100109536 -213007279 746332401 2137799026 -1971398911 -139490058 -1558154231 -1559851178 -1096113941 -2031681131 
2050552913 546962701 -298582670 585099103 -1405712531 1974703859 -1101693934 1553964511 1429989155 -1739549859 1711319994 -1577066523 1000194496 672395631 -2103827810 1188751118 -829855060 1204667039 -603314347 1612590899 1386572065 -345886280 1102139148 
783032052 1705340616 175789503 -2036814798 -599143855 1476578383 1313443396 1026467363 -1739489129 -728114921 -1940519538 1230179447 -2101348589 973855849 -908359726 -2053743664 -1128975060 247185723 -146043849 1437111398 -1142415740 1329926523 -237064660 255751099 487934527 

-1918337520 1180598951 326371210 -2040459434 240951460 1418233107 1747305927 943062192 1026900425 -1176129735 -1306435361 396370314 -1245332 -973854984 -374680571 -759246475 -196397645 1547880837 -1042266048 753231947 2107667100 1273521263 -196304125 379968297 1844009532 1120608694 -609380474 1820721112 -342842253 515813373 -1629542315 -1479925769 583493735 986813928 -1371720121 1976515797 435850092 1014829975 1172150006 
-1373658211 961699935 -553327032 -1123063192 67399665 1721935259 -613052571 -1832616696 -1072728199 -16915698 -1517004004 -1103459174 -684135700 109154673 -1577327263 -425868899 -1980990472 52660163 1405874345 -894212111 -334948937 -1718294730 -385538838 
-1909949299 161522192 -118845008 1746605073 -2078350059 -378318371 -873697644 2009196416 -918138560 938674713 -84780808 2008480085 -361348071 -1839963478 1347383323 377849226 2056853337 50987944 -1464317112 827031934 -620236668 1984403101 
-233637042 260876383 1199161958 -1878357085 -621481928 -1301558762 429892481 334353113 -721726727 880072707 196324035 -738759490 1500035250 565511585 1407109888 484268329 994252580 1198970130 -944952491 -1238251565 299073202 198515898 -972016851 -1849965685 1394689661 
-1212792812 -1696048513 423452355 -854585447 -706224494 134233020 -79374447 -1637280814 2016968303 -268074443 1487549479 1150168647 -1277440345 262405343 457158564 -2145610690 1498684644 -1162780983 88473889 -945494809 -170847927 -1499917651 245677233 1561128871 
-1263802779 -1960245229 -352911103 1433860952 732215961 1724426112 7738845 -2048788499 1812374895 1178481303 -1243456937 761533935 -1843804659 -776568587 990673960 -769471957 865469743 -2080078508 -557828376 1564445219 2035435228 1028121157 -1680158923 1830438449 -528573490 -225231544 -528533593 -1043829947 -661991541 537549978 736769808 -693107377 -55376157 
-1652258150 463054224 1125838314 256486729 -1102722639 -443496319 -2087622495 829677358 -1508067058 901653248 -736710723 -395028602 1482906573 2116339864 -649874186 839318801 -884805043 917373674 -520926903 1341969308 -1032653228 1622038764 2079925262 -1334330092 464932807 494066861 1719472272 -803641405 -1143363976 -455477533 
88333623 -1905115441 1344799993 726539531 -525069041 -684207245 1970468291 866989299 1140832946 -326383727 -1775880402 -1409030134 -1664650639 -65050192 1940838336 968907668 386787289 -225828373 134204561 -1788629558 -1079548628 -235770441 1635161855 2097048638 -843382035 729562271 -1458787240 -231734357 2141640710 -1576933903 2011331912 -1439853810 -1175741725 414549164 -2130480418 
-1362586168 -1528290437 -307917145 -703973309 885166275 1231487319 788442474 1548165925 137821059 1636659088 -292964233 -2089133977 1908423652 -1931735674 -913491096 -900294128 
-1870536864 -135809704 673523102 -552064431 749066421 -1938237563 -1097566462 784839286 1969675703 1914577291 21563717 -344012074 -743567958 724569733 696311430 477664960 2027866622 -469258397 150821963 1092541867 -18870819 -1559926367 -1355717818 -1109373287 -720573102 1295043868 -31808094 1839919545 
1135990225 -704943794 -121694648 -1062618818 394000205 910679890 1297378320 798696376 -44528196 -931363368 1638283421 369230100 -641025872 -1838573197 -1113230390 1271993418 -273309524 -1688636451 -563978586 -599468134 539636451 1107818414 1330644351 -1297688584 1911459901 1152858981 

-254850733 -235892787 273632383 -765122425 -438020371 1223881296 451205858 411427341 400651901 84688129 -1514542610 -1176673721 838792243 -255144847 -1058727182 -363128779 -2004422357 1835619535 41159804 1584940270 1941005216 1561205556 -72208618 868857953 
633602402 -1016376224 -39199995 -1451415681 449226603 -771407344 1047729665 865127705 -1638119516 -264305558 -1682051789 -939292994 -27932744 882654472 222666380 1799086852 1318790449 1739312335 767189799 -38166915 -514541617 -1325114553 -931710382 
974047267 84770015 1458087306 -264082329 475754936 1042087403 -792245173 94814097 -1789506532 289271548 -685841589 610562134 1200898844 -552302820 261369217 1968199701 125337847 331784194 -1652227618 -957303607 709104390 -1628658498 
-581823419 -511274454 811495263 -548799042 909826314 1026859823 -1486639688 -953622851 -2092885259 -388410531 -82787372 1512319060 -1840114927 -2009165823 1577114245 -404749147 -1858840498 -1230119881 -1650312907 -1192745392 -1800659933 -771074840 218966013 -1343665092 1328442534 545856603 1103160142 -1711710966 

1419252410 1916384442 16282005 1088909780 787167424 1041157301 -444004367 -2099981867 5935764 -633695936 978490959 -1226576138 1612724440 -944319400 -1653385740 -2424846 -1526134657 855403212 -370374747 527179494 2038269403 1182496591 -512217919 799851377 -1537004352 -661164531 875847395 -396177753 
-1615201902 1694623664 -121470562 -747776060 1284763697 1250367746 -356152296 -487100546 -1288440443 -2130734806 -393484410 360548039 -653997408 -1722106889 275191956 1400218954 -739194816 -237109853 -2080649221 410602210 514598503 -721617073 -1997360125 719238530 -83524347 1474220602 
1545881117 144307359 1233256662 -2131401092 1272804310 1937715141 2142353121 -1388108820 1484131845 -641861702 1543800908 -1639624856 -849504846 770873409 498587238 -1053382127 -1320828158 347270233 -1795811980 1824672122 392555970 1481046780 2042361711 981593981 -549674972 378538749 2059343962 -1609539318 
955388832 -1657610364 800288310 1044687309 -741452274 -315375189 253646484 1721597884 1197256726 898551963 783246616 1564166026 2014197060 -1942607262 -1727003332 1262530714 716844033 -628771419 -2071198168 2018526255 8254374 1843589089 -2045273039 -1403052238 -747537169 
1126976493 -1018251281 -478364220 498035948 -737427675 525662101 1035463195 1150134739 -1938587409 -650323898 741935688 1926476225 -993631121 839870831 -868576282 327236389 380005791 -1946826473 -1895795345 76666105 -1889043930 1453367391 1166539149 -1688852327 -672770871 -971435544 1437127787 -2084675960 508325385 870932049 -687760544 646189208 -547938990 -1908142859 244404591 1892593173 
-1706671162 -122035139 -762832938 -1075394981 -923969342 -848306033 -890668689 371283537 -323485731 1205361663 -380943165 814679848 772854754 33203832 1486021734 1081460492 2109299931 
-24181878 927852365 -311959592 -1283146562 -1679490586 -1168159094 1848470425 600922396 -1863581520 -1937837652 1558827710 826812477 101641262 -139621728 -416275820 -1692849729 840779169 1519021597 -363395849 -1788815472 1333589549 -1163474073 -796020600 31109884 -1567495834 
-1329353501 -784805206 -1899933652 -17785343 446598103 -667482291 -923024987 1221321995 -1177858296 1763360388 -1044511409 -631420600 1582759486 -2039989879 1053336781 755690517 1087561383 -21319633 1136763221 1392786518 2016155992 -1684107966 1525639332 -1959023710 -559960557 -181774200 1614028017 -700380059 2087142140 590539308 -1161904397 
-237730108 -1867537072 -23443356 885346047 2052150380 1480417554 200579579 -856082426 1334452904 -1490990815 -1177962409 -2020738834 1570822957 -1640392580 693921393 80753571 -452583764 675397002 -430671861 1438175142 -1771776040 1393993318 2033430532 -1948808991 -888608019 48343148 -1353112415 
-39506944 -1081111232 1145605711 1791535954 1392793300 -1599974259 -1428907804 1093787389 -1816754887 124214707 -1749470905 -1375098214 -1828145092 6881395 87756521 -63371031 -448705290 592058708 -226933627 -1037949707 -996210176 -1898161753 -595945676 466926633 -381139949 
-1285061407 -899177135 343052775 -644507981 -816182375 1845850399 -1774062875 -486816414 1887194733 890348977 33434165 128822690 1884372630 106151261 1322959093 1177349039 -187156529 -867325385 1990686115 -962602349 1788723288 162519318 1909469766 -2111355086 288936165 257057070 920006686 -1160303159 590684436 985207448 -174919842 866248745 1698891777 
-45321704 425796627 649399815 -1181798192 -1984093371 -882652012 -491037127 1655022777 -2068510902 -1730919722 611384991 -797654490 978039918 1036461317 1580257501 -114397649 -924160742 745480932 1524936574 1780351108 -1230684826 1490296435 -112980798 -379828133 768467483 -898366259 399997906 -473261330 -85487429 -40220506 1845553953 
574101797 -1889044495 -828213878 -1164246035 -1203907058 471469684 1863836571 -371899437 -1635890764 164786687 1089953632 571115777 1942503388 293269458 -1132860066 -693321848 -329031191 1005904583 571222731 1631565053 801735703 -1867464707 1772154487 1191349527 
-360887899 -37549984 -206604759 1452151228 -19681570 2143355205 472120445 -2019842178 1268477081 420592545 764452913 -526904390 -304445863 971936017 -531896553 1037730953 580355726 -1304876536 -1357290517 1435410843 
-1575446093 -1495178688 -826223264 -1512086880 241796039 -1274381848 -1999766190 -1863447243 647247098 -306567722 2028219893 -135894041 -1643643962 -1059488328 
-1462823296 1682569183 795729585 1609758431 -2028938450 -1198144053 719294281 -526556866 257358310 2012893665 -194833114 305155558 1631302428 -1137844708 -1209338601 1651101465 827060834 -1329887472 -953249900 2070073727 -1884391692 -254940913 
1521886971 767716142 406979216 -7124064 -1246742368 1558005901 -1093224088 -1740760076 1389758320 244008527 -1601831479 428680319 -620268909 675259186 -161238790 1978808088 1000281983 1553426289 -284441424 -182493498 2114489882 307880044 -1590976008 -1707743765 
-1289439696 -1105704349 -631621860 323713400 -1095209324 73957167 2022980837 -541748093 1758169244 -1435508736 -1966213418 -1966369027 1605894365 -1488171890 1131856742 -455816575 -990345881 -1054421211 130927353 -2082555968 734625720 -694159020 -1648686171 1183133166 
1118208718 -16152414 -1060482367 1401309976 -1831262901 -473086185 -1423817086 646902658 585981569 1504581409 1646447562 -1387862611 1563709905 864247048 -1392746400 -1820462859 1505953696 1340336983 1867083163 1925024097 -1093133827 -365872353 -272512039 1017413099 1921119084 -1949239675 750836909 -2137213989 -1476291828 

-1905951279 1791712949 -119132859 -1308728242 -910383952 1573729097 2028064171 -345359623 -1036691057 -1180531434 188553313 -348917220 -724837463 988942694 -229244293 -1244002278 1997405682 -878445459 -1138037358 1389801480 -1859163257 -812113015 -1515432131 -570867182 
1234204932 -1007768512 -746072145 491809824 -1182339704 -1636570120 684605825 -963895097 89932867 148428563 -1167991916 -638251022 729430606 92792296 -1993737175 -394098705 -1427614091 1868929304 -1864481307 1299709765 1573641099 
1541136584 -1642905997 -1652223942 -1278306607 -998969653 1347329459 82562923 -530234076 742655111 1015649084 1860861434 -1138068647 -1297643851 636246240 -103331146 -1793046171 1104177827 -1913294278 4080291 703406279 691111027 -1897116778 1730737801 -1504777103 1942027915 -1414624772 -1480339831 -448173997 -183161285 1658584719 1578324163 507746323 1075164999 1230826734 -358704916 -1214703901 864020603 -444901720 -1055101006 1767644221 1293346037 -1467515149 1569384912 
1885193988 -1589388274 763648455 183077453 -95350751 -613522100 1205955223 -565198704 -2109761711 -1868081518 -1441612276 -1382915036 -1093921343 195835622 -1054299301 -1252712904 1680545480 2080708197 1419621992 -427528202 277217363 -1689221600 279408372 -234387191 -1527715134 -1057584372 699779202 -1706977545 
1433441865 1723122804 296402113 1072954494 1242110265 218266289 -688338291 713261823 -1884572491 -1905372955 1400916145 -2050680707 -1000629323 1779036923 686664682 1083024652 -1270222255 -1744544328 -1966271267 -628314511 -2144283517 -1511154360 -1480944364 884479415 -1104840344 
1125315064 -884006094 -1056803049 -676637355 103101940 -35199427 326983061 407316748 355841798 1717340196 597899437 -110270853 -716988501 949715509 1066730266 698541636 -799841137 -1028571886 1071220231 659293645 1570831121 -1391266453 1474625378 -2111187235 539312115 -1034029288 -1986401330 -1959699271 1369786100 1395359708 
1465096021 1735764278 -854378538 1407878442 -1809997160 -1030683532 2003632900 -1320301625 -607869315 1166950924 -1413489305 -1677940631 933526143 722444234 -1430084184 169415764 550196954 -695479769 1373458645 -1122608889 2137579210 
-314567164 -307905753 1485281090 -2116382307 -1441287464 1378208238 -1556278045 1714389640 -1130854927 1289420693 -880986824 1191096066 336443397 1653671261 1637611414 186458668 1174433892 -750904934 -571346085 376006934 1874865840 1495363425 -1603056558 -742670791 
1352327823 -1546622206 -584402103 -1537531542 329259991 1558343546 1374085740 -480653368 -1498555357 -1749192684 -1431182650 573740879 1196202367 32640141 1685956575 1798130290 -154583363 1792013223 -872279516 2091752740 206186546 1219474336 1919147939 
-1713066879 -7361677 -1777251408 1712656583 -1331392818 -1880817177 -1586843434 2093168198 1552887515 -2101177427 1972181294 -1756847964 1556786561 -1426084722 657036814 -1698624435 -1241018017 -1368132620 997401297 -1102346866 1044191280 -355444117 1030033140 
603351893 759846601 -444616228 -2146319936 -1593546507 1961554759 1003415435 -1647296832 1181926578 -1235119938 313422489 -211662785 312813405 1142936890 1985272926 -1400365611 681290758 
-2066667307 -64744524 -769515642 -1403281342 -2101642382 -1162685263 -1706806726 -1350826923 1772897421 1593554299 1169271782 1750288716 367014017 -1061436222 1969423889 -1034700779 -1161899526 -181199127 -1019984269 1928867081 -1608390820 -49733362 -873784000 1820005680 1131744515 -364374356 -743856807 1387157940 109056636 
-998662076 -371457235 -1897236254 1802131561 -1389823471 1811691735 -1703983032 -1951090286 1689014685 275276254 -352712797 -1848999327 -2141522569 557694810 -1208003465 161602177 2121949349 1005790061 808016797 -1745992249 -1552426356 311143591 313335247 1072164398 -843996459 
803885917 1594052451 -1193422589 1936039414 1465293423 -1681046529 1173289809 -275695130 -1999040537 1131278814 379816864 1760099637 503686614 644090534 -303240178 -1479848956 -2041925499 16403827 -644360420 1870025137 1815071287 1471087721 1303516275 -1710435092 
391761109 -1408983562 1494302770 -1470004555 -1629061687 -964642885 -1320742684 1817078773 1979948978 -1296569704 -2011006186 1355783257 1590263143 -341795938 -224047988 -865119720 1184610529 1766253309 

-867189347 722200673 -1193299733 -643757629 -1860959771 -505594560 -1040688846 1693131000 2003190867 2116224126 1919828168 1323106546 -369838611 1246394823 -365800093 1904100149 1491057236 2028257404 2068289697 -1735376393 -1542991493 -558563835 722611062 -709000255 
1048263236 -2018482928 -1756550963 -365203156 -1250651214 608147238 277137964 1250597560 -956949782 -156511498 -182630686 1086729180 1813871535 2057311841 -290383219 -2118396574 -1659985305 206098577 1831290313 -1525596274 -2029278094 -802968008 1888039449 1498200693 205176123 
-1573298558 -1851769436 -1511334801 -1090842403 -510909035 49338208 -536701751 -474218130 624284164 -1928226868 764876081 324107624 -767067728 -70057093 550831758 -939779765 -835266406 175923644 1801332362 -804638488 935599440 767643759 1118739173 
1700433411 -637251963 122343866 1708316836 -2006926517 -1998350168 1375078859 -363471977 1926661916 2117879942 2089407305 -289192268 826552399 1087253668 1406397262 -191781995 373189486 1563658548 1109742722 503649752 501058584 -358060456 306002214 -1898287957 114252804 

1146173812 1814070013 747658127 -541946668 -1175585049 -1671698128 1831522824 -1100076695 315130862 
-1492861367 -2053482405 -214974560 1232231041 1219848795 1539377069 618958195 -1060001104 -973060479 664932531 -1331491419 -1723159084 1185119458 -1276950178 1674302310 -1580944364 -898634280 -73319636 821116561 1780593255 1938576169 1257879915 -49303898 632775125 701261859 -1663888042 -1265614403 -1564947777 1316249694 1267649601 -785225049 -1853798556 -63526020 667120643 -1567599816 -2104037739 -574415373 134813179 2109570841 1581693861 186367662 194489811 1690161537 52994650 1012201557 1060119953 1602698049 871242892 
1823187582 -2067551563 1025901532 -288192865 1278562649 2060344440 -1883695851 -1138761153 1981558528 1553811245 -1333222821 -474477377 -1097281284 687985155 1707016396 -575343116 1408375268 -981528489 1216365661 -1371983711 972279729 -787584245 1670069249 1253301881 -2067087747 -1351740811 1063998502 627610782 -398090308 1287827997 -187211362 -1388297640 -933251711 -1116549239 526406857 -100930604 552817833 1069690135 357417879 706572900 -775999285 404267360 2092327580 -1233548365 852222990 507925019 -993775485 1638306323 821188725 -1245344261 -1142088740 -2052851908 -1945143804 -181858487 737335617 -1839297497 
1972115444 1440432542 1107080137 845559603 -1617688807 -850810309 2001780530 41506200 -2133193075 1473587437 -2057732674 985850883 -278825968 -190865158 -1191166000 1610672876 1538407302 -875317090 892578195 -1115188749 -1772172730 -1349801921 -1779101080 1501032328 -1458137387 -1773647499 331251232 -2134454209 -2081754375 -717596989 499033103 1260092759 -64427330 1152571160 797415675 1297790997 1568307365 -1574327094 -274762433 2133261499 -316049893 1034141028 -550909013 
