-2041590220 825943964 371621089 863991744 1838161728 2016518654 1188441271 241449746 1013108739 549038136 
-1532426630 1734332586 1228506212 -975919140 1931958427 -396193601 370384585 -1548423614 442922668 -1367767366 -2048998496 
1316529244 -290612224 -817486324 -290478773 -837089674 -1677231006 942589365 -62754426 863552457 -462376300 735376101 1872671044 -824487993 121261660 -51802907 -1532425563 -1354108316 -1069471208 -1756228850 -1994135983 -367000584 -1274387315 
-1828339015 -2108307577 -10953413 1424298871 1682720295 193636839 401285834 -1154810488 1281542805 -1876668684 -1549279174 -1714388593 -784811167 -600702584 1117768550 -688521471 741747500 785508075 -564734435 1884000977 -1810596331 2116524214 1212329675 723623857 



-570832539 1439119828 -1199676868 975701674 1535492812 709174591 -1334106335 -43098723 1469010233 1333102692 1426689699 1852322740 926414805 2130812686 -2137044024 -1345347211 972225626 446214174 91655170 -1032192012 -1771326336 -462899708 -1235958477 449918377 
1427604954 -1578086501 1739193068 -253307535 -1326102274 485117697 -1198513373 -1120224186 -322592799 -599652136 -818045793 -1600410334 -1138514999 536084274 2113775856 338965460 2107159828 -1900608136 1609870002 1915373656 1112088898 1200000336 1058814446 -714282127 -898454978 
-605690520 -1975482105 -1029285926 1356939199 238661941 1234536006 -1291396385 -335448724 35425503 234804810 1174377345 -158595265 392154167 -241379654 -951531605 -181439334 -1413843853 1121667922 888949795 -1218817969 -12874517 -1386297530 
-1000822323 -2137413683 -55690243 687857214 1832166225 858003797 2105139076 499893399 -1971243819 610572582 409488960 -1342435661 -1951268160 920841730 -1201551453 658977590 -708633905 1527469239 869565500 -1257335309 -1122782729 -682944712 1131173152 1141225951 1236649437 

-385821518 1730992173 1966769703 -1201981639 1890493 674676120 -383513202 1089983983 675251082 1538744823 -1831699013 465707389 417853967 -2063582092 784377109 1806872481 -333470718 -1581191477 1499684527 758889864 -46421587 -1071222167 -358455822 1995602066 -519109970 -211346447 
-1641471453 -763121767 -1954754352 206667284 339073139 -1395347318 1694780020 -385659661 1987538153 1859965131 2061270397 -45993585 -1746174087 -1144054130 -691583916 -1404524661 12552361 920736780 -30887682 963942015 -1220505009 
-1718519489 1130928391 124205509 -1474362736 1963339008 -160320612 -385348834 -1308815551 -1002184500 713231940 -976862040 -1650505780 733254196 498948552 1587546293 -1133500934 -81567473 -887120573 -1138283908 -1114544421 2082127944 -1623003746 -1691457527 901093652 -440439877 207053449 -163305736 -1162879376 991320563 132717252 
-1176888220 -1471265732 123316896 -1643346493 2017146379 871352525 668613232 1459656826 91467675 1586805910 -903175175 1599369007 -1168579519 1294744030 1244802653 1014274583 1965693154 1004106491 1686931658 1903000746 -2045537061 2115308726 411416741 1055659119 -1838047950 439312928 
-665909372 -1621489944 592056967 -1911825054 670896236 -1718303869 1447970006 607341373 1387605156 -344298147 -719891961 517511950 1399390740 512963672 1618288343 -2124919088 -1042254333 633390074 2110581457 -1151329448 2010176131 1347445420 116721565 847426338 -1968582844 1717028574 -504957735 449195426 533175375 824198092 559525320 
737949065 -399802137 701941469 1779086896 732276828 -1192562267 -33937109 511362768 -1861596875 -1535260845 -1789042537 1952622651 -2042059035 959297002 641582293 -395773078 1957830939 -2006491129 439375790 1038705928 403289828 1808769706 1472089690 1445682598 -1435326242 369465391 1236361080 745886361 894027225 2015715069 1670258691 1866362052 16769674 
-525600549 734847095 -895995582 -1029492084 -1768876110 356814252 -1861773054 -1203190886 444539334 -751392159 379763319 -783993252 1380944933 -742929209 -1699828560 592584330 -1098124699 1007672829 -564120385 -576688478 687487945 124109208 -1609630813 766516823 341667513 -1160756902 -1051044405 -623902443 -756997336 -805003081 1219710796 -341261752 676517981 
1653423063 465095030 1483211444 27142266 -2013923229 -334688263 1934175020 976806485 -755529083 -1945264401 1536416595 -326887465 -241815675 -1336262065 -67668151 300354869 -810897054 -23045551 -139560493 -1798640748 -1348334477 1844122134 -1454656912 -1612480959 -609776465 688582485 1304321666 
1167868827 -684914448 -591818015 1966711823 1313859700 -720095461 691585946 1568630654 1986047470 -18779156 -1635409561 1691679620 -325025231 916152459 -1961110528 -35363948 -537864178 746918476 199670220 -1841631161 786423019 889511177 1353182159 1715125914 1200400750 1727805487 1191578503 -1653985588 1333853836 1759600079 -1209549070 -329683921 1018766898 -2142962547 -84782152 -988566030 -2130548843 358857300 1664902072 
-7977081 -915894788 -534464957 1522540472 1068404891 -2099027178 1723963020 941259804 -218447626 -569529391 -1249766674 1743238322 1817756518 -609345799 867486038 -1059724845 -567100662 360518940 -106609483 1133740212 441325073 -266862799 -419895412 
508484813 -1267797060 1186812550 500718267 1389383876 1962967339 1836767795 920483741 -1634603779 -1206561203 1026126473 287461018 1238469960 437997092 1143519687 977775482 -574805645 -1713824358 -645504957 -1995045147 -960786315 2113571642 -1134833794 
1002281627 -289649097 -422261801 -789687453 502259585 10908057 174196416 113601280 1683260386 1773004216 -469758625 951291701 -679776105 868886147 1383879367 134044493 -107189484 1711516386 -1733627265 278709215 

1031512896 -536397605 1315792985 72596665 1927495851 1454378398 -1796616472 119344697 -611381329 -1556242717 -805214393 1070034138 459866645 1995583828 -199630408 -982950221 1841997739 1965231682 1229093666 -1675417076 1348440283 -158076699 
921361843 730702776 -1736121235 1317802070 -1929399050 -1115471871 -1429246324 1554644748 -745191821 115566066 587925298 -765932256 1754151983 1137008871 -1900283135 -1473664068 -970364049 -141832616 708487893 1652011567 -716187275 900054633 -1440660621 
-1914325727 -31476344 1808771509 -1522929284 665896830 130547882 -796262511 -408645815 -742151195 1100273563 -762929235 -473461635 -148224465 -783704992 -1908585461 974304980 826090776 31196517 1743250506 1658680395 -1394994175 -1601707593 1478405739 
1862640637 1300054284 -1471103292 1248261633 1906295303 -2041272690 -325850465 -1920730360 -397728983 1806553776 361928081 -679645745 -1512958844 1168920946 -49221596 -1185714542 -1259932351 373638636 1754567667 -1434153455 206352510 1750239914 -777417795 -1860852355 63579380 

-1570274543 -1507152343 -100629886 1462558179 -1976750829 1645187268 503472895 1402605500 -1263767408 -2063678016 2046752745 146307843 559014054 -1894706710 -1094071336 337649216 148686528 1964486299 1550538803 -1087305671 454673671 -460602085 119280758 -1489149742 -1636281774 -178520600 -2105886201 1393423423 -2021749728 -1152814925 1613882818 -797231547 337083458 1824158538 1955669191 1851389395 1811183344 1628398234 -1277737348 
-1416423755 1811507270 132291842 1078094772 -1590929567 187806584 -1402325334 1505439016 864558062 -1403939051 -1883849624 -296683500 -1132938879 1805012861 -922700977 -184202348 1026268260 -836366135 -941488802 -590636464 1773087814 -1440373885 410499517 
-294326682 -1993940012 902914844 -1472446441 -340967577 -1964620965 -1270574127 -1154453823 -1115036742 988068072 -2139562079 -1360676805 346036088 -326496080 1454187961 -1284788306 1098543752 -1829520769 -905286458 -1673248253 -1194959248 919135555 
743079058 -1667488513 16215183 1153192271 -1349305367 625798764 -1448428077 -633824015 -605090316 -1611584821 1174476888 547608454 973187817 -1950173325 -1262876900 -395429668 1075216040 -1503353871 -1320239078 351737731 -1918630608 -1755995432 1122551360 1719789664 -2010780366 
-942322481 252344010 -1187634917 -1292474069 499876213 1885743742 -1397159074 517742037 -1644677119 -320626955 -1331990616 227670939 597437571 -629227607 -741288697 635673456 1898653081 -1346753946 838349591 508474610 -1582559305 1141912474 94571753 -1564913752 
745606390 -1385938239 -331332790 -34959714 672018774 456229259 -1004579361 223915812 -1524346507 491802658 1348404036 -1782067976 -386381192 -588263330 -556625298 -849333307 170343290 -1996098113 36690012 -57401973 844257319 1313046180 -596201281 1453331841 1033718199 -1010352392 -743193758 -2064981178 -7582733 -2086780203 323270151 38044042 1937213165 
1456780587 920553455 -62605030 413359001 -1162510843 -2013062014 1980672441 -1369604016 -1105876424 -2087406575 1355131351 646007757 476662738 -250956828 1733109456 -1682092858 -953715480 -927624840 1421659169 1075799214 -1762922028 -407143655 -880354373 -552869746 -485177098 541710437 -1629046336 -1223215404 579486217 1746672416 
352963348 327219636 1094200736 -1473114087 -1765453141 1435194189 -306712368 1000170533 -305134918 -1428746837 403334781 1374554090 -1801564936 -762196458 524368213 -784568433 -9665434 1457157873 -1763709058 -1252543009 -1661806987 -41269811 398738441 1383906412 -1158532907 -623798378 -1713980916 -211064961 -1484610672 67774370 1574169599 2046093843 -1073271436 -116967303 1601620879 
2138530828 -1842633265 1095271320 -1436132686 -848844978 1989514048 -1342015468 768007201 1447852321 -667364506 959695862 -579801881 1654821649 -1429396372 573886638 181936665 
-1001759823 -420315125 -1130676284 -53239676 1134445479 2137398435 1378445417 1795843404 1549853299 1887508513 -1223279319 -1040805407 -610815391 -698822936 1417613830 -41256911 727769070 1853187297 -762086840 -1531295591 -1809930379 1685781964 -1204356357 -1915892399 -2076827716 -1652061588 -273022815 -996261880 
-296620631 11871192 -1390254434 1191950709 -85663871 476029403 1837483591 -1958836640 -238789534 1673678178 -545717291 -2064099064 1164206511 2138611656 1573537888 1703624139 -1077687816 2041268054 383922251 -1019142284 -1028586572 477162939 260380829 2069591626 1996260078 -1703899643 

1719337560 730745612 1504671963 -2024163532 -886446557 -549596858 1488119600 2073294687 581117359 -1207220289 985362458 1020756119 944931997 1252548637 1309507225 1886667499 -526754984 -558447074 -805597692 1009101111 -1484992380 485129837 -2127994952 -1683142381 
2067354187 1073633619 -774600883 -464582742 1707103550 -41832273 -1158500123 133003973 2001642699 -513411728 102092847 -1070759229 1403355157 884266269 -1677993800 989079607 694872983 322837037 -1447455992 218294891 864640077 -2020213535 -1815312341 
-1180083989 -1373247335 1051400170 -430859791 -1346581397 -2026496867 651075811 -1352440297 545385530 489037369 2138956838 -42206365 -46853734 1604083293 165088497 -186382937 -408832740 1584738875 463638681 100199592 839009132 886423316 
-495250677 128648895 -1502755204 -1326733668 -1608212436 792441580 -1230485354 -1210361969 -1362162771 1027782074 -1367305518 1069324516 -1442047362 -2121177957 1430026977 -1835400074 -772432208 552713106 573734251 476913600 664086595 -97109149 1439624543 911125434 -2040949547 -1596031248 1059577584 -1849708357 

746884509 -1275783993 254430441 726930299 1849498304 -989834163 1905779491 190785327 1251609909 -2044108497 -641899922 -791890241 29399710 -581339041 -381894362 -1118713585 -1117513276 624900980 2059362299 500313919 -1681721874 -1976363154 -719291804 -847259619 -1628069879 1493835709 232841694 -1055598986 
-247621111 -564815043 532114421 14050864 -918520686 1317878942 740089207 -283850890 -788657138 544712270 -2131034254 -724491320 -32086802 1678721373 -1904629282 1247736235 601797423 1583136028 7765727 2104839887 1846721788 261304224 -1278349617 -1804078275 1205983506 425647757 
-1921526994 1996940052 -1125216110 -1458538383 551151499 1096724685 181375256 -782489808 668376255 973282183 805404240 -217782657 -1438103456 -1697595217 -1153851686 407018827 805489214 657026069 -906973596 892929705 -664274496 -608516135 17212800 632593393 -649193527 -258117634 -1261505787 -1630359513 
-592395581 -1887541322 1894199233 -1753254993 1705022036 -1670664840 -2110836881 1846439355 -1050326461 -1946663785 408291125 685646990 -972268765 -1141168843 1995113203 221913499 1944316732 275752271 -1845084304 -1346196700 2012236298 -1690984838 1319161265 -305434136 175683784 
-287704628 -1931431387 -1667256946 -90333149 -110043939 -1591132461 1806363599 784499505 672934829 301159139 -1905528035 95492949 1432521419 1518894506 1812917084 -436398415 255051730 1072930001 1239090357 -1131252532 -190244290 -2078608703 -1132486316 146940637 -630077247 -1523125019 -2013056836 2009840462 -1766631238 -201229212 1876849730 -1676422910 -2060340521 -616396875 -1645433833 1630213929 
839962536 1443715856 -1735747682 -440286478 129354148 -1990950336 -205364127 199231547 846523539 1739551042 -939704855 -2038719578 907257067 2106146705 -1616933160 1711758305 1828144132 
782995195 -1384733459 472009282 173688663 511539535 1026774484 -581526864 1733969028 1754425956 110553111 -282412935 -1185136788 294694084 1219809753 1423575478 -1637685893 1866760765 -704908392 -165466853 -1262001066 -1809291142 -656309239 -1779019777 780866556 1425996395 
2101249298 179166238 -1468759924 -1332228080 -1862286601 991980931 -1583796329 146105124 -387388650 -2088580281 -1810317218 697047416 153089569 -1359102885 -1427775762 -373675345 1983965895 -2025168075 1573061463 -1323238147 -1206545453 -1092755408 1264269160 1341607883 -1677797081 1415796130 -1664171222 -1023509701 -1612513965 1807808804 762727821 
876200460 -1471406726 1776633385 -399035541 1126337379 -1701766501 425434166 148234953 1381078085 396550822 -160234248 -1502360217 -717761704 716044134 -154462106 -2078303344 -720884080 560565093 833439819 944293046 -1164155256 535481621 -2132025953 1531334338 -634407543 409126838 1297671973 
1530236045 -411449956 898973436 1250137760 -2021995671 -481525778 642606718 2072630797 -882194358 -376397168 233064452 -894319410 -984484072 -1784973603 -1152546041 526736982 -2139982056 765084377 -1839996801 -833089737 485030440 41336075 -1023869121 -1639097392 1525897356 
710998334 -829912230 1298978008 -15520426 257623684 1377870612 1871092957 -1120211030 -84747759 -797601015 -781600048 567920487 2064624999 162651293 -122944769 1400276621 -74479721 -172006191 1313371570 -2049353833 1806885708 -599233634 2105625618 1137092059 255042106 1402226635 1270817123 -180002809 1739393547 1028419751 -369745326 429253807 1306787515 
-1821022763 -2135981682 -593676174 432804232 28648530 -2056449475 48095000 -31839659 -1263921103 -1896255172 -1805955819 1191815376 1674249186 -1365843996 1631834048 -436945000 -1621640255 1646524416 304704322 -356641218 -1400659091 -1753924626 1144446702 856478265 1534544467 -812762847 2137271471 -2076096271 -28290685 -1722372795 477800384 
1913897069 186911815 2065329988 1643541702 1060961006 -1636149030 551360412 -590932695 1369022634 2096875831 -1350243400 -606572320 -969876668 -479818656 1650583217 -966242864 899673037 1217139160 -841382365 79372841 1022071642 -1621497566 -12015009 1409839708 
-203855452 -335205190 867724072 -2002084539 385512673 2023358798 -2062324498 269298113 1790564094 1336781650 -60966360 -2051991449 1011963283 553785453 927552578 -1489839743 129425015 1758486663 -862147244 432361283 
883778463 -932703690 -444391927 860869190 -1151535539 1931374919 -297736941 831313614 -529241025 1986695134 -1490151109 -1922476056 1276743212 1556070101 
1535646762 -272764645 -1676516015 830603086 920155429 1904486279 1927073312 -1903443989 -5930751 1948914813 -1994918418 -93346937 1327007715 1641764566 -1359669766 790921432 1568760042 -524626224 513499609 -1402766006 -614395074 -2107210097 
1220923333 1559117488 36090648 971782379 278784078 -1015849136 123010297 416951540 -1925446147 -1608722915 -1534008162 663582319 343402066 -465710025 929782760 -125077647 -433947500 55703646 -1731495792 -1445819869 109921618 -1059985363 -1107857473 -454936021 
364323110 -695891653 1217801462 -1912542624 2077018730 -1607038987 -1343954022 -532507971 -2044427809 489823998 -1208063498 -851405393 -675553079 1596642783 -1799628949 1889031085 1338002220 234880782 -1197364741 123484868 -1777294630 972695750 -843238253 502151525 
1395769894 -681011474 1384724418 -92647574 -1793268882 276656114 2016070446 -759494060 -2032033853 302763901 366098446 806915277 -729054579 514011291 1057759172 1355708954 1632986644 -424535545 2090086094 383033280 1244821471 1427761945 151136649 -1593317209 475560815 -214652557 1085710391 1741386066 620444599 

-1762343990 -1359181693 1061208967 1729416440 1724247943 -1918243028 93945810 337904829 577121320 -253657782 -954927962 -8606025 -1554757056 1110652309 2051372835 -279230347 1407811713 -1384458054 292743847 -1784099277 -285108468 180283343 -660574526 1786261999 
-998880732 -80046889 102609156 1309365501 1709711020 -118800910 216277082 1439764623 2090233613 531074576 -544565202 832221695 1772670424 1631371597 -1751471455 1249054305 -1753626008 -1954139654 1120195997 -581562128 1098581260 
875485105 1159233842 -2017735440 979472210 -233981583 1480634525 -859487403 2058958451 -1139652886 -1290559214 907544513 905717158 1237092968 97070542 -1386863770 -551329991 -1519639872 1562467740 954763509 9238682 94227573 -2064614014 1119477449 -2091760470 2076607273 2015691850 936373997 -117860571 504485774 -726712790 -2036118874 -2062243611 1361394990 469333860 -1914011235 202734198 -1871979853 -266669446 -662081461 -1901003980 445694267 434064596 1538473065 
-423090948 -722026751 1197373088 1146029804 423975707 1751735536 1702494209 244767411 -656050465 1798469400 -1285667720 552715297 -1245722138 -2056008027 627438238 1333259597 1842625416 73214006 -5080995 -1968998920 1495846416 -1278035818 1471215187 1873079701 -1990488010 77131426 836821565 -2047987391 
-969257278 861775029 1975509866 436444628 -2010012887 188787853 -402618595 -339309724 -1283665045 -116912380 -1435821570 1148332401 2099630934 -214031556 -2077155376 -1733490875 979704410 -2092240221 -61109474 463577335 620770590 1148390358 1569757013 -1153354575 1898697609 
63043861 1173531214 -370519500 -1804590122 1602686810 -627568580 -1998033901 -832977032 711906087 -213425854 -941804266 -190537967 -978522078 738910511 292163826 440553676 995412040 1174501688 999521467 -597213092 -1104079799 1524715599 1688434081 1072060169 -1151457339 1310600247 -906021851 -187344675 1138910442 2128161854 
-1078659850 1140390934 -306324100 -572046748 -474088268 -1576037864 -1800868005 1050025208 21706218 100754959 -1891687888 2124887429 -2060418061 1501264992 -170180704 763093715 921011067 886193096 -1187688993 -756811608 1473818219 
678425712 1076162275 917272912 -1355029535 215075704 -1711459587 -500516458 557843836 -1352183965 -1911553018 131312354 -1608076977 197938797 -1119652884 -2118762858 -773265109 2131781521 -125585163 1504370918 413783383 -1018526499 -226484293 1819948749 -1794344028 
1440305610 -1530253995 123637040 -1442483556 1470549303 2086311419 -1537383926 -668560878 902636852 -2014389551 557797101 -319916661 123357902 401069109 1705809662 1603461996 -1411443781 730386661 -1972817599 -900719227 1262268299 -1762378906 1292902009 
599537040 -352509744 1883323900 1011519433 960077091 -1112555201 1020001597 1334749268 -526361222 -1903965529 -1029089197 -30115753 -170321116 -68025128 -919406210 -882476710 -139795584 -252893029 1999741565 979349779 -1884927473 571531561 561998707 
1204256594 -2111301515 81094469 173262356 -1659990068 253651484 1463144060 -737681500 1891133141 953328322 -2018610231 -767455086 1438078907 1572082177 491198493 1180161189 2075158921 
591252757 918364605 1202420914 627059770 -1932239854 -1139294193 987500127 1756357111 -669111431 1748599110 1802470665 -526986474 321113114 765391251 2130258509 -2099137449 1974682401 195857689 -146555121 -1364315984 424976411 1710374180 -21083136 453996769 1607668465 -1645933538 -139618374 455850489 -96935112 
-1359223864 799372102 -1250777652 1062919806 236855250 634929041 26126868 737256046 354929297 -1072393377 -877901643 -1257902908 -349132603 -669241462 1994067168 -497133220 -1887424487 -1114630411 -756159853 -1343398521 1894402930 -1471565980 395466970 -584234736 -1560981746 
-271468760 1838986773 1580347072 920894525 -16223095 -1945863841 -30420222 -1110918695 -80381033 -1896220552 1016333544 1399859007 -1948365936 -1474178447 1993615664 1834455777 -114380359 -560312621 -537495661 -1098896866 1370418674 1194973873 -1780047630 -574835259 
-1716074455 -659207831 -1307130170 -1584257518 1472628766 -414253827 -2130927709 -939178581 -1930914801 -6785466 16020597 185162033 1069675038 317355356 1865079204 284267510 -398899575 -238640405 

1856904781 747055008 -119181718 -610655467 1290384548 -545487329 1996604807 1603171241 97849174 -450968035 -1984658352 42079730 189293734 -542977705 1783224657 -1440647176 -193378002 -645986378 1893550494 -273963965 1053977976 -1155197778 -1475891436 1836448592 
913332463 -982848297 1858628177 1140637351 482870034 -1891778839 239396417 1434329498 1167612910 52142898 -1587525553 -1526673122 1468834004 1267057183 1524390912 1719484483 1025102639 2120624109 -1142865104 1559078146 -714311113 1937851155 214006488 1334209558 -1159060625 
1790806457 -859507132 -1936874887 -1088671631 -1316054010 -2147222051 1970111205 823148962 476931055 1947902860 -134567849 -309097089 120705456 -1174322006 599101293 1181638959 1453641104 -1528907956 -363738744 1361448460 737565475 -680107525 -1203424810 
1561451088 959256825 203619268 1204530616 -2047146552 -647949140 -765215724 -1376996381 1380700700 -1176118093 18513631 -1461578352 1816602275 1470924891 1643431139 554059452 320103595 1063253387 1901718514 1148042361 1156173679 -1672885941 182321922 -927247637 -1384498635 

-2093856839 -1797302179 -2115655379 -2058378248 -1335941475 316867425 1723377003 505483469 1541511847 
1437792810 1210748267 1337792406 -490759615 -294235937 1583041474 923818504 1869982848 1060303641 -2138599278 1063386608 2115265102 -341472646 2074106082 -1554721951 420852396 2036078933 -791436006 31012888 1496506864 1371771694 -245274370 959858330 -45720394 -861794067 1121700119 167100970 -1663515196 -377312861 1034418416 -2096873937 -509439599 -349690109 1786894292 -2113994060 -2025289581 -445589255 -232678915 -1531244315 1579830925 1148016945 -1623677191 -2051073931 -880772373 1862808913 1442768656 -1962697697 -411041937 
2025688758 147345564 -1761308769 1728429827 -1329259849 1975991230 -1638969850 -2102404648 435790927 -1836831435 830040429 1853732080 301269347 2095812323 185799773 744103389 -947337018 1398558128 1559384391 1586488835 2100208230 606173952 241348927 -1638225921 -612058949 -1670029667 529965628 -204867525 -156847894 -1764628721 -1670469883 -1471669747 -814540719 -1422922283 -1148947593 1770016108 2077400998 1898159983 614893244 -1067173606 924703801 -288783596 -1244516108 1155813684 571147040 1601016043 763508336 -875082307 -1336093595 -318643744 -1089498379 2127299004 -1373586140 1998146774 3367125 1582376089 
1860318575 342726455 -1213713759 -203234108 1796568870 -1740613428 -1564364404 -630619935 459022422 912304704 885648344 -2143304862 -630538414 110025107 -313296705 -312902615 -1786933843 -174368863 481321252 278446710 -189211815 -281783138 -1650126821 -639082658 -926966427 841077953 729316090 1083152002 360709394 -1058159462 -370107611 -408561623 737069061 1575671591 1943877151 -758120564 1499793093 309477554 986215074 348892014 -1277912976 -1320340982 964689746 
