-2041376802 -904137273 220420441 710145499 1521231981 1440980007 185641523 -1952534343 1161908978 79466475 
-320388837 -2069995855 794030242 2044035830 -1045435183 -1391994704 2092471582 -1926207672 1610445608 -2000089258 -1514712050 
1681374227 870213442 -1171507759 -1212697147 -397771144 -584236488 854787135 -142243253 291310508 1299536159 -1859073082 435277357 -1293838532 1508270869 -1968690464 -1518935912 -132174683 36398984 -84874530 -593100108 -1925549930 -576325585 
-1980852713 1286606906 28277619 -1496250834 -1452743704 -1197397181 1377829034 -39736689 -702317542 -2145600527 -1335968850 -1897332784 451017105 -355251226 -1412773428 -2060240798 245019270 2143979386 1201470435 -1061842513 854695965 69402333 2063211824 -457293490 



1093796285 529468427 229927759 -82480284 -1432523484 1617459248 -287262731 -1106607124 692739003 1300415175 -1912570857 -1714837354 -1858712268 -205872418 -1631120434 172773239 970553543 1880790066 413376077 503247156 -138618041 410503485 1887784640 -480959984 
394613473 1122638309 -1694650146 1110741073 -1998548051 733225483 -1724496400 -291044401 335263421 -262597873 1382347620 -1982189080 1072443424 284701408 -1882801996 -966541761 1878513944 -439004143 -924624766 775896573 -1456398869 695804869 1531044180 -2125297203 -1515702387 
1196133891 33204142 598565240 381936370 -432761650 1090340001 -1468641900 -1050271735 -168748293 -1146027633 -1295464630 -56890614 -543519411 2030464792 2112726985 -621687949 -710377969 778582697 -879824230 929551172 1219429116 963916340 
1981273179 363065462 1535799936 -1002349628 -930109726 1504266069 -1496477814 461201686 691506887 709367043 2002669345 -686884519 -768054628 988392614 -226998304 -1753801630 -787594457 1636839014 -1727346733 -1575476171 1934500105 -317067547 -1461901503 387751557 -1691756833 

307564048 -364275339 992846512 955069926 -328240531 -520431602 -406664471 -1243723638 722752274 -735551513 -1798032340 1772841827 -699406399 714040053 676932363 52836037 173979188 -1893762207 1099218709 -122336493 874395867 -667245356 -1453692584 -907867278 -299355816 -875909215 
-297426219 -620742300 -285549811 1501474363 -1760655917 -1825030208 -1909686041 2039207192 1360950533 -840145876 -775381798 1955061832 -1329565130 -1627780060 165241739 1336060052 -1775773149 1877980786 386463505 -2098788783 -1043759371 
-9746878 779163119 75737049 742053004 1160008904 1616985073 1336329363 194242421 2042816099 1045878009 242680725 813667506 -489410104 -1646588390 -664309054 1375169396 -1103875800 -826832698 1607165481 -1637890131 106701023 1529966979 -26576549 1167144701 1735603640 83909761 -802913864 -677588189 -855631048 -1581414380 
666328833 435761507 1995393538 2044025019 -877573042 244129040 -1685401042 500419614 -339424633 804741197 -1338090672 1266307233 1884445983 -1698610574 -2049786239 2124727212 709860327 -568701079 1265762706 1977592844 2012975160 1184146176 796795115 401776538 1447637266 -1940837386 
-212773100 1522872128 786065850 845803256 815854733 -1523732264 1376262592 -1989422745 -374292609 -2136669939 990572244 9848923 34430119 -1379234960 -182174079 1000464713 2036493943 -212279334 719694810 -1690469819 1450320928 1927439957 933818248 -1887193704 -1837580467 1571474837 -1775198240 195037551 -1902106708 2121347489 159831212 
-755583760 -1965739466 -414935997 498884728 -2002889206 -1466893772 -457011013 275754838 2082440076 -2109880229 514774516 -1137118730 410129745 -1576445253 148874981 -511335042 -1235517240 -697151840 -1152237847 -1437956763 -538937488 -923775130 1024474053 -813114102 -240395087 1761360249 -810746017 -1893098133 2137440314 -592054926 -390010513 292311097 456406533 
900926161 405670267 -698882784 -1390171781 895727275 -178245440 -662890270 -1750133236 -567374751 1869134939 -902577340 -1870732307 1580173202 604289681 -393943949 -1829140078 1537315878 345120017 -2106279224 1121036484 -1297307763 -1779521136 1737662322 -1172789709 -36223431 1568318480 -858085026 1049726069 -1762430376 1110832423 -430775557 -10857431 994858861 
-1586111545 -174467380 1958736178 -732230367 1261945959 354565961 -1703677481 -1684090199 -1495138032 -1135755794 916468502 2107474336 647301716 893582747 281043772 852372983 -1589521745 -780351037 536220129 2122462208 1389630805 417403090 -1275095100 -1190832037 -635801754 -269033458 -1269894634 
-1536772374 -436799640 1875767250 -1338393863 1206510246 1929841095 77105529 1880593884 2118227100 -1734779540 840798229 1940403757 732456990 1270167699 -566421509 -1535096028 -336060695 291982835 890249355 -171601039 54151720 -88434004 -1897301036 -1821242276 -1776184860 486463969 1508958507 619170862 -1600328076 -193514744 -25539093 -418022455 -795757645 781132411 1372909733 -1945806652 -1225403755 1869964492 777904691 
-827374613 -1690012496 -37346136 -1536932078 344492060 1776081062 1375348072 1428559728 -1059954848 -1903878096 1457497484 -2095719268 -1571696119 1044811244 2025282778 1207575957 556484366 -2140471906 971467074 -175485377 709628111 -1027004709 -221104572 
-1623994641 -832206317 -1694197337 914377251 384685862 -835441905 -2110412246 1672441514 -1565452187 -353482821 1808623582 -1983757318 1871461275 2054577097 2025812743 -1757950974 1369763531 160725456 776312623 -469642857 -251612642 2101542432 1361823527 
2038875577 -923765477 1162532900 885531955 -460183153 -1096068344 -1875056702 616827043 255123356 -498114736 -1316262939 -604527130 1238667908 -1219066568 -664576323 1443118828 -1078953679 635494969 -14675563 -430133135 

-1943604275 -1472849915 1914282421 1665104268 1062637080 249021693 659659704 1997497953 444802727 749378637 963509221 1001732914 -1422051316 861579101 1841258093 596010281 -1209956289 -2123254990 -1593686186 -1227849212 -186458690 383768044 
258033324 -1109057880 -2001677125 -47237967 -1808259025 1250663153 -1875727982 1301117108 -2089375091 -1973208853 938763789 1937191055 -1820131068 53605773 1922169748 510176083 1231266414 -1951945779 1004295222 -2101047463 1946218940 200964587 -706277993 
22895098 -591485907 1932569153 -1444409542 -1325084498 1841163579 -852213282 -557044545 761861445 -1894704143 -1943840628 988167640 1168396157 1849823520 -1040236522 962647650 -361596494 -1257476359 -1474529037 392414170 54754366 -145898892 -1395937777 
-60100013 -2120760059 -885700521 -1361274446 -983850300 1048627848 736437052 -1088857421 -1497749095 1979563468 -196609486 -219579752 406461568 1384106751 269303535 -1640904840 -687927522 661247795 2044130617 -696329641 1417978685 521692817 1776067619 -338295194 1921552735 

523302083 -974780778 -1654097570 -793161157 265794929 616684919 521887900 1268358286 256179228 -1568395087 -2120258446 1027009231 641518487 -1843331652 116398348 -62366674 -93634394 1789269055 1103422043 1698706985 -1529122744 1688940230 1157787384 -1759905773 333830098 1036163040 1775512659 -1418961866 1145984568 -837707799 1828978461 46940678 -1541837641 905220838 -2019177747 -1139387892 1310934519 -1191853567 964925698 
1392460594 -1493546200 379777427 1444833815 -258114435 -1792329619 -1288047490 1960261918 867245899 -397802595 -403637521 -1423799447 -1500978175 98060350 -1089316080 -909091594 -1984052626 418368115 2038020464 -1649814981 1574972702 1955795351 -344278573 
-1389064080 -1093330702 -1208619680 -719867999 -359944570 -901051031 1664238188 1190186083 -164322090 -879189428 -1326077406 1085991412 400492922 583671737 -1308757686 2039921158 -1990484980 -153898233 1090286667 -1936707652 940026413 -468016815 
-1813474101 371136928 -1364158463 1828680754 171138480 284822338 1992989704 -367563638 -1461199903 2065964800 1225037997 1199897518 1037293118 -299949702 -872163160 1017689244 -728261620 -255019692 698789292 1466934974 1798499682 -720475216 1222097215 756362443 1116734377 
-1998507524 687370035 193019683 -772966426 -524518946 1970872305 1757804617 219818424 699484237 -2120415654 366627261 209657019 -883224792 517944851 1993339066 640424803 376296020 691808754 162043011 -2016535390 449664237 -989546982 -1378641526 1977007700 
970457625 -2028754174 93157013 -2089428661 -1254443495 -1819669576 268861920 -1668306103 1919436462 -170841961 -1548848388 1171940195 -1392369024 1876243930 -1552447859 1795212518 558794020 -210880696 -727588811 -967931113 -107998644 822638720 -857723025 -330862647 1206792778 -1089949528 -22457070 1322716803 1087953510 -2023023886 -342549219 -758254203 -1850220380 
1777435239 -1226013390 2119454347 -881207427 1914480403 -177765410 858286081 -1031666914 241941616 -1364854183 -1558371156 1002624567 1663954131 428458757 -1147165730 600043000 -204098800 -93058372 -1655424890 -1507165581 1534683030 -2117537942 39034060 -1252810629 -449386219 -1371572911 1468169596 938403442 1490331083 565016859 
387980123 411698799 -462693944 -462781584 1799351082 -1360739731 1786066292 592778113 1101850740 1726856958 -1318435268 -1422250813 -1225397048 -2085125900 -1599944023 -367569879 -1219241126 1741183342 1381488355 -5576800 -2130470659 -837061485 -703535362 -750281116 533118023 -498682512 -429067754 -249304503 1137681507 -1732980416 41504354 -710536879 -224466664 470211716 -1830936239 
1169848880 1703965078 -1867156798 1599243415 -531522129 323029040 -298466227 1178943815 2063015645 -304775820 -1150114668 683345751 1649200559 -1816254453 1033784225 1682289034 
-884031185 -1038414592 578157165 770971281 -1276632440 849149787 206310912 677658287 -188580612 301153968 885689334 -1241133310 866336855 -88821318 -844927582 -1269979049 -648630764 1653438584 -225928020 1986426671 -933823505 1736697659 538025831 1258657567 -1235964021 413596481 -706607656 2059351332 
582665793 -1817377048 -1850350206 800541145 -1685563771 1999498460 -751753852 -433578120 -2003370287 1115867254 -1616475184 -64785531 -1332729 -937333145 -1211347050 1735745452 741764865 147750324 -1313638935 132359254 -848131092 -864508601 -1516248216 326104892 317240471 1949938916 

1858599164 -1493282038 32013029 -1625679751 1741737296 420720069 1437066790 -737769751 1750000950 -1685755307 252868369 -298940097 -488001858 1831612593 389221534 822005919 -986106009 322484975 2022096204 -849882402 -246105845 468438669 -483401046 365297770 
1200304301 -278466255 -907220830 1788307075 -1826367352 1750405605 1243982353 66452082 -1047482891 -494466886 -459799519 -1628640141 1986630061 1116884472 1986186169 -709721526 -770005492 608417906 -810792726 -1426577087 -2086376092 -409749823 639616796 
-694427049 -1989599839 435382912 -1438402648 1864860555 1207883982 -1383102633 -277796882 306953305 1788981387 1454798544 457298082 373114962 -848955339 440198735 -220568894 835023841 402035844 -1011514556 -1630905435 2016800953 -1363649518 
1625585592 697576976 1149540482 -639746118 -1774539139 1569409806 1926826851 -57674541 1335882281 1289169675 -49083558 469731233 -157397394 -833789931 343868680 -714597904 -2073855763 -339836792 1011929599 -323842556 -532496759 1048350907 -1126841544 1780647894 2074710943 -1517103536 1104672015 -2043032074 

-803740866 -2103803738 1185821332 -2043905044 -1411569144 -1500469102 2066089345 -350986498 1281459910 2077043802 -451127969 -1731802250 1775926166 1971043873 -1233809992 -1458843025 767124469 -738500512 -1653327140 -1422767766 -1004455161 -661551642 1903241106 -387973844 -695712556 1311360405 787363913 -1513962066 
-611163137 413956122 388667895 179409783 862888730 1292447479 -939843414 -1004881027 -2116873591 833287105 1140831661 831475512 1951949973 -1108749574 546576756 521236137 246337416 -1888849019 -1856585088 1254466416 -348906243 1787036305 1880009694 -1056596490 1863511965 -823491262 
-27446298 1339352335 1653164525 -800510996 1010826843 -811676290 1769846055 -1687657111 -969821855 -1137816277 -1956210879 3064441 788047220 -197183095 -184920473 663080230 1461998497 1914372410 -681430409 -1239054736 -165444961 1386746762 1225033234 -221456353 704017482 -1804693030 816257036 -877763142 
-1307497485 194160038 -34783620 -2078078068 1799640786 753323652 -2025327983 1698692277 -1665508426 2134874649 781899793 -2114125103 -998064327 -782540568 408080129 -1100115312 1677924228 1111458393 230598206 426106004 356139226 -601938231 -1470181820 1157807314 675842742 
-51051487 -908501442 -181732380 -1737857817 909408340 -1467056497 -947627180 801379889 1016355066 -324439478 515868687 -985765349 607642851 1648375715 -674593718 646752157 -1834933207 -1680053444 44596406 897477269 18977991 -756627918 648257461 843136753 1043105418 1109220085 2055463180 -10119418 1413539405 -691751262 -1984679716 933636667 5652974 819666854 788358395 1003004999 
974345177 -1635541980 -1861970726 1874800108 -1412289651 -1134593264 -599683219 -457818641 -1445398270 820102490 233730003 -785384251 1970544290 756150250 63067381 -738547674 -1140288184 
-420462554 -1319333756 -504469519 168069153 -1577099455 1583263240 1815216340 -1207621512 1721458694 -208733742 1015965662 -203432547 -1442734474 -230743001 1649507683 1505180863 -1669912635 -875270470 1941152320 -383659333 -367021427 133792042 819138387 1911261183 -1693828748 
1525456769 91329080 828389801 -1593703273 1523424677 -118713504 -1097245966 319907908 -1895559151 -1079755253 1882542729 949168546 -938675450 -109244086 -1703775593 1299521302 -193176066 1301020862 -937583534 1613286133 1912591545 1318675490 -312582106 753605979 1525813311 -1506392315 2003401265 1523397877 -1025964463 1608712109 -1715233346 
-1031860739 -1305265998 -1166240549 -951711325 1183084504 -58003564 1058176051 2092957505 1836756663 -2028514648 279247889 1662909546 581358884 177178187 996142821 -105709768 1416163002 -731130942 -219352842 -187345260 1152040250 452297583 431159650 -205833527 1110238029 1885764806 1971920471 
815904480 -1141406473 474256602 -1262171404 168427411 -1754829753 995084150 -538706942 1367411988 -560204019 -1643485270 1134419547 -433213753 228901724 1482129053 -198887872 1703998474 -637407235 -1172100083 672756072 1840678170 2131543439 633684618 659289530 -1345805468 
-1409714918 -1659968423 -229036473 -1294578076 -1030804505 1576488829 459658960 -757635803 1505022290 -68830140 961676917 -1847723973 -238650206 -958342962 -1800610366 1864991425 -1819247337 1186833702 64844190 62570113 453692343 435898919 -1315570763 1549149216 901758942 -1366117588 -1057472956 1339326157 2003784323 1524286669 1696253559 -1401482457 1060709168 
637862309 957940994 1911567166 -1180439906 -1495726763 298281067 908975262 -377755143 1551703442 1976091384 989309375 -269151458 -1534557791 -1420286605 2018952757 -2063009083 1401538850 1474767441 -305616732 -1058783828 501311505 -202447594 1219284846 -1616311908 -1769407816 2017757606 1533934090 2131903519 -61171351 1093409727 -455074609 
-1025897745 1290637816 -109328572 -865875350 -1367962165 -765407081 -1263243585 -1411327001 -906094329 1471430211 624294160 1456056371 438042511 1507718761 -85144932 -77538738 1764067223 1792640777 172108695 -1683741591 -2032220181 -742247204 1912066189 1808638787 
-24234375 -1679631928 -735420046 1200606410 1692655832 12679005 306032083 -347798921 842173668 785169115 1076948799 495455487 -1631214102 2142684930 -1861693619 105285014 939608691 -2098215650 1725906475 -995930551 
-894581125 -1168134239 -50220474 52615967 -1030150900 -508624913 210814496 199678001 -1898415566 761380830 -2087499065 1399631381 -710857456 -1727977012 
-828149508 -644599492 3768150 -993249460 629275775 1156253793 -1340539709 1009197917 -835179064 -2054029372 524105092 981966215 -532680813 -909031684 -130415447 488720231 -324220163 -254642139 1541456889 -530223479 952612407 -1505973638 
734272753 297130774 1228569803 1171901119 932831181 63039760 604513824 1329290278 416248593 1595591847 1918969583 -255508255 -1329001893 619312811 2796338 1306348623 -864166035 932449524 -1458873911 125229115 548445837 -1867068679 -1321291895 118622777 
-165329112 -1919322985 -1500269577 214291783 -1708573814 -2028847509 -82606020 1599409031 919445943 542466494 -1844048815 -1277758150 -1534097200 -44795921 -515132692 -815102373 907815131 -1920032889 884379093 184460784 1671659546 934160025 770847263 632207861 
-1627015130 -447802822 130586813 1070469957 -631999900 -384782327 1042112164 1572478081 1474476253 -1277566957 1795139107 3046316 -72142327 1162243001 -613940456 -1369719150 1656628600 -1228782869 739468253 1454082956 -1434146459 1965862952 944491184 741107695 -738590715 2050330822 -1937607354 -1034974596 -1657892224 

692218558 480649211 624706862 916669200 -339048179 492582398 884152436 1492697380 -1694736594 -286144620 -1466096717 -2029086401 -2006496684 473758302 -1826462975 484218840 697405286 -1912618925 -2100607385 -1516700158 722513936 2011543524 1375334034 -1587768575 
-483267261 -566710500 1446418239 -995801603 -1431006462 1176067614 -1013119939 136231621 -1210528468 -2068793318 1567531094 -567202594 1698766869 1068148252 -1096309173 860017061 -953313796 -1986456904 -760007934 -1365524847 -1902420614 
-891100835 1363016445 28247481 925132535 -2099806294 -286580065 192329784 -1706657588 934101936 1369146672 -1697839400 1162935179 1993275678 -263974362 -1367492825 1590596956 338658278 -1102869136 158428381 -786603845 -559709630 -1627613245 -1240712833 -1572330414 -340091668 175470003 -488161286 1901521280 243401337 1427817644 766341371 -1753824805 1430070350 -1513720898 -1671819304 1136860221 -776487309 -1542341921 -358682943 1936513344 -241063070 1208155508 2115503429 
162441819 933359277 1368872504 -379532039 -1414102986 -574434058 -860266527 -647576489 -794249214 1707130438 -1960013580 581783719 -1654568079 652147796 -1273989436 1122239372 1524354139 -1032408243 -568682495 2138159781 1433612779 62275549 -1328835302 413993613 -1229522177 -213970173 -1209646034 748830441 
-207447583 -272912761 94242622 -2000289975 -103187058 -127593402 -243527023 285443169 -1470012081 1225055383 -701475490 -1585722418 -546207198 663073989 764880096 -1874629799 -1618154521 -1126112686 -92750155 -1296405839 511853533 -446256551 -1591475590 402335522 1096118005 
-1572773680 1430896556 1821455435 -1463767001 -957609912 849535201 745829583 321782525 1549743526 691507375 -1268804917 -1493459774 808876046 -1144419137 -867407187 718808861 54852046 1765272693 526675428 -197207664 -1607164235 -1628927739 189629258 -1780755186 -618025639 -1935898078 1588141235 220545473 -1775173254 -808149454 
-1239762564 1342125388 -1765504922 4981578 -1383888915 -452320151 1713836156 -430532039 -1450814504 1670309997 -66755643 -379999078 -2128091474 -687008821 1609085647 -832292730 1236122753 -1769354959 1171924999 -1889582424 1292188941 
-182850260 1683928648 815994708 775210864 -1744745085 -1997749716 1866085813 753267461 1265004490 1668164231 -1141350144 -1439023790 -113165898 1954698897 -1458693523 -1425091070 1259890971 1145871739 254242341 1340065943 1586538104 65449320 917470252 -1512686687 
1929753159 1766630033 532688191 -260104217 1000171060 403517889 433534441 -1922184280 2042641314 1466832434 -1579100879 -471445630 535113583 2085743653 2076325210 -807908390 -1335877004 154805637 579585601 -1841958931 263019784 -1937502924 -1977718921 
1313200073 297663891 464974281 1016336630 1429852981 -1503919956 -1918595638 -1217967116 609244625 1980698588 1400620605 -1906139016 -950541108 -951847591 -838699256 -418116123 -556632923 -1357533326 -282078518 -585774474 2137879728 1916130554 -861992486 
-130470949 2102574223 -447243567 -604096088 532512785 171351606 -379038420 -83642991 327144320 1044183452 1795980752 667450423 62281136 -1424458011 -1232509530 670289264 462724731 
1130635273 1572231336 -64886700 -647728850 258536705 1158314573 1151604699 -1586500649 -1853470143 -610911365 73272585 -1093540513 -1467123185 -1208344604 23217465 -937825601 -892524681 1181664150 1614503431 1274075894 -762594635 1509684979 -1311370982 -1781790430 1233428584 155643304 737503827 -91966525 1172629229 
-2043500730 71722918 1251083895 -310243056 -1692481945 902264253 32745854 -1797864043 824975850 1519116579 1993115251 66413549 80236428 -1339445984 1703078151 -1654922459 1227055880 -23337661 -1237884947 782163867 72769401 -1890333067 -2118167672 -360361890 -47639987 
-2846539 643124032 346222596 80968583 -942797975 2081735397 -116965063 -1694159197 1098220614 -379371729 -193541821 -2060248723 -753201001 -1781146670 873684927 467922462 636318166 1228219359 -476151031 900625129 -1228624009 -1976136919 1222255471 -1474323037 
1307077276 1470008214 -1506251401 117430185 1230326902 -855971277 541980349 1387888705 356997772 1011384790 -1920078366 -1557287346 -1744273202 -1243819227 1744889644 223602611 -747928703 -1172888252 

-1171963404 1272445176 524030753 1659497287 339237885 1572796100 1736440043 -662647673 1930253143 -432433196 -18092003 1650220621 -1366306136 -1368710572 1152033533 125347874 22919425 290417496 1942165320 45090607 -1782266802 726803119 89079399 -2033239809 
-1541060155 2128097660 -1534398072 2113286889 -1937368310 -47631507 -2016542403 1412022816 -1103046275 1813889647 1124344283 329918938 375455329 1559124614 -1167559438 1693717614 1423198896 62571559 -1770953056 -1970809785 723818301 1780676250 -2026540137 2079133799 1382028647 
-1513214640 1163903682 -2111354117 -1168672626 -431696229 -1001404908 2083625114 -944979712 -1873864424 -1686800391 1918831569 1368943287 -128382938 -1482178333 -1243197856 -1861798813 628269295 391207625 883835420 -100400092 -476494899 19099848 1256406788 
1535556591 441805262 -1010447424 2050115269 167388855 748057041 1760951052 1946371425 56099214 744213100 1056409179 -1628966346 970748583 6452176 -1554435014 569935130 -1455042611 -1745244475 1496056364 -516135887 -1012904416 -778901964 -1240284235 784924035 -1426437847 

1876193412 -464495812 590172801 -1236416897 120506924 -1888524322 391395215 -558709592 527513988 
-1534923672 8189008 -272215563 1238997416 -1449291065 -24852431 274691512 -656347463 1361699140 867795309 1617727768 1942808946 -929923947 -1911591659 -1016486178 1763471078 1029748324 -98817712 1434933535 1752413773 -874369013 585190146 -1449495143 -217913778 -1916392504 1686099018 -2005256369 548937852 -1858715577 -1784643433 349917711 1563169318 -655001627 1240660614 -1708323578 156689391 256625901 -639662659 -422865405 -754922384 -1355555746 -559553380 1933396960 1758011656 614679806 -1595513297 644053816 -1781847035 
-853712092 -935906573 -1160622432 -493358532 273443527 657707418 1897942655 2125556786 -1403368599 -425616971 925815828 1445622829 779609464 1444369362 -227393097 -20169304 -1129896895 -280267061 1952070733 1197558650 1572360909 1829190362 1768356069 516651314 -826673766 1710971176 2121969889 -1215231929 1696457051 2022978307 164248685 -69532435 567150446 1974683231 -692396865 -710040485 -829088337 -149141714 -1288251834 -2085014930 333491443 -1447824031 181711417 884534838 -332158862 765427234 231873225 -1104016866 -1410825418 -1926548820 -2137263553 1204182594 710746893 -648539964 -1716809991 -965747888 
345115699 -967922035 404838626 -1155163060 1676244832 486031497 -1560630657 -1294711773 -1521849434 1474621176 1078581585 -494516814 -1464402597 -1028685376 1521832352 239813980 1185131401 1384084214 -84768213 -601439182 -900546538 777612550 137913443 843734508 -698663271 1692868524 385636265 962597053 228617983 -1518848861 1711045360 -991069603 -1366455969 1769791950 -1747415714 -182404603 -1817466091 -455306679 -1064211068 -622555955 -1696568798 1150398138 -613335332 
