1634216828 1416169716 -651577001 1900680196 1244984554 857903024 -1772387454 185180831 -386030851 -1476211354 
-168062953 1602007511 684981336 -2031342370 1727106224 410544559 -1819025191 -1882134260 -1547837448 245953927 -1142511891 
457851068 677772210 1205196699 -1354383109 -1385593198 1234941071 585434484 -298199023 -209677883 -2013442340 56034646 -1633216511 -2145926941 -1821528984 976409680 -55351387 1293165804 -714683662 386302656 -1997481625 947066733 -1643002301 
201716380 -935783909 -1187720641 -753185787 -1415133300 827065020 1767461851 1626131105 933590212 -670051294 -2073090772 -1822071528 811439435 -1535320345 -2123975629 -895047501 856898630 773042536 -1352649625 -414830479 -713932874 1383126160 -2126215724 -143419700 



-1755074957 409739394 -1738132966 -1733816975 2041107786 -1754197140 -731273770 -1619215329 -89213265 1050496695 -1148764659 -1517228255 -754730851 -1359247362 -1960439665 1547272400 -1559964456 1108942750 -1693969962 -163081422 720803209 -2004596023 1981019086 -1412674171 
-1592660448 1823607797 -127027148 -1801707801 1028884510 -56482687 -867718013 -1447828485 1280832606 294723675 48431114 1053224158 -1468149640 1869011852 383348779 1281642272 -1372892327 2006048087 87850115 1284486822 -458589000 48682015 362964330 -1751622920 601570372 
1579501592 1796520820 1101954474 -415588909 456173269 843472681 -1687241359 1672455454 1881097568 -1447358470 345543963 1853350369 456639842 -538590053 1218672843 463942270 1108243486 -1225907986 623636257 1899905836 -260886395 -149935693 
444156892 -1809907290 -872241346 1016959065 451549056 1432106758 959664929 -1227716671 1461928108 466491013 -1461568292 -1507123043 1723180066 1588848430 -1880110634 -1795522726 801245097 -2051108791 -944684160 2028387922 -264010491 1080502738 -871352270 1894341537 1497744784 

-1389421901 -1519634239 650020251 -1951249933 -661100276 -688818631 227534439 -809002928 -964324331 -1739045143 -1352839109 804900574 -427157993 170480576 -261238113 1445701203 1069411358 803926637 -248407778 -1960544645 -98100462 -364180522 -458320992 -333561322 369016552 783006923 
-2129244564 2105866889 -214024412 2007893140 1790779408 -457267128 -784487323 766565233 1016614970 962202265 637132727 1022975073 1307141354 -2138563316 -904032058 -1952851706 -1877842779 1083303278 -1587601110 -1183452625 1928909424 
-313758624 -110064239 -483814616 -1759983317 1050678275 601713455 -1016521243 -1279498520 1464970422 1409790759 -404626619 -756019724 -929597900 20505450 83456776 1158008537 1189389129 -1598360746 826463409 805780951 1643773764 -1671838913 -1000272876 -1248463117 -571301367 -908968853 797920732 2024876835 -1057972451 516584561 
-1100133118 232717530 -1451487514 -432346329 1060729518 546682714 819814663 -957453910 -124779625 -105689464 -1561179710 -1707940800 -1839682376 -1986719265 511282076 2101081300 369283822 775694814 -1378704516 -95202571 1909109150 -2145908541 1290902941 1610787428 -373356089 1876000278 
1443898787 -819624930 702740796 -1308225629 -273579588 -1668744552 -1253294972 -1265835869 -736198611 -223656915 -792133456 1356568620 -388817650 998906242 -1029223917 -508414235 1672502617 -2071638762 -152532275 -459580661 -1201654512 2120160420 -842776345 -1958272317 -897965334 -593406938 1008029614 -1835857339 1020998504 157064042 7097404 
-294355287 -2071168159 2006586779 -1237052776 -1070655801 1103063353 1596962878 427465691 411713728 1813464621 -1825377018 284938366 123090648 -51667986 541259861 -1229336049 -842947342 -626524666 -728127348 1323287542 -418923015 136878578 410448794 -1629240472 1276490238 842343350 492284637 552959757 2016791488 406711807 1689717061 1468406938 2009987047 
1955114749 -1491253831 -645376136 -1273611871 -1354341765 -516585979 1221405355 1486084639 266031976 -1714383484 449619160 -2040303891 1278683410 -1604842149 796379871 254650817 1337156427 -1836416664 -2086394441 -79185151 634011068 1637823143 -1552596174 -1791435982 -245882786 -43295733 -953789082 1441607529 1396672367 -552411117 133178072 -1451388447 862755117 
-1217321746 -842128140 -1041545057 1638256155 1325218206 1338477104 1152745324 1484995012 683272561 -1183891143 -1626499126 -1197623300 -1493260984 -1615270337 -740294966 -54736743 -354684362 -413854185 472636605 -574044512 79982696 -37973557 1048429151 -826003725 440236648 1445789479 -217097175 
-1705597636 535596641 -346650484 1884127429 884555574 -1533644783 664697162 -1667373081 1113731433 -807425370 -18993583 -1218177617 635239981 1107690900 1337116627 1103449532 -502206268 2142020891 1308506021 -927343291 168847739 1231414817 -429015159 48324040 -525975597 -517070792 -1041276691 -1501060044 -1065826943 1002796690 -96810593 -325719678 -1107517238 1342559241 1009762955 -183725625 114990557 -1237929964 873403846 
374828215 -350780289 473275260 -927431480 -2087215955 1534992933 1951861350 409155648 -199523754 1656649587 1667388001 -118224279 -252834286 464417498 826137119 845600666 -638823164 -1823156169 923325392 -386447807 1533653117 287700728 2142946746 
17775103 223854555 1600102610 -1926233714 1589555523 -26732421 -654727351 638455336 266616019 -2047532227 1986711580 -530466135 -378351802 2011505398 -1898595353 612659962 1068238162 -1417966246 205613828 1928626753 -453750696 844823077 -274909414 
1369512489 -447170475 -182340363 11088272 -521147853 -869027017 406936272 -1229041475 1639923067 265937060 1262678570 -569076829 185979509 1393859942 1204164358 1372480584 1129665226 -139272134 1904359366 -1308845896 

1826274846 1457533610 -157754826 641623601 -196818075 1434022445 -1931152735 -1512769569 -1638505911 -762823641 384085855 -1925518561 1474209821 513640403 245448679 1808533107 444059168 -1438901067 -1747974058 1510537572 545834918 -233011355 
-375968216 113841015 1627750791 1343430381 1293876627 930208711 -1825820962 1359129955 -38702188 828010717 859124989 -104015858 -1563428744 1762668257 -975704842 -1730465483 296075114 -1417294562 -119298095 1575637079 1120840876 -2054167638 -29281927 
-1737307112 -1999665960 61629620 1404556504 -1264474007 -1139456540 -1892448469 755842 -2121465500 1075787133 49649966 -2068140888 124666492 198697564 1747982844 1845676878 -328220412 -1571309823 -1041146154 -1876052821 -1338006398 -1567438801 11710406 
-592390840 -1671042672 286532697 -1906014431 -89500722 1200137819 538318081 -996118817 -671543698 -1231296876 894431280 930190174 -1848360893 649174065 -1964467419 -1083963868 -391908684 653746612 -1486147137 160390604 -232231663 313429339 949783793 -1537592977 -1710998312 

13437564 -1545240864 -1073775332 1655882773 -1732481358 -168904914 1789858912 -1692419046 -1013615974 793295529 -172526298 783618097 629574595 1053530496 1941883035 1510364176 -1912358373 553567806 736968259 -595040127 -449385215 2140389504 1128997463 -482306273 1948242334 168475747 1354382094 -2143076345 154322326 1782131855 -1458034639 1652564096 1598429244 -773770484 -863611185 -269559406 646313763 1662003071 -608046011 
1560024379 422500114 819494020 -2127777044 -833294941 -29436904 -361917709 1826449390 -1591555942 1700721649 -454357492 -770888568 951086046 658279620 -1318290061 783682938 -225697671 1453629031 -1698262272 -1065677206 1657487768 -1087237559 -1183542726 
473640248 -1403719921 1619068765 174138620 1681692715 -1806537889 2128600446 2002559813 334330397 -280071211 -22929448 -1282499504 -1945362426 -915717626 1271242308 1950472726 -1092582878 1957429012 785234494 -61820497 508393704 -1345094239 
-1479587597 1332644098 1293968621 -921194506 1675638124 802878386 -429311527 -652878567 767437577 1441409561 -921749275 -2024168212 180394715 42290352 -679457057 -1046618175 -1622104738 495770932 -1551148470 620412235 879535719 -869878103 1902732490 -1145821529 -395675473 
-1297093610 -1024421909 109907563 2055077586 -1617793151 -517300897 -458377403 -524292433 -254414876 -817474271 -595308970 -1110757291 -1020177591 -1436477808 165146130 -2084239882 -1880884599 -1372746508 -1127736368 -251243360 -739141904 591964723 -907316904 -857492538 
1220964884 559859324 141159160 -1149582629 151432355 -782907285 1326439846 1681547139 899333800 1120657205 -265756435 1649224760 -1540110220 -1064098408 -1262872379 -832242866 985173509 699829859 1437430935 283005607 -1751479256 1144361775 -1947213959 -535627201 -684420043 1548627966 -626601958 1261715434 -817385443 723011732 -138837457 -865379474 884358288 
-777627100 708067999 260707002 1509473883 1460836088 -1966256913 1132565405 -1346704842 806934809 -331078218 -295012413 -506254728 -765854797 1723646136 -1134754538 1520469913 -1536931133 1574089524 720666620 -2096581878 -228420488 472871143 877978714 789645811 639262204 1009973874 -953218747 329333117 -739317049 1928614316 
1673712705 -1163263888 1043229571 -1932840027 982204585 1558543413 -2143118418 -1879852076 -1504844882 351843274 1823991846 -839972285 1928895433 -1675374873 1470650947 -431189649 -1689230210 -702156443 456739041 1220662888 -1423138652 -574008752 -239168370 2491741 -786834780 -1762974927 -1593956031 -1890942357 -1828708176 1795785423 -2143575567 1929381569 -1542445852 1001047415 1063428924 
-1390189159 1090789429 -1886533395 -451110250 1116531776 -655334853 -305801928 605388861 879731121 1722818155 1911007671 426750105 -1940029200 1605590864 797513068 1873266134 
469815572 1254880366 -1765851340 908913996 -1779814168 450198046 -397727083 -151332363 1456863520 536314255 -336081644 1825487366 1036175237 2097563174 -1617530963 -161464283 677288177 1735505801 -431692500 -2120413258 1609502124 1300208015 1601673011 897324060 2083235399 847313185 1357491604 -438586124 
-188058540 -376954993 -548655961 725384821 -218632826 1059044732 -325286107 1682942067 -1864091081 -404636499 -1448475707 -1988584365 -365776163 516803923 -540473098 1858853978 1940827442 421992772 -382063203 940053042 2121661676 -794164618 1202343440 2142771150 -2113487090 2119788821 

1772156500 795214780 1821537485 2050290207 -285770382 -1362864301 1625237596 -182408605 583901554 -751782394 -1071943338 878666925 1276945915 -1942372524 1670890731 125888059 1447765379 1696111520 1906095768 885411081 1849304870 -1835284036 684442013 -2096798341 
-546565761 -384801531 1910747521 -180459802 1835267160 42713592 -1885262440 967122372 -663986087 1540348340 587673593 1578198677 1205577199 -920658022 652379393 -1797191473 534899957 1828470197 -350874085 1636732397 -750883921 622898116 1450036728 
1910488948 -1693023473 109517066 1603843306 -372185183 -1914584082 467579393 1254232999 327599311 1260746601 -887690839 -2075310391 1943875864 -1445462209 1922157287 431347520 -707438927 1811282464 1569330455 -1161127327 897139434 -1604880430 
-847988019 -1365237030 -1274999595 -580023034 -1276685601 1274188179 895408879 -109183239 -904990770 -880874594 -1592305430 141742932 -263365564 -413265370 1336684430 -1180011567 1717436202 -740060861 690341436 1251774868 984813398 271403175 -1162608798 317128560 -892224075 632340638 -819317211 -1264227992 

-561307139 837112515 1116683884 -1910691804 -1723084966 2062733302 575561259 -1862327134 2140988505 54915630 470954683 -586236931 932549855 794632086 -1825617203 -1189132907 -1851549385 -264174677 -502836872 -347305439 670976372 1261841666 -1473000638 962517653 1585941263 2138942071 164717967 -1851404654 
1729286739 -457413407 1311975894 612882813 -817783109 185699464 -556299187 -2067152186 -241040465 -1068623102 -1460753779 -1050059658 -608425876 -1353091967 -564356857 -1256884213 176069929 383637467 -182488522 1846380764 -29155130 102517267 530857205 1523066953 -1817082862 293449859 
-1004851102 -1385510840 1196741810 526482515 1317487470 1461165474 -754045717 -670321870 391190364 -710267630 -1226442069 749020683 -1596318844 1742671005 1180350993 138980916 -1474202465 -1101202363 1349193919 2119463146 424029822 -387821308 -1082220128 165932909 -153999641 -1623454599 -147310044 -960791720 
1551454708 -2099288589 -580330088 -79299189 -1851709418 155838686 -2130007998 281995778 1473025968 904394206 446727917 -500953726 1664624288 -2056080141 -1798514359 2088485440 -87786907 -1581402990 380731954 1646659463 -1107157707 -318579559 -605555719 -1654222110 1326265031 
1277867193 1944529987 2066334762 1210451447 26192593 -994821134 1279574421 1288945830 -359665347 -1626948957 -1209216960 -500708703 590012371 -1797618021 -700870781 -476092532 1629788881 452753686 -987287528 544345161 1157327304 -759643674 -1193227157 -770972998 1067400691 1990997037 -1604278323 -162927038 1771430221 488354340 -2064537289 285741159 4411449 -413639873 1829446704 -1091558681 
28180436 1625255485 346233310 -914795363 864917175 -1638863162 -2052327468 -403696861 -2131010015 -62311569 -29626165 90633085 267899703 1423729104 -1910673154 501204033 1584129159 
-936620126 242824887 -1878053645 -1836061328 898424237 590609259 51518929 2113739645 791391096 -1582057173 -1031315242 2052742455 1047739272 1129271924 637403712 -1277756881 1940595471 -437248251 1288329812 -306466088 1944216613 -1297939097 593223956 -1451087191 88157958 
1799492941 1700111272 -2040391780 -1078699503 1832883213 -1640254874 -279757797 1320947062 -349322777 733527764 -714543482 625206392 -1339654154 -23743132 1835373687 -1240739777 -621738732 1958203626 783361160 109806496 1106445556 -1256751272 -1195414302 -1616656560 803090118 -1461454458 -1347966296 -1826794857 1793173217 422574108 175712777 
656694617 -1204619930 -657783456 49558468 501500196 2067837236 -727991195 -1207820722 -413098342 -1911233591 -1407139052 1472871479 48358509 -694975240 905161753 349989623 -1676636025 1973281490 1535392728 1624666742 -94782281 955407601 -1308569754 -1754630350 -1614632536 1780632796 1992415108 
-201155918 857560817 1399941870 1372983220 -207140532 1222517390 974837845 -743067915 294215562 1374276304 -342326053 -906822427 -1612391242 -255286417 -732118857 -1540421763 -1374378849 -2146843956 1630885802 2096160975 -521606605 8444629 -729213936 1534562498 -1730124699 
128784537 -585960727 -1166240857 201582632 -1237305213 -270647834 -1100988306 1008433983 -1733748251 1918889547 564040446 653955668 2012578944 517297744 854947612 -1023343312 882003796 734857483 731123446 1859993692 1856684210 -1019921119 658300245 1717814893 -312299844 1420768046 -1967514605 -1742313954 -685232779 -1786424589 815725220 1034310961 371047626 
1303244444 927850673 -876987671 -328870090 -670404988 1474182107 -145155833 1092925454 -473392208 -1174203990 2107777211 -1868633707 683083578 -541243252 1241055189 1814887521 1874649909 -2102203305 1000134615 -501764210 1320798218 -1229498556 -1031268871 101324766 -82353302 -542774977 2061380369 -1192726978 -1953250070 -1368671242 -738527196 
247358411 1199161087 2017077032 1033394806 -1553997795 1256198080 -2053153530 -1347155852 1854112435 -606145217 65524517 573056583 1456365427 -2026386775 -873118695 2089250648 -994264136 719914918 1424422895 251560985 -1295254750 -572800800 -1463739610 -150937279 
1543871327 2088831156 -1275666114 933350777 1699488629 369987176 -1735049776 1659265576 -1529958685 -2074845514 -116712686 -1470113341 -166730326 -733810868 1198384954 -80688563 -1808135736 1979207269 -1025633573 -544484340 
-2142674971 1285346403 -946040092 -1158361252 -1993715271 -155264795 -1381178380 1012985482 -1451068970 189534621 -2016112883 1861633632 -441103199 -2071573945 
1872587174 887404726 1964531583 1422800271 -1795491817 2095056624 1600972668 -938653851 1334905317 1432539237 1809724719 858501035 -425937232 -1302748333 623912614 -795473959 -2124024715 89884869 800646445 10637462 -1356095450 -1149901172 
1568026209 1709334450 -1863782712 -285197885 -79316077 593846727 -345662442 -1791808527 742738827 1959933006 721015840 -1349080785 -1109489587 -1185068949 -1232687644 1846049317 1682449222 439304785 1118078748 677250318 2089574160 638679979 992564041 -340218428 
1119022554 -160467445 -969907444 1624161766 1622900577 -802825499 1928719042 -1159341346 434801892 1148703045 -697790609 1817193492 1707250510 -552201173 1233378636 -1575001110 -1692391679 -1532310866 -1197587923 784158457 -426849183 1964557741 554577516 258205893 
-2091757433 -1395996860 -1977058472 743614156 1694943511 -1269536859 702414158 1011995941 -865682882 343659785 308371083 -891300202 -990431682 -640674903 2005669813 -1837093391 659385353 -982640040 -295389231 -1957293854 -593905222 -607507676 1098681430 -289832775 1885377972 763041053 -1206853418 -871474630 -1391879204 

1147048733 1177906403 -1089234541 57808101 -264275508 -1207148936 -1788829374 -852030316 1957102663 -613192573 -1122182472 1362704823 2096910676 684823115 -882478952 -1842636350 398387769 -820122288 848988796 -602761293 482896714 251901642 -519905742 1202841619 
1347782123 -545486081 1284570397 -834429699 -1000541780 831366043 -779500857 1555174201 381097834 995132694 -40875682 -1338720173 1409725768 -900865058 -1214222546 -1093299444 1350090391 749934896 1434411398 1632850941 -142202732 
508611986 -785305549 -1052523793 1714389989 -874755323 39790575 1519225542 115901035 1255884439 562887425 -762715406 2128444218 1496476417 -490731542 1838842723 547575948 986212199 739472652 -167785966 335458126 -1471827421 803472840 -1467971404 880611538 -436520764 1929181974 1832644979 1147119536 -677826907 -892941674 -1056229604 -569611570 -1293453305 2132793618 1047021910 656943044 1801150049 -1534697430 1881381396 -1126656595 275937728 919241754 1284144915 
1673747938 -1016047822 266712746 1899815832 1868828841 615441954 856515869 -2028935831 2123369874 -814785945 115610779 1850106861 1974256741 -1154158801 -1811022638 1312205734 -1652392973 -713666380 346184263 -53066682 -2031474370 1947805967 -1908591073 -1978578827 52579027 452215235 -1592717929 -176299761 
-711646576 -1832657208 -1953819929 442005758 562948246 1087245499 -786433468 -629502736 1409413141 -1305817417 1156688688 893117104 -227668067 780014822 191572809 -1221329554 1259822663 305131172 -1443789143 64445606 872598534 2047994135 1990012221 -566546402 2079093785 
673589359 -992405017 1259888536 1186252643 1428645163 1946301288 800794287 -1806214528 -1698741222 200401104 942060575 -1445734755 692781454 772120365 512590164 -172572742 -672944947 -1192459573 2007105624 -2123512053 945451250 -812425305 2120600895 -1400901917 20414515 -786012062 -1756987102 577155462 -942930410 -560459168 
1103364963 -27508913 38648061 -2103276516 1372234694 1564306606 -1744950622 -2129049503 -1298006319 601799435 1103884371 1523565395 -855116799 589649595 -1427088994 698358912 1561080858 -1709370378 -2063538070 -1518981961 46194910 
744518215 -1475916820 1156574967 -686225762 -139135780 1269790107 -211421453 -2070560246 2047026387 2092907459 138662564 -839913539 1476946011 537919065 1640073324 -1946495375 -393518388 879580529 1821119152 1137887750 1052460401 357213622 -1141044942 -817818009 
-1946783886 1668466295 -1201281681 -1218761738 1287304483 -185867522 -68359093 -452680111 960341757 -326919791 -1211658532 6138523 1062889400 1779815233 -58848739 395426105 1952819045 1491264233 -442826105 187001372 2035280636 -814749532 1827749551 
1779632997 -175569377 1991675046 1489019111 1056551867 -996715752 588728985 867414452 966458944 445173652 1926537252 993275779 1226792736 327820194 168937069 2033135535 1415184128 -431163724 766276649 -280086310 969442399 -961305858 -1157289984 
-2077540767 -1718352124 -1581346323 489482884 -866385862 1554272083 1680576881 506821469 1788466547 891749144 -840575964 -1479882912 -1996006739 -83847392 -1132340084 1863020954 1525235867 
1370785547 -640298333 -2029521628 -11992185 1102043326 814023571 832942057 -348818783 -1396695808 -95400077 1780420488 -220248322 -651884504 711825855 1563838546 1827832454 -799720360 -1807033811 -1011617931 -394065293 1517781733 -466083241 841971657 -1125479401 -704255442 -423587865 1739328519 -380303552 -1337910788 
1144532001 1367335338 1755892017 2136249712 58239861 1620072803 1128090581 -1635247309 -265432004 1348636984 1269585278 534427372 -1314013408 773505412 -197697901 556244870 -1234659471 847416124 -134506601 1304368461 -2000797434 1892750637 1942231570 208106848 331376129 
-361397248 1458815372 -1924364312 1817256681 -523269516 -84107572 1605807770 -328201520 1053744240 -261291408 884739564 -1768417598 1344612731 1090435864 112838984 -2061893006 944595780 797859763 -1786509811 -2003198081 1667442350 -558992013 1495216439 1753370278 
-1947889006 -840261535 280898595 -1951587758 -1656603056 839197587 -2048158936 768017519 1235894122 1187047454 477560134 -359482539 1417653403 -1503027913 993033823 35766814 2010510589 -713411529 

1744298737 -1412396492 760433318 -1127621985 1197396512 1887177852 662102070 197025326 1029623180 1648385658 -1172191223 192009591 -1515737147 543165737 -25201781 2092596117 -149671241 -1678335097 -112462138 -1294477953 1662830992 756062796 691873589 1416792122 
-537717172 -1829918713 -2143434116 1910091062 243497741 1154614940 595077458 -214422309 489885049 102650731 1176458036 -1725691717 -250907149 -139638844 -809649958 -828304258 1365788514 -1930382876 717786993 -1698812413 576431182 2084072392 -510223800 -359233643 -2144736376 
1244561922 -1998891204 -671898798 -1498993458 -1204954670 -1246983018 911748329 1513231172 -1629387617 1545902602 -1659446457 700214665 -1982073002 1361048666 -91466623 -2113376092 1623675095 -945324856 -271220799 -1774183908 649591201 1737523051 1320640644 
-1987429046 591761229 284382903 -233214027 -1132043942 -492986592 -174461108 1035248511 1625356378 1426543283 2024285650 548406946 2025590236 -628802594 868726535 -636847316 -1346712474 1336868076 -1303781596 -1573808880 1280426439 -860150294 1681983826 70495184 433395682 

-96134268 533042649 803417888 719034027 -538868030 1135580301 238566626 -1070795898 1246755050 
1598698347 -544416179 1322652528 960966752 -1272801478 -1188073083 1751523867 -1027847070 743888993 981341060 1191447976 173886455 -1896824419 1116028576 -1808041897 184683679 253780018 -1690665663 290834275 743811831 1759158819 1478282752 2064250017 -600896037 -676258708 -1064765217 76338294 2016679039 2045727310 -743789612 1204373482 -859748129 1818453737 -505473007 2114822074 -925095335 -923386390 249564620 906177740 -142914417 94009849 1449322188 -980350866 -68781423 811515937 2067872174 681308830 345758267 
-1965405178 217885820 1554540798 1430655359 -788969142 -373173750 494798481 1612979913 1738618907 -1456236551 -62580124 1627969527 217711144 -1753229854 1903850758 -1827337106 -660257762 365831825 -692677665 -843247688 872996261 -1506273573 1072742736 1221522374 1683405609 -1015986888 1355824860 -1052426572 -1621122748 542008880 1242532322 1694286446 -339037303 -1766361126 1227459006 -651868458 456719105 159550153 -1178577860 1907690476 -2089896891 -1099271585 816448216 1586625706 554811599 1185732232 -997169363 2025513401 220742505 1212757885 -1412205586 902677925 -1803620553 1478220834 -1423392625 -1912036627 
1606548182 1313070763 813433470 -1214519840 1788491102 -76698036 -769188639 487483303 -1580731991 114852661 401254792 -220942610 -498657311 -889309691 -1184242691 223235649 1614146071 -736494777 -377007869 -882603937 -1177386795 -633013480 1730240742 -29310367 -744940168 -1381309501 915498963 188723624 481242743 532426862 1949822421 766137196 -1199098229 -445172644 999166752 -1055605955 -632284229 908796999 1206060484 382560288 445481340 1421208718 -1604248244 
