-2040528393 -1459138155 1854865437 1016639841 -19082719 431286225 -138958154 -1057152503 -1903370041 847048668 
-46820327 1761921712 171360739 683762844 724923499 -333887309 -228816309 -98640944 192196879 1344484469 638251372 
-119708511 -2076562905 1557261115 -579041088 1135449966 -1325171036 1227491595 -753709439 1517293596 791521282 -302258286 -1455601729 1138968689 867095438 523670924 -923573688 -1259913065 812135970 -1053841570 -220472507 -657550988 -1108434652 
657596831 -587520759 1714343949 1411495601 53723475 -1937633555 -1273923480 -423130718 -55509871 -1091549624 1535798346 770084092 195434445 61739279 1624230917 -1845809100 765714711 -5157241 -533035987 -592197615 -2091067887 1542770738 1045809682 -842461566 



2113377368 -1111282811 26708298 186462840 1916427505 -917516362 -540921825 -104731433 -1250232231 68960148 1938610234 1830717672 -1301490003 -1452717347 1077705019 -1334854118 463949251 1606287650 -1818406577 -814050299 1280619748 -1214732408 -494772425 -1546369177 
-568142447 1894797594 64742807 -1496726391 -1416954467 2072009495 1104535782 -620745325 -1608932256 1160728788 1518458683 -291880528 1925333079 1048617102 -241791282 -2059106986 1506097967 387878816 -1911749713 323203726 -243547402 1752149037 1745806740 -440325333 -2135058630 
-1441590838 420463843 -1823448076 -473239872 4850835 -1203686721 -1336828550 720206008 -687413605 1276940567 -6415157 832632585 835535417 1841105258 -1894120139 2135182024 151457183 -411577993 60329401 -665114649 623809742 1422344213 
1849127998 1350493672 1466896136 -512163615 690955238 109912408 710879344 945759659 -1722535797 799143665 -1534891036 835061895 510182368 -1220430278 898714349 -2031467218 -1390225046 -1660966825 -1489177791 -1798160903 1555471374 -953434628 -286339063 1569798391 -587081271 

1071814977 257391851 2118845173 879284353 -1820222575 599002612 -1315507938 323592747 909634921 49631182 -597896920 1759962544 -1350775358 991999356 775237609 17270666 -1630340914 225049245 -520532546 -1131605960 582473566 1844500745 -456697686 1210493487 2049192619 922620582 
-1047948333 89264346 -270229399 -481302133 474927220 -1991615170 -562216459 1706941996 1085707904 -1516919711 1486167616 -2106079706 1687763371 1155134792 1178371586 1470448854 -516907756 -1900342998 1880093877 1013827788 -1869324739 
755116054 1870262254 2126164528 -744410908 1165056139 342615921 -846186482 1654148732 -1129539877 -569441920 -940885191 221293390 -1177907327 1382764246 2061852009 -2068666338 -1515224432 -1844150106 -575050737 2001294172 663028383 -1915622791 459195533 -566453474 -289866019 -298919048 -938379235 -729633141 -1658318076 -2060507233 
-779950968 2001048841 1739962175 440697479 -489383907 -908177721 987123030 1834373960 909007185 -509813578 1907814332 1752635301 82641514 1992341100 -1275647163 -302012457 1499435098 -1903945166 -174532869 1668949123 1509775936 693101576 555401672 -1102369484 -365017129 -1890281477 
-890540871 916536170 -520287282 136421356 -1179100930 -48214928 198248988 -22999318 -1092619916 289351198 -1168920903 -43798311 -1616174417 648243282 -669819579 -1231113781 -516097179 3176004 1883601397 -890760993 -2138162465 -1254361441 1465705206 148827269 -1147467538 2041287359 750974977 -239173766 1935294439 300200518 -1102198004 
-492596476 -1653887082 -2135947385 1609401917 54927880 585533233 1958775142 414202715 676891806 898443588 -693191933 -1293752728 81876819 137358239 -1137885953 604150022 435916267 1215101435 726026367 1117926839 -894147850 830940172 231660332 10178679 1098728772 1878683237 -1691625859 119245965 -1860494222 -704091554 1246582992 -1936120878 -1016791113 
2028742005 412851355 -88279828 -1480765508 -1090567485 -104961887 -1341055525 -381600698 521800086 -1997873752 252594437 -1267879058 1662465226 1542829417 -1641231292 1689188015 -1595017564 2081742754 992885183 -281248599 1769763324 -1254798330 321562705 419550581 -533953896 1683843137 -113094915 -1134073462 760089436 -990336176 -479045120 819407953 -1936126397 
492995154 1479278448 873606714 -1006401249 -1848391163 -1003550137 -467808961 590716479 1664584913 1595209667 2062560650 -72863080 1520470828 304209141 -1705212080 1663163561 -1822200382 -526107068 1246387326 -1072831767 -1972075554 2141092560 71414333 928668516 -1294172782 65964578 -1458908181 
1482252567 35197926 -18624534 1589994758 -86336899 1029398811 -1183598882 -1564987492 -125149486 -419440017 -230537177 1365787219 1793281800 -1281393090 180021139 -1131763914 887148551 1827496822 -1480393010 -1067856866 -1855486419 931028356 -1285535744 67449779 -12429635 -1126947800 1782587003 2056162547 1877104527 -975651048 -1163547185 -709074750 -117414839 815388034 -31327132 -485367541 957795025 -942745512 -724058008 
-432742993 228776241 -1732175088 875676412 -1810087654 1987898615 -976355912 739977772 -1442589374 2107085210 640784937 1496621882 -2118635058 -1940081771 5316879 -797830407 -174359812 -1175866492 -543682559 -1388272119 1358974725 -1378210375 -1821410717 
1997335818 -1871909774 -1268603310 1058598712 -1174549090 1883237618 2020843309 -1819167497 1631078276 -2109080031 -1850317591 -1303420426 1397049288 -75447186 481606841 1122553073 997849051 355542755 -40001677 1003647067 1238405757 -1605422700 807406253 
411060635 -2052146490 -521349625 -1157679813 1656393417 1542123033 -2101382656 43061214 -754610122 -1657032900 -1187980317 1821072384 -236891526 -1135192265 -1661103964 -1751591592 983479881 -761006344 35621569 -60138723 

-975840137 -1680395573 837957455 848776765 -2039847905 202786529 -1033853149 2078322973 230617743 2115488096 -1295635561 -1164770674 -1820099073 1455617197 -986444534 -838137851 -257542302 -959081545 -431031457 420577433 1017218436 1896696529 
1110077847 -216831588 2112144990 -661979352 950927492 494020246 716228913 -940968513 -882001364 1401054216 749533186 1376184394 -659782205 1552787002 1744551500 -1711519868 -1228726201 -41068914 -202764944 1956941013 -1348569605 -90435356 -658549192 
-213591045 -793697319 1619304659 821028362 -2129326612 1339441670 1269010068 2101691679 -59560921 -327969530 -1262268412 682999841 -454205406 -1393341158 -1125043645 182254882 -1456738019 -827919102 -389925485 -325802300 1735023026 -795540797 -2007030470 
-95525359 685184963 64363087 -1640985585 -792435332 538727490 -985837928 1214809444 -1549817372 -1647952537 1867737092 2083819890 1880152875 -429036276 -1603592942 -1571917395 1615361068 -2033800747 -1039677198 -566936859 1837214544 355695701 -331848903 -506494492 -164870259 

-143643050 -1809731054 -1328568973 -1041369634 -239052650 -1341874737 -1875668165 -1091140501 868408497 -1882340896 551161925 1756794667 -1037960182 -17432748 -961642599 414273939 -2082063166 -161268896 -1701412303 -1407142811 -1568366412 1113311388 979039330 -1380825342 488323889 -860982378 2037839857 655016281 1978231204 1832602099 -967810509 188078388 -852272850 641915611 -1290485297 -822781182 -492667774 -443452890 -2037046017 
-817575023 -1373714648 1526662360 -1170323773 -23403800 659000653 924038643 1827607412 1874606450 -2023514374 1831620102 -784641580 -2037428766 -1189844873 -1837556858 -1764415108 1033073539 -1416608040 -1981511540 78371196 1050807986 149136165 -1281953925 
-1845283415 -793184912 268087902 1487364462 312587165 1878833188 -2143877372 131685171 728914783 2048955317 358546848 -1035372566 -1814551507 -1254642179 -1006611984 -706505520 1522028075 -1294114032 -131163284 -223908997 -685050868 -1696673012 
-1893977150 -1235207315 1510906937 -1067424116 665007314 -1681472908 28251437 1612801352 45147311 -447927986 25493525 -281620850 -756676381 -330399952 806271692 -1264244164 518198699 -766805509 169882292 -689849561 -740377041 1048669745 -2012523291 901304434 848491393 
-574705084 -202966826 312536428 -1082457389 1076145160 1665563468 -1168251779 1964192564 1606734184 -400544470 -1135938409 1266778191 922454950 -21675666 853897358 -1458826090 -313470311 390263529 -1081289938 1782683474 281248312 1683902655 -31903972 -1677952067 
1324510290 -1067711790 -852839131 1957835028 551149968 -1757012574 455756600 -1844754557 -1005308610 1172889939 1327229369 2077366635 -923450664 1672101569 -1931389380 840591802 -54853947 1919688766 1067231568 1650108529 -845349962 -1745954931 -1748514138 1380875110 -1425034678 1429993003 781088905 -1340597386 -1035460585 -723579803 1111915599 427550358 -1388428626 
-296907500 297960643 678995587 -867263099 -1776064973 -1561217036 1177311843 -1754072298 905881813 -1241077169 237285199 -149571906 -1911584441 377380440 271488752 -721336986 -333436574 -938437567 -1515048969 1998777550 -232148447 1813561954 98672597 -1359180457 -4006845 1973373996 -104530134 -2063718544 -535980207 1947744782 
2058267766 1171163220 1334369417 -1737568956 456015888 -334629152 -1802713527 575184738 -1738364072 -225176787 -125970607 903251027 400360579 81239221 -919667164 -1572565901 -379961516 -1807046640 1740072334 -550676056 -1414431831 -1790126465 779326167 1369016798 1035025336 68747192 -381658737 676124765 1048968450 -49183456 -1552495018 -1867457798 568914279 1262240505 2098234779 
-87179824 452876963 652415935 2111598098 -1061790443 -1179266187 1013212898 1360185380 98030953 -370085407 -208939766 -282971242 -1846037457 -1243112853 -1048007217 1568419992 
-341886651 1719280394 906752762 1455141826 -76146565 1218275117 -2038450798 1190467965 384358600 -284333242 -471698453 446281389 -777770189 1865920319 -1478238167 -665358726 1412436321 269824788 -811611941 1912549804 -141948401 -1514486071 -1257324396 469954065 1665665939 1693703912 523006730 1757809839 
-1832254949 462608209 -1556796670 1527411454 -1215166856 880259438 -1301461694 1131739947 -2143333345 -840147241 1190021116 247175360 -2044522704 -32229995 -634426088 1456040065 -2077145542 -2146270452 -2001782526 524476375 309539584 -982379693 310814504 1469487373 1448395749 1720034059 

-804912014 -1603377817 -479211837 1244174309 -284768445 572289984 -1223292241 2109449736 278694405 -1680771957 738922863 -2119060932 176378192 -96994765 820303807 -239291871 2068790947 1573536792 1000560348 -1712608820 -1757477323 1343178114 92047805 -1341264262 
350204824 690783619 1004210654 -2101785162 531945969 656064387 207834562 966520820 1527705276 731005300 -625169158 2106816587 593835356 1471054036 -182934361 244818586 -1339578104 177587579 -1052548146 2048764488 2119203706 90500941 1957633150 
-1703457996 2084837828 1752521031 -542927532 386905684 -183891529 -821259636 1674170113 1519197181 -757588698 1290041280 -1444146889 -150590611 -762553373 1862031861 -1221049917 367415107 -230018434 1963626756 1490770891 -1190365210 1077505288 
-1125222280 -1968508936 1633956016 581287254 737374061 604079787 1290879528 -474950508 1153798300 708412589 1463893224 1336889949 1928402057 864666236 -1950829445 1499826460 -270728875 615911427 1567886403 971415616 -273472766 -1186634822 -188934805 1444792616 -1866013065 -167365865 312659497 1094620179 

1276392621 970043854 810607326 -1798939190 2073672669 -973313575 -40342950 -1684635054 1910496454 -1879863670 -2131490850 960758545 -1221625386 225191585 1735250376 1077825616 1393785568 -1652422167 -1670539903 -64176309 -1107807855 -1334717877 -589728803 -250669719 -1118076981 -293950335 2120044148 1184004920 
927097051 1110008118 794206308 -1864194233 231660257 -870806244 -1508522291 1615463878 -1944400330 -1286803283 1930897053 1718890535 2016140524 1594437791 -640579289 -162032203 -1121602714 -1569324897 1659946265 32731536 -82405402 -1994883050 -107628461 -1972693096 1762917117 -503656774 
-944183649 987006670 152874604 267263805 -1538047090 -812221121 -2053796455 -1935541936 -54502182 581369244 1686061980 -1951020216 1914271225 -1817723231 -420787682 799453549 1868630932 -654479696 -1442473637 1305329558 1315668777 -1747937530 1417349292 633794121 63955228 -475005355 -1923469998 483619057 
235614040 -1501158847 -1828298379 1012272404 -1650159040 235117751 -676045993 883592775 -1278583171 1203932076 2137498109 546174045 -1496731706 -662693290 -808389114 1918275372 -130681118 -1340998140 251007770 -526900752 1405521884 847199054 -797262638 -188610965 -1876195059 
-367664495 -856432194 17399724 -1869255498 -1916914962 2032533819 -993191650 1588348943 -983052224 916948139 1154087949 -176711541 1534878728 308322160 1211983221 914288907 -922344375 704819370 1252200289 -545673029 -1443852154 1981305346 1550373438 275953488 1119121707 1962480183 -1863446092 -862339007 -400605199 167389154 -155811995 -1554690601 -1879433561 1978155154 1159538398 1740749707 
-849650113 543930416 307097096 451814768 -391634042 -1481402275 -2112337099 1158137660 16543173 1658965646 -2087676115 1133542651 1175542619 -428520370 1168699645 719764834 1712507801 
-1097547071 53864064 -535382592 2103313096 870798980 1919790089 -379538351 -567976736 -1428798539 1680156389 140011836 1185245732 -991569020 -1458554151 742231247 -314470257 -2037850033 1885756524 1584276779 -1246277076 732763430 -1598546174 1775738776 -387408428 947699816 
1522838305 -1588369488 -1665196075 -2068534629 -336391305 203966698 1117990371 884112409 201060102 -1548063823 1814743316 -1505027927 -997303050 906430418 239475938 -2033790099 -745826635 -165502439 1719654969 1968309358 -1910909424 315348826 456263396 -2012683543 763950743 -1551608489 1778899294 -1413582704 1007666647 1925741614 -686329235 
1979492645 1611322366 941825505 629076212 -1883324339 -1378173247 -1823911945 -1207303074 877431003 -1408740208 -363205251 1210980348 1420281456 1614019607 1427124061 451694658 594212987 -1362824379 628207203 555419331 554410216 -2003572896 -797196166 1518255252 459736622 1512330967 -422234824 
741891965 -6524747 -860950270 718043620 1654308882 1219832058 -1686193962 1446252782 1069491434 1388056868 1295579194 -868626627 711306209 -554762034 1641117298 -1050236212 1729909469 -1126446575 -1469537032 -1698073659 1334012147 1405829344 895749744 -1390068401 -65255385 
-770873579 -302700383 -1441077662 -2087404864 449870729 -63100268 -68952679 977119704 1365763612 998818716 -459769193 -1668683522 -1467733415 -671045352 1147523523 1532403338 388089999 -572470408 -1899943091 -543923480 -635912254 1125175799 1373228862 1207260554 1921177148 1612104435 695981050 -1916720243 -1126457545 -1274208095 1871775345 153534400 219117859 
-406107849 614918199 -796519030 384198030 403199396 -1834758749 1955389125 445624912 -1708290361 123084961 -473189061 13903186 1695516589 -1407921228 -17888448 466859142 -1961299901 795876733 -1036099258 1451066563 1608319359 1850068544 1018029489 408401318 -456969797 245241380 -1477452278 -1023584775 1892691725 -1731275353 1522867804 
-718680952 -1951093975 -692065210 1989384553 -1300256484 226792483 1846220542 -968544103 968035944 -2147157884 -598355680 1709197342 -2103591094 -844977316 1307349848 1265557430 -985249997 -1575616709 -1852672519 1910494588 -532150349 -1161580862 -1847017229 819606322 
-1298775071 1313276064 -519654906 -1472714366 1619074984 -863856919 -1374656869 911469457 678812711 2019202218 -619046365 -860405203 124467923 -887823366 1269062834 -363192274 -1585243471 -1937234636 499170782 -861178788 
-1620429191 67384319 -1984321951 2086868092 -2036296435 1635015828 438396285 533908823 2019281789 1440974015 -792834302 223841491 -765612695 -209081805 
1612580906 -2064953419 1697191587 421100998 -1376680635 -2098506900 1974522074 2003506792 1676680087 2133716135 -1808672137 1427787730 -64967621 230514608 547704981 -1904521166 -968181617 -1723970481 760548641 -2102741026 926646313 -446071972 
64905657 229789376 62217445 -1185325393 1989631896 -721006464 949059669 955674198 437390445 -734338415 -1810881686 -1043541729 -1632977593 -1526500291 -1043725496 -179749572 -1965191771 -1533865735 -277565417 1342261519 853025097 579721661 753509313 -829902547 
-1030410044 -802669379 -1578855579 -1415487476 -1274139775 -502050968 1341574690 -325413145 -319679124 -894835181 -1820849962 -559441950 -1256851454 884673739 588186144 -1239116031 -1698771128 1737282921 -285289594 2120014813 1781591661 2072166195 -21563 2025531868 
2095473560 -1720167595 -1656423940 -460180930 -1734300299 -828718323 1655925271 405290025 1233545547 144169719 527286137 2006896688 1658581561 1671154519 -368637782 -2114747875 300324933 -1173681521 -1357482457 653093852 -2072906291 376412032 -120127556 1570172653 -1971821203 1340990870 -281825077 1898047795 786297218 

1510415314 -1084727387 1426618096 138379593 515075101 618285585 539117865 -556936910 -1623700301 -1525765866 1552172193 1095156898 1909232191 -479828316 1720457753 798824750 -245596010 66115497 -1816118028 805418574 -556433683 1404226937 828427051 -385457375 
562757333 -443612785 -1242328687 -742495521 1942146189 -1034805473 1341324822 1095594347 1518862225 -78912137 -1856236450 -360145596 -506874250 -319014777 -1956757062 -1805386802 1623437843 1526366981 -1440006566 723528296 -2080633395 
-1683911984 -434888080 -1630880519 318921671 -1586249392 347352 -135946604 1171439900 1842777930 55024669 -1590604721 -108567312 -51096513 -394533032 -35799319 -81746936 1770598594 625048610 -1340701587 -757184596 1230380600 338604946 -1255208097 -1339593246 -1003310304 1223143707 -655666076 379223083 -663310762 528211363 1119538694 -708231283 -1812527626 -1543412940 -1267052958 1470679730 -1185122223 -2098595962 -860665064 -217035000 -1838909193 855748177 1955959407 
1225520038 1357748085 1387683508 -296604706 -1299784563 -557457712 308497497 2035126118 -383879063 -548866417 3195721 -1727013053 -1223057323 -1170744297 383723685 3276202 11800106 487935339 986644394 1543427403 -1585546671 -1946863302 1996992946 -1906329513 -1263274734 1951835631 572670524 -1137944619 
341393744 411738791 1611843237 1281166413 1644627157 2023555003 890816020 53006661 1385767019 -1159415539 -19086192 -1459199802 1559413634 715014349 -835428787 -1424382165 1221081484 -1704324184 -579980737 1057874728 1983641671 1133323489 -2019446061 1509333238 1866953685 
1301514846 1955488989 651117323 1504338190 1019139760 -1789334320 802486250 -122636280 347361597 2016194315 -1803917865 -221782156 141706538 -21887253 107076106 752459016 -589022269 -1263882698 -522825854 99929644 2026503294 -1541978204 569293764 -1506811278 -2025973989 1246837331 -518060106 355202911 575366328 683628881 
-1095716432 1684738717 -2065431617 -1283837588 -1061181506 2031051132 527746058 731465733 -686425668 1288409201 -1266937556 1228474937 1709912010 1343812772 2067571206 -1244382658 2052235533 -1117613545 -1844013433 -376683989 -933898202 
-2029529859 814481518 1756166546 210176012 1310471475 917553878 -111036419 -2020535143 -958028112 -1660563806 -1083483399 -735986352 -1215974892 1489335914 1006065716 2093735793 -2042839867 -38985810 -1380351975 1247734783 478837350 2073935763 -530346018 -101064630 
-732314830 205314112 -37824764 -1090021006 -1583292664 -1085033414 -1253225065 -425522566 -1229805206 474109910 346602425 30550043 1361146079 1337548335 -1440744104 -253903873 432855908 659334277 797671339 -301562209 -909967956 1150642197 -1539075153 
-1758107935 1748814707 264473200 -1111203345 -414714309 427033338 -504866517 908313063 -427828603 -744950555 37173106 961036862 -1868144249 1947036572 -1960094769 -183512243 1692619543 1014615051 1161483224 -1064865398 1230587520 714531721 1757107864 
37577782 -913403221 1877047900 -132338342 -1060006674 1153823022 1696058091 -1293791545 -629672186 -823781657 564432609 957144406 862154301 1706283715 -1506902276 -768585045 -1488501121 
-1557699993 -1532092528 -343575749 1250451231 1590671617 216512324 152498184 462848486 969241384 -482794774 -536506536 -277236901 -52347650 -1634694029 653817059 1562783927 100601847 -2108067583 1852911269 484818481 -380428188 -1619229740 -652398462 -1689053794 1970414444 1835894275 -1398232547 -179777038 -1510869187 
653922930 -1975432066 -1157916725 -676489186 1062469585 1260973520 1870792896 -50229530 -1477485546 1705760333 -292655848 1040423024 545150958 -909743707 -1756507849 -1559461349 483999147 -16601554 680242937 1159624724 -1170548852 651555479 -1433384166 1376733651 -484000651 
1414268607 369291489 -1474676500 -791686048 1666437533 -812021704 937457021 388685315 1540363091 -1244129030 -215709169 -280858119 920411942 -1144161189 737729885 1864267421 332199525 -1327954817 -1444587087 1357023080 377977288 1700388607 -1023585070 686596091 
372132104 1307441159 -1137566182 -571102419 1106861523 -974928929 11257479 -1681693132 112942958 1022302354 835542132 -1575213180 -499511952 -950590663 453899951 1671600883 -831725534 2045268278 

-1942676348 -1672980183 1713776339 -1354627794 2081674274 -362588939 2061310931 970344634 2076290340 694445961 814398245 -1067090059 -252224677 1190216736 -989603547 690373616 731319741 -1812055492 1547579545 1432804521 -1056174297 145802996 -1229932872 1132624287 
-1775574542 -2070562513 -758639082 1791624806 937153102 -1974792997 -1569380381 867536448 174136368 660977179 845815289 1772107564 145999911 -732252811 -1510942055 2041490256 1199626624 -574471211 144457020 127150962 -738060934 -307071354 984755274 -1947166062 1552172553 
979811819 -1236413760 1010726580 19382469 -1271368515 -300144583 -923440400 -981160464 -649298085 -344078946 -1628756497 295704855 -24141460 889552526 1414601615 407192439 1558546217 133927899 -79965716 -1935723103 -737571149 1946190455 -358807988 
-283201199 2077496647 -681311249 -1907421200 -1534428347 -40214981 -1048558036 1316360413 -1479754176 -1820752700 246030653 693614567 -1041449914 264856400 -1689598743 806868502 -102706903 -1527332289 -1447044937 1775128009 835149294 1389869538 -991173515 1482575577 1591423420 

-76023739 -936412853 1386600747 1331930697 -1684588366 -921031025 1865983894 -1003728183 -68863795 
-273144219 -718347576 -1543155131 1017905021 608142497 -321477843 94451344 -950860396 -1405127421 1133634131 -1591683363 -1255023081 -224909651 -1541734751 1023147630 1791729665 1554659508 973855188 -873013895 -1493141948 412718260 -602123524 163273802 1347172408 -1670501796 1196849296 1807211281 -335055113 1083418414 499080441 -1840105229 -2045850567 569291179 2145799031 227603616 1467820205 -1262649691 -1313649376 642932307 981185441 435599569 854105132 2084840770 -858165348 287361759 1247517284 390798217 2086447526 
14791324 724237220 456034135 -606679641 85263004 2087739733 -1805706549 -399858527 -1169844598 1096224207 -287455579 -34329379 -532901946 2019512469 315776163 1821468561 808436732 -2010417094 -6863998 -416253191 1932922512 -306714679 336773821 -1182649573 323441595 110986838 745723242 419101017 -529266704 556528295 -402813611 1047527008 1835410926 -955545233 -135601149 194089761 1441529365 82811033 1617085260 -712080049 -1736763286 -34858309 1359238086 -817382733 1284522426 -1837019382 1225390947 1529819291 -741901417 765617134 -563088279 -59803256 -691709716 -1138406540 -575083315 2039818591 
566836954 2019727244 -616084028 635360504 -1153058106 194883207 1711211604 -489005915 1365533288 -1001387479 658973442 -951356598 -1775931242 1793658004 -1798865562 197152135 354267485 -247495785 -961955270 -705243280 -35133375 -1559077811 1207160976 998640692 -747110556 583444986 -1342031717 -1352372765 -1227239837 -732210224 -897506480 1847414706 1808193731 209972579 1891365365 521437153 1394657760 -1974739543 -906381539 391714533 -2096603152 1103611763 -484498061 
