-1730740377 1751212259 -1155025991 323286198 1641319306 379384830 -26262501 -1764242693 958742828 972125642 
1357378965 -932978097 -665313510 -906219210 1640659712 1085621669 -1875472516 1262558571 607457579 362224889 1108872753 
-575842666 -1661933556 1511465830 -795568524 98566183 1405013806 -1926154399 -1584924561 -1421651727 -2126706821 -296008682 -1343881538 -56317390 1424489584 -330779931 1140777807 -1834790890 1624924163 1723655029 -640994489 -1757924568 570998558 
-1632874889 1071451684 -737464991 -1224782845 -361416670 468959208 -226727031 -1813420002 1961331519 -450944839 -1736221230 -2078573549 -144368864 -64637906 1358820750 -1497342310 -405109063 -491202411 -988945545 -1729676900 -2064994538 103928770 -354138532 1782338262 



1940226920 340829515 -1390143390 -1099169635 -725340209 621651630 -1458435082 57008210 1240194126 87473813 -111821899 -2065630873 -266170518 -946997767 1533501093 1986114818 -642859189 917620854 521860392 -2068497605 -1320306394 1719379646 1180169667 -446871251 
1900219939 553282054 -1758764356 199370576 612112919 1056766810 2017962890 -1859058908 -1927049776 -1216319360 -1746105182 -2139157032 -54528528 -1181945353 861867896 796960647 1017226167 -229436607 2043195836 1079060546 -735306058 50009465 -590768722 426023411 1672919434 
2143730748 327253236 1720793149 -258839642 -768773633 1318089614 1827044464 -2022172951 1253173580 1288638706 -1394560215 1350416455 849295584 495142727 2061093814 1089428784 -220482469 -572602470 -1885794978 -699839374 1893029642 1625325513 
-1042541726 1750708111 -1368055818 -1300084754 -119620852 -2122853106 -213691935 -844069814 1183147876 -1995503520 1287147809 -1339923804 -115201577 -928235368 -547684539 -2080098235 1343477145 882165482 990288488 -1379486625 2130191809 1357239006 -406864490 -1064692090 1880872348 

1503388345 2132816852 1170472717 -1821093001 1893845385 -2049389522 -1054146368 1124555142 -638664226 -1840322303 -924568027 1534049438 700767233 775635665 -1885248779 -2039632129 948869587 -358713184 51983866 23361440 -2140275325 -995692760 289155673 -108124753 1602498464 -931403457 
-1307801761 -1228289478 1830079229 -1316030785 -1354759011 -76040172 723812695 -1873379941 -2044825602 790229303 -384451128 -2140589856 664301649 27755717 -1630753332 -1860459960 1185270592 1374378278 -49451121 -616706105 -1714733703 
-785937885 1700113197 -1716999502 981682598 1690839986 329639192 221303134 -1335912149 -612813780 -2050802154 680212833 1180259383 -1733469056 1068974231 -218059442 -617894154 1070833397 49213377 1386972485 1241206559 -1168400624 -1768024139 1706182281 -348523131 -1199470990 1932662650 -1229354963 652598233 -1075569687 971566058 
-1192881001 87605599 728209963 2068837119 -193458803 -2116928319 286995752 767556988 -611385004 -878316586 -1409432138 2116209619 675162046 -1045009125 -1277521535 -1549276701 117833244 -701994511 2084893592 -1060288205 -599070268 113565301 -130173312 -209562897 -1380745793 130668810 
25453568 -1183679109 -1161563082 -734219249 -599678767 384688834 -2016829236 436372742 -1328095771 1018593253 209268560 -266505436 561183362 493350830 835234212 -1094121076 -1361871227 -997613853 -1178062828 -1945132202 -90998414 -1177445645 -842573121 270035923 1020971446 419436099 339275389 588536508 1247893533 -1136999013 2109352867 
-1617046746 366147751 976767299 682441963 -1748100142 -1477785488 85199177 1513251880 1568718602 -1956854319 -2003715061 -1153542829 125079463 -1072244869 1093335164 -1102066299 -1183391376 -1949629628 -826915813 1461789358 1975867031 927876213 -2012127949 1591647328 -711549191 -1201174462 -13094190 237781466 -293332731 -512857902 -925753315 -1478783502 1587074306 
1523463073 768006912 -1663508994 -111444008 24096233 -887740850 1222147512 -1585611081 1466512569 -1975808469 -1462154231 1160837558 1164548137 1830425769 -1376044990 -1027356243 844626955 -369016515 -1180778705 1077825012 1591693988 -1323807444 1620099297 -1884773299 -615834843 -1164378373 1533561720 -360621281 1786604815 520619635 -277968814 1042089755 1008655967 
238838234 -1766496227 -1873434657 -709657340 -103534818 211577993 -1805215301 1967035754 -773773177 -2026537670 1128815654 332658008 -915686235 50372675 1570526516 1243276655 572460884 1720631826 -679872889 1067670809 -984766010 -2079828600 -999229921 2134695293 582623103 -795413990 -467766219 
-1182691833 -1116570567 310774394 704501315 -759186499 -1294732973 1607896883 -974196680 -308891026 968179095 -46065891 1384099142 -952388150 -704298995 41013579 -358730113 -1330760667 -1440865498 -252803382 1312249451 -1335149986 -1327376246 -1865334903 -1130224673 229186974 -1397690562 -1500578468 1491127778 1343586894 -2052483067 1084409151 1592044186 -256719513 -1616885416 409645311 108133194 -653819238 875006080 -2012288291 
137190666 -660531996 -251032236 -182083245 2014576283 1562760932 1577176168 -432345636 911613563 -1708498499 -543607479 -1113185679 8905763 -2099151211 1996221380 -814606507 563957390 1272684109 -1447322920 398976726 -1821762214 -577148586 -1225916360 
-1399800920 -794402238 -1527267913 2067456921 1695874103 -1761248553 1806887667 426904478 1988778037 -302238015 1957388557 -1016301344 -1711304393 883471587 -1938638131 1435120553 -131803171 136689440 1514029099 5264774 -1487553132 263150007 920717952 
-37663398 692281818 899696768 -1842603822 1967353100 -2065076547 1605478004 1514289633 -947381958 1750768719 777056931 2135932012 -1238872397 296167667 -963931673 401510707 1322334580 -1880640026 -868321811 -1836464303 

1780915979 -1969964787 -550588440 -174943740 -1993520378 117784739 -1918465951 1452098280 728015315 1332882149 1852794066 1042432500 -2115375175 -176729289 583048281 -1329853725 -212058797 150425890 1396764281 -2029446381 -420137361 -1261924545 
1237235741 -616769033 363673158 166164413 -804207481 -1235153357 1686619581 1901256996 1004570103 934642947 1703907194 -243972982 -1959489725 -163969516 -875083839 -1353872231 -1230483420 -581793640 -1001986010 716266769 -1331960450 -1203998047 -2024559748 
289022690 1015424964 -1341717728 20577782 -503531572 -214419836 1278260362 -315560452 1313565207 -2138498848 -500313406 -1500581819 1857668382 -926103515 -1825250908 -1757469726 -1063322596 283792217 -50919281 124787804 -55202558 521715509 145496428 
89368638 1415871920 1015193152 -280300515 -1487301056 1979963184 -175309518 -1322259069 1975799784 -364109422 -545432485 772596266 -602747131 1262873729 -1157592328 2131690657 230114415 1893115133 1004173692 -1545067073 1580563483 -1113987969 185910537 1663210881 558489241 

291509657 1116827290 168828200 1449409826 -1163346844 1799054052 -1878759711 -1446015541 -822049691 -1167645626 1184825787 1469225560 814684819 -208593092 1827654531 -1096061801 -560220306 -2117515428 -1736723831 -1593773065 -56971047 1677575808 1423415561 864464445 -793109641 -1052753098 -1410213125 -187863521 1024818691 38597591 -2055563592 1424309181 1594183399 1145749442 778408417 1245509792 -610689511 -1037010381 -1853824963 
442182637 1350675961 1454605917 449640485 -1524778422 -1700298995 -1537281528 1072451778 199527039 1893682199 1958040104 -1009142267 1709498353 -830986675 -297770835 40203041 -2044595328 142372470 -730009781 -1812206715 2020213678 776339262 -673516463 
321865444 -8685486 -1678574494 1339869026 -1767273811 -513628784 -662322506 -1846428422 -624162964 1852597269 -78937412 2101575150 563273263 1291730946 -1177943408 310870263 1956420681 -143056233 -768643066 -683177692 1605323441 1799817370 
55218820 -365441524 151320184 -1752018514 -72043833 -1436950675 323737728 421996559 1128967435 -2129161483 987691837 -1780106910 -711170352 544312531 -1618654884 -1892254796 -19460851 2115013473 356955248 643844221 -1340129731 717404606 1289240871 296824246 1637266940 
-941098544 -1106726363 -865961177 1084281697 970094777 -944687631 -415618227 -1247296748 -2090592962 -1338115503 -1150722573 -1360747560 -1401321457 187034260 -1370788860 -624778882 -1371472791 1776162304 -1448217477 1839072689 -1633119980 1162043241 -2089476859 -518160145 
2062038857 1179796062 1191014073 -1871341854 1224670979 -979857307 -858848966 1103776211 1562106905 -1219253473 -800338748 -1159846485 1921456877 -1310050881 -381871323 -343361063 -871884939 748546823 113446365 340953138 -1909884126 272047761 1953096495 -2142841232 443318032 -1035942859 659623591 -405322212 -39259031 -1334219454 1251479819 -1396070746 1775218498 
1016764158 1576385912 -1244078321 -1673923586 -1546855778 -106033609 2033739457 -1443964307 -263881294 -1772873281 -2000543816 587664312 971332552 -685977448 -830220781 -908364194 -209618277 2034746456 1306739356 842279270 -251721316 -2071694914 837026595 -1132938409 1575305445 -578761886 -846936464 -919393677 1605524334 1194867457 
-454673231 -1236549578 1784665813 -278362990 -1640038527 -1048876319 -480910754 956576066 767913312 382670550 114628250 -623873274 418489635 1861639636 -925368743 47602439 -1996045604 -1011050010 -1143014046 -819052265 -470531194 -508355582 -1187371051 -2077392124 -359349528 1493150173 -562182723 -848959319 626663617 1689479098 1847090393 -2073068232 30563097 1950415782 -1396651547 
-865829181 -849122898 -1109186019 367403658 1300821213 -1453286439 -1891714869 1303533155 1745725900 -1284135372 1670222312 1523284748 -646378069 1217433850 1348643431 -1408235595 
2084418475 1899332245 1407240358 -1303680318 246035444 -239366450 -179803146 -895855085 -1008604902 10233774 2069046351 1998496265 1631247093 1979417604 2133173624 -2147183643 -764822931 589380152 -1627720329 1374408265 295138008 2080251203 -1790547178 2144342876 -2079159174 -2125126928 -1876176721 -1597533688 
721958217 -454320354 -1508924493 882627807 1339007229 1132703364 116053086 -525943035 1460943799 1872530266 -1422298721 934483235 -1143913096 -1657108044 -519337701 -1758737688 -1797478655 -1751685085 439602960 551870269 -1813263917 1724715540 -1408725275 -562383480 -439316150 579912172 

-169415816 15606410 1734457275 1764706118 1340654860 2147226499 190667668 -1402502396 -1421729209 402712697 1104283074 1908530305 1774433749 2117764487 -2089026898 -958930668 1581938661 1093795234 -1991421776 -1662371408 1689730304 155419264 205396204 -279038801 
-1852094774 450342743 1775470430 -2020660490 -1470115744 473333628 415021031 -1291562280 -1635034723 723731408 1018934530 1087709716 1143369786 1844121755 -871745115 -720150891 1214755432 528444453 -389472563 -424420893 1458899217 -237376732 1091206562 
853766295 -780772483 -864217394 1307463732 -784386707 321147232 -508511861 542232315 1816413309 1555276618 -1017541011 1845571011 297615809 -1498113483 725378629 -949097814 221735300 326830994 694625234 702609008 -740032491 -2145150424 
697489514 -1891983469 318204749 2056158606 -52247708 416393319 -522715452 1618045194 -1012470677 287532399 730136241 -1641189184 436223809 906846865 482768211 1797686804 1706004055 -1519040429 -63678419 1093555369 574061816 -556899413 1496631225 -311642982 -837980703 -1222507665 284516129 122396936 

-551785769 -514602764 1063208098 -443723090 1368908615 -208246116 -749769969 -1491628555 -649331286 732092073 1732323445 1818653912 243009435 -813239124 223085383 -1941491440 -1556651539 -16348305 -383771559 44626515 -2145955354 1406364793 164204768 -146251324 -958864226 1804619508 -659253118 1811022459 
158879678 -1478209963 1492153660 -1823280224 1553643872 1025144328 575289716 839998287 1466883000 1495515438 -1664856153 -1335323090 284913106 1905265472 863035626 588168624 -296316442 -244044680 -2029256744 -889954016 -977775752 -965036433 -1306960903 482366883 -754676834 147195992 
1594447566 -822294684 176792252 -367443329 1178028082 1090806769 25385796 -1607479365 -88364570 -1860618599 1622711131 1652623230 591557505 1039128591 1334223561 1059645025 346449941 1268654770 -1675955196 1267416178 -1875822973 -1383866235 1807780763 -37054872 1280706625 -1968110345 -1153637097 -1567513767 
633767465 -1329802091 -427621005 1631074007 -316844445 -701099909 1069819046 -180669289 -598935275 -770983882 -1823029623 -1315889130 -876285312 -1798650704 1733664025 -287608254 1259959221 -343047303 510808885 990782434 690448678 389908763 -1534598391 1848025240 -1385249038 
1167104852 1681566916 -1104384232 -1930212931 2016830945 1588379777 -2093216842 1503453523 1648109792 -197681843 755508196 -116547008 51423 1316691852 -196524036 1484083623 -211157842 740705847 -1236752390 -1420886944 145377346 -991680626 -1387810728 -1267798716 1208324969 -2095892529 138414830 -527154380 -219752570 -929232035 -845742161 -384644288 377653900 -274313689 -1457484935 -1319201303 
-1737684952 1042784916 -596277041 -1802703971 -365192630 -804619660 996749041 763016926 -860026718 1029952773 194646708 779720592 -1580398848 1562075666 -2014561442 1365987217 -377304712 
1324589754 1433372428 273319824 1555813856 2109917257 823215004 1301237740 403098180 -1963156054 -1296740918 -1931665681 -285449250 -1028680649 87323894 -599876256 90101974 2047819606 -1719235694 773596991 1898573185 1842412538 4569900 290925319 -212806006 675280801 
1980348334 1892063396 -863974530 -1405134729 789151292 586434450 -1541837776 297435830 -750089724 2142637947 837711043 -1803763805 -795044299 675945629 1938362066 1868185496 2030110681 -2126640885 1137169839 238505003 1159614018 -1327501336 204005602 -250538962 -649693453 41885056 1509510877 -2080921062 -1834910910 1671570228 -1957044914 
589803823 -948208419 -305736377 -1329511870 577049914 -1949855710 -1970858275 -1818253142 -1835003847 -1746904024 1113025151 -2109195685 1946743192 -307828637 -1933596077 -1064703280 1145378802 1973549678 1966119222 61313407 1539109456 484364891 -558965296 736986234 959497302 -211977674 -72124324 
-30304816 -886286867 -2080690470 -601817587 945788989 -1965841455 -1738788542 37500363 1175221641 370350954 -141991143 1451082796 -1591392426 533109477 1930060049 -1173712188 -1619886007 1847955407 -293509719 1575898602 -469200390 435270110 -2023065229 -82555571 -1138139630 
-423046030 -807173808 -240020486 1975931977 -439237496 1183241105 798622882 -620624034 1527240450 279882059 -786864166 -704291404 1105647321 438572854 -1600500972 997476246 -1284646930 1603234186 -1679217201 -2079703846 -1399499687 1983251710 1132169325 128390510 1420876680 -1511317145 -837708486 161012000 1711549728 -807854660 445070830 -1887963902 -212483260 
942171856 -402513365 -843694715 -1698588959 1339193999 319848782 -1353485657 -1548196353 693569389 1108042803 624694562 1530446120 349741252 224416700 99662772 -1054784450 1486473446 -1635060051 594596921 -1153274823 1613130879 1673554656 742535868 835935296 2029229004 -1948486958 18180675 -732305317 354079580 -683664098 2066550688 
-1589941805 106570465 206070027 -1935976194 1816236947 -1964547369 1108076657 182072876 -2069147235 -718248387 -949267955 -93022721 -1323339663 -846273218 -797770577 2142366888 575344653 -1417000982 1037017361 -1733324677 -748879265 297187691 -890016192 -380321522 
1563015682 500971152 347292986 1565635505 1154742155 1292705446 753412735 1881376000 -1130882206 -1158141945 -1791754856 52506287 202451394 -1689952760 1555178418 -836232255 3619491 1836719053 -413404758 1825661450 
-373736937 1441602050 1534495380 -1737372114 -1788559063 -620345406 1724421159 1388533741 89606103 -1952712413 -1412643133 775295970 1844378945 1945804777 
-1411019479 -741614980 1981848006 -784351743 -699027 -1152841105 188409673 -663328934 -1980341127 1571969015 1131914782 1049042171 2037664101 465471645 205906061 836281920 1332231751 -2040999186 1748441057 -995288511 -450301393 -1765379438 
808280503 572052168 187031955 -624879615 -82829115 -181988082 -398664421 1461062323 -1977212412 -191191056 1994930296 1566496889 -578435427 -1141449836 -2088503654 1064341308 -1760725220 -832605374 1807544747 1768603916 978210780 -2019281542 -1406633748 975200552 
-115924 -1246261126 1933411305 -181991836 -1423557526 -685899431 -105140342 1785981715 412340444 1809102630 489725122 -1186448017 358462906 738641616 -1828321138 -1215362183 -1832612966 1021322680 1049601153 -1745591475 732606664 -299033383 -1808723712 2344194 
1971207080 494317030 606786153 -1173767446 185226345 -483187514 572778526 -421266147 510556074 -1498698457 275088733 1033878062 -1749387104 2074496764 1076736337 -1883352777 -90138296 -1007277059 281314339 -51093751 378984363 1560921147 1180099000 -700973989 -1394882977 816397559 1430867888 -382275273 -27119223 

1049978368 -2014035588 2104856815 -1947570913 886692664 -1194129642 -1327256865 600240059 1688948449 1398074775 -1698345890 -1103762883 1809106092 385888025 -308238351 840438310 -985276383 -190469690 62635407 -1151339965 -1065009554 1632256465 -506509277 -635600358 
635479497 -815533006 -650756193 -1480361483 913312280 576070510 -498875563 1064593451 1369251811 -218518722 1624494124 -788018991 -2010930537 1135761310 -455842633 -196135392 -593037608 -933441669 1052226567 -1909506511 507503661 
2004737080 1353914832 1117631034 -937943161 -1748252433 -911850531 -389294203 1685554509 -1666097863 432224295 -1729590842 -1075850786 -1358833589 -1546667042 -1069309949 204275890 -771461237 1683807153 -1335289909 -1704067513 -511962958 -86416443 -1957761053 1586311436 -1331078759 1798361469 1764248115 941966414 -173407430 -772268022 1998202381 1514748402 1431908376 624837921 1747876375 -556422028 1394859629 -2127688051 1723196540 -78497449 1936328762 906787736 990758123 
-1279148665 -281057666 620558188 1086219996 -1254587544 -1427523598 110823320 592527006 82849407 111066944 304098725 207949460 -619686533 -1074357113 -2118560288 -1281673847 -1463007590 -1416486266 -2128667510 -1706711525 1778256406 517029668 -759628909 394004037 -648635298 -1838729301 -1916061249 -659460356 
1842106486 1298104669 -1314141733 910944809 -1771532716 -838904292 1459281575 2119830554 19744041 -2011373364 1017100631 -527335469 -926141402 1615303739 -2095905251 1770397598 -1115064214 -844080357 428564289 -557915209 371912002 -1687437886 -1372421718 -314970586 1216272093 
161692734 -1596193529 122704826 -1810600673 1373554083 1326446632 1224575417 -1888464796 -470698021 483921320 2039791751 1319138755 -1131244503 1876747803 -1289019006 734656485 -126865150 -1102618979 -1179920607 -445842348 -805761177 817882934 -1326527631 1557778874 -566310918 -1022111406 -1316857801 1476068325 1906864361 1773658642 
-228432453 -27188825 1959056162 1876146334 -1982338123 2024534246 -1581445806 -369464401 -1938883749 -448893231 1626298884 -378508594 -443091606 1675716982 877794818 -1021375796 895382790 366183464 -2102709032 -1336216437 1225375387 
-956180626 682375785 -961957537 474380016 1510543661 1876277708 2063645765 1572239689 -1184673319 82779828 -590989548 246913354 -686705443 -1356984450 1903320984 1391183092 1734311813 -562551683 591841815 -480627485 1699635857 -2104480189 1483629409 -767028929 
-703500674 -533141043 -734536789 -1956453243 -1762197721 -1899707554 239227223 -557436973 -1803520541 833274366 -879071597 -1073144761 -1939364034 -1863383001 -667719031 2081954242 1161392063 439715030 605552530 -60201253 -281649263 -1555880728 1667358090 
727396553 -1986483297 505656183 -893299652 1467831059 -1351499516 1148093340 139964658 560906039 -28950945 -1686228024 438981171 -585917965 1756072375 1948064657 -726261916 -1703448401 -1499009039 510186665 -2055930199 938575965 -1498381444 -1144760100 
447907857 -715517996 1531173096 1037732356 471680411 -628574128 -1676663460 -399590649 -900334946 288760060 -1922397618 1389036475 932718854 1458194791 1054185447 -1920880584 -1531948216 
1579970738 -125334823 -986766204 -199752435 1105329823 705989885 750242203 1836165671 838430826 -1476542913 -77646503 772237405 -798803860 355166678 -154595559 -1684278813 2016348203 243003874 834682933 -1643278270 1504827652 735915123 -1225012984 -1371653465 1159125531 -904691326 -1580538336 1437440086 200317391 
346332628 1662506629 913082173 1770502530 378600628 1758001598 1322447315 1811908822 -52205458 762687018 -605737561 -449349954 -572930862 -1880802391 -119755323 -1395368463 -1798396319 -1172020512 504808923 -1672229373 -867168421 1885712688 -1376125029 -2051658579 2134556148 
1168087905 1467475952 -999546324 -847290181 1881912316 -1008081694 -234387395 1537814637 550488523 -1788686999 871759680 -611058841 -1143790330 2070918038 814225078 993640718 -481367373 719810390 519450259 442387763 889908856 1779353080 1798815234 56696976 
439058643 -2126155883 -761726254 -857387576 1157694200 434050961 -1404683612 -75018390 111398166 -1929385410 -1329383822 -758550883 -1543802358 -2087894392 666377116 -2064681639 898851878 2059267691 

65382336 16381456 1886976873 -1227398080 1823179103 -963944999 1435310293 -1687672069 1117636609 -679548218 561166475 2115549014 -999883755 -392397230 -1227142641 1396148649 32324237 -866534011 -124162953 162982525 -526652569 1447322991 1306545524 -744147669 
605137898 -1581373183 -1700285917 -1199436844 -41484887 1567027868 -443470732 -1267792584 -918029190 69606153 1562647600 -497448404 -942142754 1870664532 1829046926 337760273 654572074 -83769708 -1439970123 581475609 -1450416690 944698699 -263028030 -992207337 -1318642059 
-1928963516 -1809763596 9120698 -1675346301 -1183271604 -634040236 775570463 -234900502 1465754199 1415027868 -89225850 1105100064 -1669001339 -1858696968 -106998759 -31761293 -1120426540 -115994722 -314680617 -756809316 -153751436 1615917333 1380685187 
-1103765513 -1014943434 -125057481 -2140047554 1586292519 -847421570 -531907598 2129874524 525280356 -1564408921 -1215312514 -830018607 -64398380 -1055775669 -1002075654 -557356427 -701376410 -1755498212 1413863140 -1203307743 -906443659 1810278779 19515790 -534612480 -1812661842 

2127270888 771915286 1868068220 70780640 658711443 -989181360 1531667753 1782704416 1584273314 
-1257705703 -1778557627 292697629 512052283 -1734911554 -671049937 -1523988749 119434020 100377151 -200747230 477939542 -783833171 1378868514 -1464024367 -1886180315 -1498826941 -1239763519 689950360 -1211528572 1743937554 927199405 1927824043 1854605887 1052693266 -22467691 -191436212 284739691 -2007502248 -972819589 -1352139783 2130847898 -1492015287 655626114 -1551932081 1859432549 -1438720271 647338162 -348346240 -389974611 -155960069 -1498136713 -172686972 253824198 1174101296 810121651 337916386 1755257763 -286707160 
-129627441 1392461935 -51878260 -1720026652 1149952644 -378607858 -348208665 1206928503 -2106591856 2039968695 590436543 710990920 -24897937 -1116022085 1894128631 -1903201187 1240635556 -408575983 -1287292384 -1642142109 -609185685 277323726 1513131794 -1755648058 1532774148 562506726 -252443198 -82015189 -1898442957 835934145 -1398038737 1794985235 -78027989 -1628447472 -1703253177 -396441954 -1540660602 3451274 -173656164 -184381596 -1241727942 -1724364849 1828513008 189296133 2055087550 396513066 817666337 -1394114164 1452840080 762004234 -1179099758 895012763 1523981658 895129991 2129356898 -412095955 
-1425843428 1155827109 -1688681257 -1375102125 -1530173163 1620934938 -1976365862 2089086372 -1235110091 2140263757 505189207 -2026978198 -1686964182 1915372745 689335422 -199340908 -1597017292 -349570407 -1733247216 -1803983627 1540160380 -386709748 880674988 2063088610 1115848201 -1427479681 -2031236129 1358997310 -353245155 -1766179143 -1983228002 1981251707 -1572841222 -743593036 1927377775 -1208868360 393730905 -1819938574 -501330486 -1436654612 541170000 -1469212121 -607292367 
