328271818 407018271 -1717102526 -1327859488 827542588 141231364 1572176377 505597119 416864598 376449183 
-148459009 1987909824 1375409689 6592389 -642420682 1537406091 -655777814 739163784 -1386039287 931768227 969045648 
1502415195 -1278413432 105044442 388115538 1313588969 1977446869 -2056465404 936742074 -574193937 1743790460 -1468103334 1681807932 1627735514 1903193952 591175304 -1617508308 -228636700 269822191 90669262 1666146554 -1895057134 396785162 
-58980692 -427432261 631979218 -1697880845 1449870198 -1874113327 242933131 823176367 1388321605 341446635 160171059 -1086795478 1929066854 1983706726 -1486202856 -491723360 390601513 167408080 -1823774369 -1138543189 -699836571 979319124 427419710 -1177321437 



903506489 1329491011 594079974 757126137 193610556 11317261 -889638790 2029149742 779675491 1788820586 1245521249 -435594852 -445644459 -173134758 45006180 528171946 -1145180374 1095106010 1486111985 -768327562 164513311 -1198376929 1266625842 1200858436 
1811213857 -1591793384 -844963871 1245263704 -962911335 2010608855 -2022225118 2117300307 54498351 -505545096 -1107978768 808200391 -641875809 1376998286 -1510308132 -1422812018 895110215 2098828298 1631496404 1737517270 -782443807 1939883021 -417877812 -132418931 -976115880 
-1729228931 253958427 -344236407 -291519502 -113501481 340197442 -437129897 1706757203 -1010086505 359216049 -626923290 18025978 -689846534 487712785 1797616321 -1237177877 -1956932645 -64305538 1313485154 -2061275907 -513318424 342358081 
74180910 -1348612366 732699352 -18033772 -1235515575 1818284896 -1599369431 -1583215583 -1672924055 1279095348 1325472866 -1145104869 -1039759362 1518034560 -1084550045 -1770636965 241531910 -1069397757 -1174402548 1539609382 -1849695835 -835955220 -996550016 -2124531457 -720714511 

-1248537856 -887522557 -1027056852 210192131 -1585612223 1125670736 -1036891936 543403589 -47579643 -413352548 -1514187403 -1212919783 -1994384220 -799017158 -587542016 810908275 -431421922 1243566795 -1034304927 1573158772 -1094294068 -429908838 -2059768843 1259322857 -186348667 807567495 
-737758255 635604693 -827283038 1216767712 573735553 329955248 5816639 35665333 1292521820 2065893189 -1797197175 -1528092618 1524930757 1433385915 -601850593 -169212668 1284138522 1202615257 -760859349 -245539109 -1898831083 
-1851491577 -1940688278 -1736177879 -994969358 -1789633282 1769075042 1935060811 -21188294 -1091333311 -1342197960 -689615355 1179579458 -1707076118 875161668 2032336294 -823589782 -1295211985 1001366007 1716018534 1904918077 -1781893163 -1402498665 -1983626463 -89759122 -1638555076 -693116262 -533382601 -1650391677 -1499380877 89644327 
945659112 -954412683 -507026293 770015847 -2119192099 -474638189 -255884347 707591372 -684811313 1101231621 978296338 1464305353 1077072739 1529629672 -17852441 441727932 -43372595 -601762463 -137222898 -246571192 -765141982 2348512 1221715549 1910628435 846301110 1211994156 
2032362059 31841064 1571582309 1861663770 732035823 -1998249723 406745798 1213644075 -1500091094 -1195155974 -1257101561 1508094200 1899214852 2023104956 503728226 1268025813 -2080905434 555220519 2031565841 1614770001 -1243422315 -2121265669 459243083 1350888402 1011918964 2131457724 -210972776 -1194202588 -1687226303 -1031195287 863252682 
-1206887446 990492217 -1920921881 1018450981 -213791355 -1141002539 -348433469 118208390 1757706790 -11862513 285128051 364133027 -290557885 -1111681771 -1687303376 -1955298278 -524863806 1471160175 1019673545 -525711638 98341435 -1126122372 1783887881 -744922824 -1702610517 -1649675244 930632280 1386575369 1536531340 2129837938 649167300 -1211428145 2015853989 
1496693280 -1530719365 -938328198 605883883 -2018300753 -1133052766 -1878460069 -1128939785 1855553137 2047394355 -1562236849 -1025690067 889185099 1355297084 600999313 2083914586 -1719304177 -1946782908 -1141279076 -1783774721 2088674985 -1851852189 -1983163217 1327334453 -2119196577 862718353 -1127460573 1364559742 -1023185628 -360991713 -256087995 -2060453780 648763412 
541242877 693522969 -450233039 -1964169171 1272311206 851180404 164030520 -1177850956 -255567682 -36356084 -168923938 1676864511 2000637376 -1568280146 -1446967333 1042873923 1827033140 116521521 575962980 -1675953798 1315591219 -1169185499 1906076765 1881772346 1419300471 -2042553730 1841326062 
-1361662241 2005357937 849339590 1753044008 -2028020164 -2000842853 1212510102 1613937408 1417427495 -978764397 -1896462255 52653163 1557752839 -157829833 207491467 -1535527892 1637431504 941933920 1565196897 1208981808 1749608188 365335858 38458441 806089253 1524036494 270232405 1018275639 -1000569792 -1048339737 -115513638 741325882 1244608802 -1083476116 1873068012 1051236272 520836201 382682045 -353740360 -1488782667 
441198580 -1856979196 843530604 1574925397 1321695020 327489579 1300140900 948854001 -1080963104 -1883491089 850665245 -1803660834 878873394 988496830 17375316 -26312694 1447760369 -309292056 -34206595 -1825067345 -1567934183 -1570914976 -535356957 
-759546882 -1182330554 180624842 143068434 967774264 -1451213522 1197481018 -62200490 -1128579302 1106742129 -587936829 -704796257 -1208025610 1405233268 -143445239 622612007 -849146438 1025942151 1084586909 675582698 -1335431846 -553251171 -523784950 
-357301086 -479893405 1516652828 1641853016 932065019 -949162998 -487983960 -332927823 -1087129476 539164588 -719641665 -937415736 678833681 -805604930 -986799419 -239898552 285070315 1233987197 -1236987458 1460042961 

1912821504 675698638 1366796055 -1287283288 953002743 -261206122 560416730 -1042732920 -1451541395 -343913024 1221829627 1218529240 -558681605 -171996286 1127334214 -2046754324 909778588 1403753493 1133502382 1388071203 155428232 -185175855 
579782861 2100732110 -1006585373 101658453 1310169751 -591132081 1653668467 745816868 1190486616 2108791563 -429237597 203090127 1071823676 1253386183 1589314874 -1199472836 -517747536 1271898039 1149030230 -373003058 -374060073 379632162 -668287497 
1484694811 -442284846 1441659278 -813408503 -1717124326 -559147635 1727600293 1707840105 -2127212000 1387758176 1349505007 -55695113 913255684 -907244525 -1182852886 668149254 846396459 -1382292016 -852895047 -1257097061 -1067442292 -120104989 -139735530 
132787669 -514379870 -1657825225 1454338105 -1272982689 -1124747775 2254468 1252945928 1908974325 -872409227 1785998524 1832451913 1486732994 1710531811 675783653 -296058726 1503066196 914267341 427752626 2044156 -2135909836 -1133652973 -1676594863 329156294 -39449176 

1681674156 -1077904383 -1541095952 -442918464 461454814 709104710 -1671516344 827357657 -1673717515 -1228727172 -737688476 -1877038915 -706148303 -911498054 466371395 655816967 703005043 1287885104 -32103463 1791970592 9973361 -184059991 261417321 -1605785021 389632784 -1631261498 -21114621 -1416161689 -873135873 1654506436 -1216171588 550538847 1352527129 1510068465 -313292701 -900699269 -1266974124 -1854631759 1248319751 
1172625730 -37859643 1021176343 -846604250 -28744123 1657784015 611527773 -2005947145 -1496462840 503729714 1371024387 -850231751 -924032979 1250648994 166609208 -735132820 -1225651595 -490807842 138495033 874770043 -402702426 -162525821 -60761245 
218932038 -120556185 -739617105 -2076758008 232617437 640281019 1994934129 -11313155 1591773723 1907468365 -2008227774 -1297561919 -389846389 -457714561 -1702782560 431195288 467380244 -1239076504 -1672842184 -115192389 -1286748139 -440098957 
1749631204 -1256273418 2132443568 396035751 -1635471931 -1671030925 -473757148 -767063217 -604660845 -1209963081 -411568242 1940689755 -597516162 1318224351 -1730578567 867079494 67539723 -1515470783 -1283777145 -437856609 1407989901 -1361603250 1339587888 486250175 1959187624 
-784296075 1752884993 623329669 -1817987496 -417471584 569689386 -1953115218 2035788449 -274882701 944817720 -1512180542 -62485697 -29258892 937438828 -1673442347 -1957561342 727764203 1244972371 -1295594788 -1415532860 -406696338 1204311917 216932212 1623565858 
762055022 1687999762 -1913928187 1390080025 -737457839 2134723389 676464984 1336024106 1846128511 -1220965889 1409425059 1576011749 -961241498 800770817 612248063 -590248698 -2012011766 -1922422295 -864759421 489712886 39848302 -238192587 836927018 210816994 903657771 -1564357027 -2001861608 352385872 1813231932 -1206993881 -193886093 1892581499 367486897 
-1401409819 -1250860733 859625355 -1573640586 2020645924 -455714781 26905233 1402699562 1809803911 -916857061 1826948932 629126947 -1483456224 602801688 -2098165499 -695349600 1194947593 -875820123 839408390 -1666314787 -1088119463 -1627924302 -1704516375 -1458478352 -142186124 1206913784 957144929 -309023126 1835997929 -13815509 
-1097975146 -585639856 1395043530 528754909 1573178138 -1594661118 -642427935 -1011652748 -653930881 1419910397 -1637229479 1503307680 -1275458634 -934671719 -1645199040 286918757 -879260100 2034484952 342190585 -1181442676 2019083804 1733958252 -1275041968 903280814 131963125 477842010 -1951630795 1659624806 1038365781 892704243 -1719415887 -1619880492 272618700 1893751537 868413514 
245240168 -1856037254 1660779343 1523372504 5629549 139582699 1248525139 1768276571 1598729268 1330788190 -122537315 179488505 -1301468625 1910261005 -1705689585 -1996293005 
-1319767016 345648265 1119294393 1781993496 -149934098 -753257907 1767466052 2012906687 1554208525 -2069385507 -1125415987 674816865 -1864205251 1240869917 1766768853 1451402941 -1111977328 -1680139929 -495188015 783334872 1486764209 -11586804 -1788409573 1833546362 -2074342703 -408537601 1271686786 -399603197 
-637887587 76633696 1049505932 -215015591 -1241509849 1230848911 -1910647105 1167344956 -1172279272 1697278256 1336862983 -1196591041 -1970443378 -605904329 1657949669 -1857659276 -1520499692 480654245 -1948402003 533758478 -899763985 -1349160982 -1234194330 -900924721 -971855726 830134066 

111968219 147834164 -1669397935 1395554698 1640259319 1461663487 1391446079 1808819815 489196062 -2069309632 -998408163 -1955262635 2043634072 1561510821 -1759268042 -20108270 -1002069707 810751558 661129393 787816502 1431195332 -290852538 -218269013 36751706 
397864691 342259280 264172677 -702427054 -1592629382 -1875251858 -1206839260 -918018704 -1300696383 -967866312 276024788 -208846678 511679984 1201880866 1879473649 -75235117 -2138167269 1365983676 -1757065770 -215961847 -237570629 -1994991215 294029142 
-767767792 1739564282 530807318 923416223 847117390 -1204911194 -668907252 -487028642 107786966 1525994876 -1301850710 1925010979 -701790 -147252656 -512351144 1325489290 -932516323 733187147 2115524625 1516014630 1354259580 -616614797 
657841823 -1158242329 -1829651775 -1340429272 -1555585479 -1695751278 -1976208726 -1578379364 380111039 -2085076935 -906414773 -1505142548 -1839496449 -1154097696 -1916497528 -2100384013 -2086415412 -1583215061 -584011420 283432369 -545711780 520449329 823140013 1622539451 320903776 411491092 354520650 -1469145283 

-1379203445 319786146 1893948735 289531954 329856032 1156085081 1229196672 1658696752 578763990 -1816500217 -146214608 -1840022766 -1616168993 1272779875 2089914895 20692291 1091991875 -1184235623 19080382 389614059 -1428370159 1867847766 -983726531 155793194 1809771635 -1256441298 1252498593 1908036102 
-919429483 -860691957 -193018349 -1888875296 -2068586426 275317345 1835632307 -43637120 320876159 400984777 655646746 -1151553152 1398626885 1949724889 98235920 -574384842 -2011395145 964680956 -848378705 8255211 1747475422 -1850435453 158366331 306746347 -1247455751 1382558083 
-1192767629 -1734663873 714266737 -378377841 -237999334 -1657239542 909755666 -1942584657 1907605665 -292226943 623180465 345853190 -994586016 -1127488286 -787968067 1229960547 1828003710 1280644152 -388922774 -457310009 -1954585215 4440727 -1605791028 -1136379059 -1164126063 1305983622 326610438 646235991 
-2140518553 -724898456 -1451343314 -1440818304 1776427864 1363981143 509622181 343278459 321414938 4598338 -1072562518 529826751 844774826 1519390868 -1697654192 -1903520857 -382273741 1651954274 1611982489 759751446 -419720819 -1501689649 1812541716 -65748551 705197147 
1058013380 1812670826 1402517226 -678062908 2028148738 1599569680 1434224254 -1172392741 1168259356 1577742823 580658967 -1937298179 -2046108454 1006449636 866430963 -2088732168 -2038564791 -1986031843 -1219267380 935218948 -1221637231 102739193 -351586041 -1925889039 -2047854347 -2127126538 724534863 -850780936 -280311464 -1190527215 -1460221456 1857059687 -1451600802 -1895860001 -1083676519 -183896838 
-468810710 778141974 1094901922 -1621703759 1290237707 1988651134 -1982580847 -297574936 352286154 1092964244 -610438354 1032254328 -413020447 1636372792 -1389387109 220759548 1761348130 
2090014520 -146306769 735110335 -890695021 -275251899 -1291117053 -1315312259 11295360 -800352415 1286257509 -834400196 852283990 -574353687 1909282255 1974244728 1520352107 -732956579 -329912032 1157641237 -2012476609 -1605595554 92177476 -641783587 -65852167 548595006 
-1691150963 -1133432386 -54749888 -1779335920 -968019955 -483925550 1874266156 504783371 -737682528 1323404683 -505679206 831916214 -738228013 -104516783 -1848401895 2102504101 110347488 -28572347 1697375795 -1808815815 -1044238069 -805603609 -810481209 903331405 -1529033211 -2137566312 -1224983291 -1774511022 705154586 1206456429 909095843 
-2084989517 1333631838 -207234478 -234587957 758251184 1986656520 400291064 -371555436 -547519681 -100236160 300076517 -2119232662 1857728748 -205591049 1733372504 -386693942 1380330785 818116660 725039368 762836370 814516464 1590986301 -1123416349 -969080752 -578669169 -1048998388 -107918532 
1648408867 1765942372 1921258885 1577022995 1635880291 -543167955 -387135278 1667681598 -860044711 60044593 -1542481494 -1405185084 -2128872091 -1992432946 -817766676 1641924599 -631875915 -893997465 654024488 737666509 -1778210984 2022892236 -1920194650 -1954223952 1076858168 
1943154687 -2049539922 -1807013825 -501829806 -2054729714 790317652 935714436 975245008 -1915518227 -1717529987 -1197827840 -1363537695 -1590057426 559532487 -897909389 -841492396 1309409773 1841659075 644755561 1072585598 1829275398 1296976909 2052285791 7678578 -983857697 -1428536375 187851472 -1233280763 -696523830 -1508743837 -806454657 -1756270013 115299849 
1989229228 1415268911 569400189 -1767396546 1339047823 786006939 -1362807028 777978963 1402330337 62316363 -1722703565 -320765499 -1558623526 -187127102 739854759 32616266 1883421501 1626842010 1342443313 1306788945 950548420 522598773 -771698242 529897488 -10234232 146982703 1109984172 163131411 -639669349 -258899952 -1992388868 
1152659997 -1435076129 -657834043 1113386172 470185114 -1432913995 -962101552 1096285326 1120672207 -384190994 1606315894 -389452507 1939039342 554534940 659507719 -1485324000 -1581531528 228608887 -954190118 567325499 -14251975 1761999214 327460425 -740162805 
-983159074 586639879 608038491 -523030576 -1223622703 -1619851974 -686174397 -124006395 -1448325996 1280494145 -1125829368 -909020249 -1409067592 -332193052 -525620910 237545499 -319540292 860955511 328432475 2062382468 
-586795169 -541572621 -1473147326 1971263971 -289859227 898295334 2117050355 2097907089 934276870 -1565912225 1305646721 -2003355763 1021129463 1857850580 
-1584019033 -921284570 -1359909004 1976919818 1709919158 489977418 1740135662 1895792151 1803610404 1034391858 -971728689 -1191542785 1517072364 265114006 -1709406644 2026016653 194656648 1461110361 1187378550 793555985 -453037127 112347958 
-3473881 779414204 -71693406 -97457961 440625804 -2135624237 1754517277 -1076464416 437493598 -1810572790 1587757214 672837929 1728763478 120147122 1548499726 1708898027 -1617392634 -1860918597 -607936828 2047345 631319018 -810832249 -1931099404 -1690005208 
1768951451 -1421375629 -1513965429 -1972557059 1481486678 1455528634 -1257285246 619539243 1025439183 -540496742 -1997917368 1694815698 -220068885 -260637885 -799691622 1596944391 -131788700 990798314 -1246745581 -1839705935 1223266581 -63046751 -1752237474 -212925506 
-1089055666 -1013243101 2062474793 1465956625 -1982170177 -46274333 -923728980 -1793610793 1467590912 -2030117067 1251150564 1294564589 1814146553 1877164979 960118199 -356004519 -1058483216 488246762 852174993 -2011917009 -1457246646 -1111310500 781798099 598581196 1999248211 -1042983480 1828799568 -44487678 1435509330 

18959879 826029917 739766847 -2076278997 968793506 -1020672978 494852079 1922473207 1639153549 1353783966 -545483543 -1365374470 306098806 1395734059 -254327402 1307118778 -1268415209 -662484065 334871918 -1659050081 1918425245 -1483569959 -516373849 1737751288 
-1338071708 -1849849809 -595994136 -1087237751 -1658443268 861947930 -1032123085 -1643051501 2058451590 -96688349 -378649916 630924399 2071943942 -11871747 -1720146053 1378490660 -2048158700 1308326199 -2122852997 1016443423 -24740835 
-1133697706 395778155 227028958 -1141532192 -641518733 648728578 -2044093106 -251487788 -2132135604 -1088976065 -133752906 -1179175893 -773263374 -1635984441 138225212 -641746129 698738784 716286248 287887522 1831825271 -754757036 -1122383386 527287786 -446390232 -1147001585 20687728 -1270731045 -1032555581 1170357182 117349295 -857274797 1785778175 650820324 -1268750234 1731884474 726425897 441571089 -168050827 1655826094 2119473054 2067446645 1202082945 1425584095 
-1250887991 -1292658517 1895884287 -1489613969 1054147537 -112996142 55095667 500712240 332424787 1622635166 -799767670 636031317 -416398412 1673724668 614848604 -641820108 2002611193 -2004994334 -1709648059 1751129883 -2069522430 -1551112031 1413709843 1085035998 1413496814 1638938382 -46117094 1078388002 
578668981 435489817 -408161378 -270293154 947546388 1129419060 -212608872 535654302 -1853923532 -137456043 -1146771644 -1426187837 -1454358066 -1621197192 -609444441 -1133822963 -2088303124 -1924242671 -1048085777 1233895708 -1794588320 530114732 1426255066 -644810453 -1882450528 
-826640086 816553775 -1156223727 1188491395 -768434389 343240043 757212092 -657383518 953971071 -1421694444 748439868 -218223042 -134450088 2070501151 -1139729887 2033209232 -678970031 -1945511690 -470734551 -511480821 -788136575 -1209643966 -239624021 -1867105763 1874632893 10827303 -696479817 -167916166 -1210673005 1297089031 
-163219370 -948129827 -1238223172 -1969175126 1515343642 -749210641 -156596546 -39896528 1994358790 1626805459 173070312 -10868944 -1851087878 580175064 90015875 763133367 656992504 -2061259754 1692912715 626305840 1511679326 
-1813466260 1240320672 131989785 -1053747359 978468532 153586434 -1682299043 -1708887012 163236193 146812991 -670309273 771703777 -1506601157 229298064 -821426233 -1057049567 -44163068 -317678124 1261107846 -835249338 -1860170296 43543989 1547262674 765737214 
-1785281380 1966597795 -1934481904 -1886443882 -758016132 -785895787 1774535603 -74530734 389777963 -1716391268 2070568164 -1726768571 1139927248 1880382769 746175873 1689356830 1351034731 957177816 -2032342386 -579875084 205541075 801237683 66007316 
-2121309652 1609162426 774814844 525404400 -810055731 -1456071578 808056698 1493222532 -1316609577 -1083260755 2039627404 79350522 -865410543 -715102263 164450728 -1363364333 1588159790 -838474285 -1854625053 725481814 -2052152526 -1931536818 -767704262 
613537662 566659219 675623832 -1072798441 1579561496 -420321575 -943941648 1812284489 -21294455 -2073276552 41096074 1917451898 1148644308 1904181001 655304828 -2131322174 -1473504444 
-1072750907 1575710675 2090929715 -327903063 145372716 -1105806174 -1657760780 125825318 -492479892 1681002930 -1492623268 -1916158683 -2120289461 1422406973 -1604454543 -290671311 -1303075057 1782863182 1142312974 -1003918696 268839681 -42373434 570186547 -478324512 -2096477806 519780484 852271989 512839379 -705151485 
-1684085365 1957959015 2098502432 -233217638 798052347 1840281054 -2121448402 1929105545 97353259 -1408612766 419027307 624425056 1033707215 890878430 -2061591780 1795726884 -1049456978 1727563297 -1200425234 -1149916251 1511187781 -169545202 -1456940580 -1547164684 -218915421 
691195217 1831635772 403011440 1495219185 1223701374 -175771296 59719341 19437858 -1138336796 -630004521 267705073 988618266 -888258201 1562653780 1925802143 -1755194123 1744545061 -159568726 1294634767 -1784123201 408521826 97499246 500234424 627846455 
-735804917 1703783947 -364510666 1699761992 -384779775 1753842066 -630386191 -1186647711 104988458 2129139861 -465907105 -433480157 694640137 411948134 24134308 309430851 1164579911 1239473042 

-4134801 652571517 -386657466 -512985907 -500075315 455555067 -1625759545 -2021227679 -1443598613 -808708958 698798708 -690725667 853071104 -2017599112 1784055594 732446382 750692684 880736587 -378485246 -487261488 -2051301931 957840051 1826320860 2117754050 
1222815026 639911943 1023934349 1519846582 -650149054 586328237 893267842 2086398364 -389636237 604833991 -177134793 542026528 -855561657 -480686476 -730646030 -159484876 676664308 2032694479 356050111 -362158404 -466209752 -325238335 1613391924 1467117702 1603217764 
-1932108265 1300690425 1367050683 -2105139175 529862996 -1898805043 -161840146 917122391 770365003 -696963146 1738979679 -36474555 -133522955 1296965475 1405538708 198345416 -420180011 961834790 -1156892356 883864454 -108131300 1705164915 -1468311460 
468590023 2065207348 248062612 -805971482 -1771147158 -551640585 757969030 -1163753158 -252208332 -2095783501 1172950536 1370887580 1864696180 744211479 -1205426651 74364312 -1848792829 -1036241639 1154039259 1933267736 -1762733624 590340784 1065077060 -714360449 -795947014 

863810617 370576920 987501811 1498612604 -853037477 1028690109 1040419132 -572714783 -20707863 
-490914350 -1092095049 -2035264876 -1142482944 1135164475 1123490833 -123549769 2136084416 699310390 -1427630448 653281894 1617865189 -1207106678 214821340 -1422745836 1137502234 -2092980649 -1079092641 838519495 1562557851 1848217912 -2055331577 -2015543873 2032678901 1086579528 1654048167 128181637 46574539 -1832863954 483341285 -1068125777 -2119118933 -464453991 -1164181195 504227128 1021216027 2003523005 976818826 1149229399 -1848622592 1070817330 1277281552 -2101742771 -1909970267 -1761939432 960628812 1317109127 207164905 
98510122 2123787329 1472254756 1646206278 -1719384642 -1415773766 1664161407 7193316 -1176073046 -112288294 1810749669 -457452805 912006256 42628024 -683947422 -1688898528 952140065 1329330955 1773565222 -975073637 -1852718819 -1354899321 -627257484 -1731257867 -2052541522 56749302 -565724029 -903091491 430940716 1078585045 -448798728 -1128907489 589535411 -1977005877 -2027637243 -821111910 -103997475 5548472 552160607 688535206 40912657 -1913229586 -368152649 -193324319 -348472904 546783738 364718946 -206894956 -9303747 1738668740 942717395 -227306280 -1856779093 -2014756152 1879047447 -1218639420 
-230947069 1840776612 -489866089 1029232579 -1858190514 -178578135 787110582 -68849796 -1700256859 2006841287 350128036 2142989063 1185141069 1134611519 -307604436 961690728 228886433 -1274887828 2054016189 487120419 1303212951 1087340072 1089197122 -356567393 -685766296 -1137033004 1536477164 -462372758 432807143 -1137745425 1417837739 -1658219974 -1228842808 -1603921016 375771689 -675610113 2014833301 572799624 235846971 656754480 -1194255725 -2104596052 1882501924 
