-1398533714 1146165048 89745454 -809654324 -1358532508 -53748288 -1349140988 -1474343207 -327161078 1847161789 
49068111 217391990 1629504674 955004320 -1057616994 37686317 1941774887 1093177604 1237997510 -1381519865 909040191 
-179384131 864893999 -1028643571 1838214470 -831674798 -1358404618 887875330 -1190106955 -1433593938 296884011 1849507374 517790437 1194820684 905997027 -1783942363 -731845565 28426997 362054895 2070362184 87910748 768800237 198592809 
1093289895 1943539681 -1904238161 894282719 1752563461 451682484 2060685070 -426123473 1002475128 162297353 -331384146 -408701846 -1990358670 -538439855 1938920703 180695967 -262565828 -309468088 -130021923 -1906125279 -172912418 -1525279200 900105322 270104812 



882456673 -351771299 1618062375 1835948338 203496382 -1169444950 -361594570 -585356136 -1866636770 2103613511 1606959053 -1746209465 1983169675 -1938468127 754230086 917966520 1737950380 659111952 1296835697 1193579191 1950940605 1967863405 1803543647 -1346591494 
204754470 215571893 -1778010369 554830737 2130627986 -96087181 -166265647 -1168947506 739671458 1994121072 -718528425 244843117 -123935307 2093279731 -109501981 461935066 906799996 776219056 21128865 1676521937 -1105530345 -375770072 -567705074 126864223 -1894901451 
-1354513055 269203721 1204089672 -456047703 -899007959 1643873470 -1150521485 2007868398 193249698 109199080 2014848601 -687428057 932541949 1240319230 2131455860 2113981672 -211951892 624493568 -977315065 1322703389 -1919213718 -1185008390 
-1727187179 957596827 -971969703 -992716938 -500213228 1680542290 1965583012 316721129 -473827513 -733677650 -1184433307 -2122221602 1694759876 -4282055 -1052396999 -968699558 1629133086 -1574839036 557521272 -2020057326 1094197695 -1972709657 -481065569 -1769625699 1636855750 

-2019618665 -1614385186 785464069 1009608299 -1657688708 952758974 -1311140695 -1874523394 -1849303402 -1883302306 -1799889406 1524963076 -876329893 1122765108 1826871473 2094870480 1899021410 1234991493 -1840866849 -1542650582 1618785114 -320795735 -1848007798 165131085 -403593151 -40739939 
1003719759 130134488 101105081 1625683613 -80122245 2086908587 1874546997 -1139468618 364451108 -1205321813 -399490414 -1853290637 -1590850282 -923364420 2137512447 -285678464 1264883450 -1069445378 -895700158 -2011083081 1474385109 
505744951 -533279801 -176272259 -2118857340 815362969 -246135681 -1108061543 1012091028 -1652518375 1952220433 -841120339 1355937661 -877451869 2087293334 1102830022 879611664 -1468298230 -1447256666 -1222450359 216655311 -1235932926 87027176 796755282 -160376655 630561392 -1796596617 2121175142 1215936629 1377251097 -524593369 
216446396 -1024025276 -1470949384 1506178156 -1159136978 1712307387 315817262 1755676863 -258046804 1545367758 1958774288 408569399 -1812035516 -1565625051 -774149868 273712237 -146824630 -879008945 -310045110 230757690 -843812288 1027362157 -602234242 -635289705 1827437733 953730501 
432362881 -96297688 -1087868800 -1029156482 -1166413202 -177086039 1051656390 1731856867 -1772577883 653469220 -2020758359 296706216 2117422591 -350094906 -1156107881 1950701996 1947412442 -1770684785 1312329722 1550493220 754721227 -1004508675 1707672889 341367380 992370832 95940698 -1702110271 1225924504 -1023263198 38218890 -1511212648 
-603789102 -1982180327 1657201430 -656880412 1453129887 593598931 425128934 1672696579 457507593 -1960775851 1225680197 -243012325 -718670894 963658501 1392935476 1029758499 1867228915 -809075864 -475707960 1879147859 358138733 2146141496 -1369435425 -661728610 1986314958 -348096847 1333496187 393916430 -318743496 488282917 1474755596 -124201895 20934999 
-1822648016 948314114 -349315622 1391080770 -984915867 -851449026 1868886797 -1279404904 -397205485 -163461261 -1596203832 -1635922021 -1622541260 -1672127171 -1308969684 1189372966 -117633636 -584631675 735345199 -343549992 2025221128 -214823813 -694592522 -2068863243 -1926163525 -739558305 -1888216268 1031355125 -1302745861 -485735952 104927392 -1512382427 -1098280323 
2091059434 1881407921 1089596957 1859928880 1312495381 -136349118 -253644641 -300658103 1797845102 -365945303 -180652444 -1199532236 -166729057 -544037212 1489380769 867145496 -212222864 235118406 455312013 -2067634849 47101879 1488193901 1634068719 2048200484 319127297 27179345 24524393 
-1224843787 -1388449422 899520754 -1100458668 416675843 -592584160 794268832 718276014 -2055024479 1720284247 -866469143 -116467298 -473339122 -1855211018 439866129 1404026178 -290693156 -126802912 1270311460 -395121757 1437554192 1234534853 1753866838 -1829621214 1039108176 -1661051393 -530604436 -285599973 -1307970404 -1526606746 1969664661 -1440621930 -84751218 -96907663 -167755600 -1089787595 -1200622990 2097058229 1112989002 
507768630 -15118743 1134094859 -1399009147 -531729196 -908509717 -78125264 -229067239 1561170751 -668876575 -2144919773 -1366650425 1308767391 782756009 -888666187 266176472 95094071 280672698 429062808 -272361523 1311667145 -2106569844 1349181135 
-1081098261 1736575746 1915637300 1705762205 -2088326210 281111846 683744087 -133267428 -1443609166 1822087435 -729316616 -788643238 -1586745630 -1126266307 342785761 -1266984801 -700914319 1889023134 -1663865079 -1366467182 661804858 1374343918 421615713 
-1265810147 -389968491 -127293239 -1688250223 1977778912 1654828711 689924591 1965920134 892883338 944173231 -635319949 -1776861538 1710069396 -1404290688 -206740923 1072716760 315803326 -191352990 664387208 1835338356 

409927680 1979802628 -927186384 -281426744 1732122488 709954277 432861283 1949565917 -1897486018 -1295271998 902642752 880934908 327795937 -954722061 1310112203 1173980184 -1488936330 675804284 1263352558 149813239 -1930887737 -499835754 
-507817761 535115666 -1279611583 379327051 1314912907 -580645861 -1508515207 1972565232 1533483614 -2070216973 649824761 -763796908 271423744 -1976333504 1467755330 1669230793 -577931775 -1139248234 -526959889 1620867505 -365087654 -938434711 -1178292974 
498360933 -808360644 -1817711472 -1300696798 -562189807 111553541 -1301893076 2140972606 -2104466901 149036505 -1677536655 384675344 -2010961524 -366838057 289662970 1020404809 -1922104793 -2055908542 101066401 -171374062 2001166237 759923539 -279034413 
-1306540153 1200933350 -464945943 681163721 -2040623885 -867876870 -242483529 1324769469 641841167 -13854740 844726946 -1397887587 138988613 -847450036 -443522841 -1499993510 -1909571461 707696523 229424141 1450182271 406425013 -1373492422 -1673488018 754646445 -410307522 

-2092773433 -932420488 1696133458 -611606671 430358391 -1869875881 -511170451 -1313140917 -554674295 19464707 -1929968505 445733960 1429424920 1871861617 -1388254178 -484754915 -273953269 410630553 -1584036842 -1495705258 -991947810 703859242 -301036045 290314885 -1349067649 123672417 539208294 400779898 -425754101 -598570626 1018812936 -995593227 1862449664 1561587722 -327322936 -33551283 1628257540 -699678821 1141731423 
404903669 -1761096453 -1774827098 -1116237601 676583206 -1735214447 -428186091 233053825 -665054905 130302639 -1838064357 -414098303 -2143703550 1502915968 -1723513900 1093036990 1301971741 -1709962157 -1458295971 1835924946 1232926131 -1969652002 1200028659 
1777888076 -1110517901 -1261223155 -1069712968 -2034799961 1277561837 -2053321739 -1453805028 -1952835225 2097543640 368998059 -712529975 172809113 -1982632255 -1409259018 545901123 -373534237 333034822 -398377353 -1705087628 -1939950901 -1512530896 
80577083 361632018 759976070 -1665376222 -37330511 560483293 1297750822 345894617 959972671 -1863515050 -956828028 -96810932 -1856313035 497948601 2143690816 2079991863 261468716 -1300516626 -1209261866 -242452181 1060512225 -546719527 -747342202 1803610307 -1724124393 
-957632762 -1215279744 -2045896393 -17242428 229086634 -1494777149 -1191256962 -1544235479 -2089256086 54520856 729725680 -927615608 388161829 -1173320203 1520342577 -1543579254 1589520826 54861345 -2045087872 924063811 2013826258 -1077501109 -1922054198 935884598 
352478545 1452628492 2028754931 -387897878 1032409690 -1248194929 1951037147 -1697008884 628783137 -988603591 871494539 -1667335904 -1553577222 2078563467 541647371 -643962308 2102951345 240497079 -857090295 14893129 1122016994 -1036470178 558986890 1543474257 -1800897775 -1992689383 -1360569699 -56663860 230121647 -23754072 1382743522 1762120840 -129403194 
247300640 -704239920 -1030472120 991788254 -805731141 -1831503073 -1712007029 -1685438439 -1192863604 1574332464 1536446095 1607512422 -549558305 -2111758837 -814251283 1396042235 -1799807851 1650270417 1935405308 633161906 190541375 582836266 537614697 -1961331213 -2071984985 -1799297156 471155054 2060903683 1886461961 2075840900 
1654311470 -1639542112 904149870 771660283 -321337110 -1710140921 -1556033112 -273104788 1826706631 967997198 1033623682 457132157 1472040986 77831401 1290894545 70885922 -650281521 -673794212 548304056 1487476685 1414141586 1560153702 759456202 -1042834995 736448841 -1283264612 1368524964 1892008607 -2091368113 404680112 1805341160 -1424808417 2075048474 -2028839897 -308085538 
-2587351 -1044469733 623795829 158475000 -2068421289 1457374690 211283007 1438121379 -339944674 -1219452044 -24345648 992878475 -804880017 2024471250 2059971039 -1831539097 
-1171702341 1342669765 314252374 1717870264 -465723445 141838846 699353575 -700555638 275669650 895940566 382539968 -2030326441 168205780 -2016857425 561138214 1248802441 -250696571 1315847699 -1622790257 -960117515 -654979193 1220909263 -1799945392 -659333970 -1127868371 78170377 1335077423 628844035 
1547141635 1114410758 795578206 2104012129 1440624656 -1926256912 193590740 691285782 820985264 1559549485 -1308529341 1126730175 99006792 -1129456208 -644951016 -1312730855 -436163034 -600180601 -2006785388 56372525 -282196840 -38118128 -1889759648 864816432 1648214042 1656954320 

-349337183 -1728244195 -460160196 -652714256 -158987921 -791076743 -80585355 605148960 -1594155375 1216649423 2072495457 531714464 -785958091 43272909 872982158 1093353916 -1530690622 -1102338534 224941072 777624035 174789382 -1006294225 -784353878 -158516902 
-845045570 719128977 644844761 -206411090 1775343076 2131730399 187588003 922826944 327467244 -1292068190 -1846269031 1488627727 1398749532 1222751457 780957505 -1962944679 865664395 -1620791768 -859920392 1826684157 2048974677 1496411242 -411280560 
-1869235191 1181768323 1987843992 664031082 1051247441 -307451969 141276412 -925970795 1140671585 1362553294 1887889976 1297240528 -1707843780 -1769248233 192356030 1585117270 1297987828 -92575822 -2062298539 825342032 -12186832 145987474 
367796718 1065689308 -329069251 1381422998 -1498964934 -1559315120 9078161 -1904220343 -2048591174 550318311 -1096937042 217917221 -1612079601 -389197070 -432145269 1909187171 1053227389 -545262693 -1981498597 -1509944520 1808977814 -986345587 -562130362 -736064858 1655138272 -685478424 1746604886 -1580233520 

-794755508 1172337960 1037954044 -635818684 741223455 -1669360811 773863710 -1975502192 2073103034 -1961824176 1392730909 -1988977064 -988301029 1674074295 -1412694720 1378055757 -643727732 2106701828 410112109 2086210595 -1749497472 -303694874 1865452292 -2093387701 1876915181 267543047 -1614671294 2013369198 
1143308168 -709706125 160601801 -116857717 -2080331132 968760361 1776594309 127315606 333321105 2071769258 1892215505 -228280278 2085330137 1418026939 3970320 2012644374 -2128387692 -1707128943 -67712098 -223647786 2081438373 -472556498 178584087 -203035317 693404176 -951155570 
-1496196874 1124617745 1748218958 443955576 -827046719 195254928 1274574833 -1167112123 -1159313516 -482183747 -1383071805 -1601496777 2093851882 -1509712596 -900406023 1100304416 -1165300566 1625412697 -651517273 929895935 -271287609 880951594 1974793296 818005701 1836566400 1521848151 1350821383 -648308196 
-1936579321 116395872 1556167603 1941700415 993006236 1845810418 1048582778 -597923396 -1105127360 -962007235 -1299474486 -1533093851 -1816989900 -369837142 397296251 1894020804 619661365 1954290417 -600824966 796135835 52659882 -320016804 -286487700 -1910230810 -299294407 
-1078997902 741241831 408419118 -1319386762 2131025842 833472112 -15629200 -241180546 801814317 -723804463 -287329478 2056973194 -742117093 1231110985 -863474980 612180053 1712161793 -1517272748 1455127316 -2101203453 482328996 230646444 -1306678133 -1487595686 -1362753802 947136255 -758161134 550586633 1037923434 -369326090 -1535371855 912918208 904274558 1359556409 758935093 1150650804 
1128844351 354725363 -1318607144 187890492 1971901141 1305997297 -334246824 79450676 -1335718347 1143051474 -1430268560 1316444808 -531720233 -1176498487 -1079082376 -675525854 -1640698146 
-902985375 521856349 311517349 1555816619 1018021345 -1125938214 373692785 657898890 850701043 466943479 1839866173 -503075140 1647798502 -2104107659 -902854273 -848872891 -35214545 363607392 -1275059056 1776753212 -169593031 525675935 2030733577 1594684576 1333480787 
507786555 42682125 1989525836 -161571882 -1458914280 -1915062445 1570839421 225135293 1042992560 1116716462 -1632173665 2048167561 -34821242 1100549096 296884466 580911264 1681413075 -1896740847 -318253865 914798661 322005284 1719534976 1170641795 1473995892 -597365115 1818099811 1681256225 -1094059028 -1958896271 1178210066 428569387 
2069539767 -1452456437 -1785535995 -1562185755 -136591169 172367396 -677875416 2111219715 1576382225 1843444907 895914070 1996051117 -1280530846 -442455858 -331841305 -1320627130 -2101580983 -898454060 1213319793 717053356 -570309470 1463587980 -1689195747 -2070439579 1012248673 950606325 -2020120374 
2034453785 680561233 1409136171 447715086 1154156321 1503644224 1916982409 -1336356178 1664491352 -1376414222 -2131490445 1801911706 -386444849 1901461155 1726907687 824797637 -1877504916 -1788289342 -2002169774 -1143205256 -2009197312 1388099134 -1691515454 1223879801 -2090590718 
1532118050 1056904966 623254828 740266167 529921171 -1938052280 1782386253 -1337656639 85904513 -1755912290 1978806158 -899181031 434150945 1612099730 1177167520 1639551324 821690726 1845443527 291333819 -1858184499 1042549711 -1291939644 985317857 -2140995597 -1538477829 -1960953549 -2072592435 -1222049451 1498055853 -620133943 2783845 2052802514 -1239209040 
311757795 1499136753 -1342033189 1733022509 1243945031 1501017886 -188578059 -1260571567 -912953198 -618848421 -13235175 -1372912517 236902965 1013473720 2045496204 818502197 937670433 -236201447 -557154328 923272386 -1735524503 1570644314 173259891 -410110856 -1342256129 -81226061 -1711353965 -45587913 330852408 1300963722 1372263500 
-427652596 -1230440705 -2057371522 -913593967 1779986522 -1970438699 1532634843 1165953226 1549268954 394950595 609350943 -1764868546 2026290720 319770957 1125887610 449410979 2092436200 837342313 630020512 -899167101 784099115 -70889606 1154093618 -638413050 
-893904707 -1381216979 -902752499 -1306757610 -401351139 -1240003679 -1577650549 1263475900 423863873 -701659457 -823844591 -654666186 1477462918 -661233420 -1473040180 -1604094311 -1830757117 1300611738 1999272875 605353475 
49771092 498347626 1585748640 100096945 611358102 -1470416440 91852521 626647124 1695557277 -1269320667 -1535497003 1061355551 -1194600939 -949763992 
-2048856468 1565590395 -255381383 -1857602730 296848465 -2053108543 -849298889 1897391366 353779043 -1278605908 -1942142168 -1317729527 752855102 728255377 171007445 -1018154245 1512758662 -1496973886 1019133231 1720423775 -1582408942 -336812900 
-1311401172 -1849230109 -1118378072 -1910121531 1021874258 -665652068 -184487056 1705849515 -261924434 -1413997022 42733725 -639141547 -797199345 -557189038 -680389811 -146945432 1247634456 1343843214 1388502067 1610317211 -954163957 973883593 -1642306561 444589949 
-1358134301 -853196690 1798528482 -1510084425 -979503717 -161496142 -1711240516 1696370245 -68944856 1697733344 -1645438572 -1839453099 457405576 2080594886 -23458198 -2006447465 282285052 403445616 -1954820342 397461240 529233108 1670992926 -931842613 102337917 
-274190433 -581309844 26567044 1012987570 -768279378 -1454997625 -1663552654 -763348089 -1025434510 833446072 921869978 1472499795 -1101499054 1105272173 -338601166 -937391881 311729391 -1789716306 -1328238007 2103626186 -281488887 1724441960 -1237581000 -1545395787 -531820473 -1056160698 2061536875 -703743499 466843702 

641883316 965675986 1010799508 -587408480 -500073101 -29099843 367455315 208697276 -412119942 1803942376 -921896574 1852538050 620220053 -1319663778 1435923611 -1548388915 -1707085161 -1611175354 1558337357 -1010921053 819078735 221115342 1413424808 -486721620 
1022489488 -345341153 607175736 -889156123 2685789 -1295770831 -1896269579 -1208636693 973030279 -717399986 -1719568548 1942382433 -1444775959 1841463042 -1445056096 1606841606 -493943712 -1267822016 -1585345728 1297587105 1215595774 
-821873142 1575954376 -1304294293 -221848590 -1571030176 1824901493 955852339 662427414 1833819133 2120224524 -1243381546 -1634358684 1191717649 275768062 -1690418170 -971995891 1996195236 -1357772257 1939531606 517036979 -491171376 35642248 830526509 156473472 594843276 356919427 531224417 398587980 -519903124 115019344 1927493561 804156254 -1078259149 -1563220840 1393770143 2071220262 -242435184 -1345125586 779987015 -1266759261 -2056077313 -1687692755 1063191044 
-1150438397 455647440 859195182 -359039156 1378411771 672727872 -1700465563 2092222182 916127352 2114561735 1249168412 1662733015 -875955811 140488273 -1323918603 1351538587 -778753555 -2110920967 -1029552731 1736407854 -343586487 1239079320 626651048 294119383 -1869280130 -11670050 -1763688092 1124707826 
1839533820 -1686790781 100031044 -1694146625 -609210243 -2082303677 -1074115312 -871756883 789181535 1600011625 -4812424 -1715478445 -818311634 1091864838 1604148427 827995172 77792339 56424837 -611727283 -663943560 -1688283726 1235645842 -1865045018 -1619822620 380082602 
-960071693 -1640501986 -1710566456 2136845087 -1037288428 -222556258 -524236789 2005784775 -545501473 -2089635093 2106628238 1575617071 1495378430 -176356849 789477467 -201887811 -340920439 -183657557 1560659930 1100977408 -575549664 220455333 -2043085813 -972135162 -498371446 778460102 406939861 1771619568 339836754 819169759 
-360866876 -334712298 1079773957 1934130215 1104459257 -1618668375 -133238560 2018972547 1057937551 1592254728 95120790 -1596611808 853621601 -1445426136 1903730356 1026840264 2077093482 1264244574 796805397 1715252727 551466351 
-1511086808 683452563 -542510543 1263286442 -1127734405 -1002322452 -1572239906 1854961213 -147165995 -2059141349 860076200 1551251593 -558965436 795225727 974647861 -1750204080 1105072435 432661977 -1578222762 -41305976 380312920 -1596436690 1014184874 -989850278 
-1740396031 -1242355855 1203021922 -398842645 -1103265707 1607112877 1286355501 1291057667 -1668194166 371583651 -1533913518 -2128363568 819115736 -2067763198 519096855 585622550 -669857917 -1296765765 84009245 787553832 935658610 1527611415 1198367800 
2108769210 -202266667 2142191975 1832167125 -674002118 -1689074924 -1103424214 -1127932945 -870295461 -807926131 -2031619362 -1508160706 103910462 -993872118 604339268 899999557 1686225917 -1403676351 637920384 111864794 -1347656826 -349126967 -1478245930 
-125543374 979427818 -1071485077 1655654061 -1224255605 467649482 968690127 1498095291 -875185682 1275907757 -1734816732 924969516 1987941529 -226720704 -1156085941 1109432820 1949584095 
1738650472 -1761565404 -238367924 1618485662 178335803 -1683924931 386586209 -1789324804 1570313499 -1249501820 -1028761827 -942216963 798112845 -2137046196 1200991139 -639589001 -1256059747 2146796234 1504971924 55904934 -1322033943 1211474038 811220617 -47486452 2093271904 -711546078 153563537 -253325798 1088747748 
-2094445415 -2053335390 -1310505845 -535682612 -1698612859 939425271 154648750 1302781160 1587437090 -1458452315 1726949989 -1050555923 -100352336 264016512 397976414 -861773042 -2125482052 -2118121779 -1679779078 -1260301047 905825343 972834268 249414473 494837609 -1795666076 
-1725276021 -853350594 1618307960 1446144817 838394594 -75413365 -2078314756 -773235760 -1254398715 -8914985 1915751801 714086274 648459145 -846362390 -2085433794 -402236603 -492906708 -1718904896 358403271 979668221 -1439989003 -2024034060 1093483262 228699734 
-411154069 -1985497359 208015353 887915328 1942679633 1752167949 -174591824 -772580530 1657891311 -1395447431 1544857678 1657888348 1234659196 -746735652 1657961380 -1910218981 1890858785 199606662 

-1024705560 1764754944 -1082502707 48072137 799673374 -181936369 -2005559442 -900031596 228965902 1745059897 -647661504 434034942 174602100 1339898526 1833950892 -1846817304 -1207241778 520921191 -960552299 -996165990 1933275953 1748236515 1996316620 -582985423 
800356253 1301335353 -581205603 1666442176 437976072 55324173 731578036 -1019769597 2087445948 -225804656 -1298848257 -1322885977 -838323382 265107154 545981773 -879063744 137705717 1814352653 -1319740686 -232911849 365948286 1525463063 1548338779 -448845466 -1086310890 
-1231255438 -735711002 -156180493 -1397959507 -1277155230 -10056010 -857382288 -968588607 870328113 982034445 -1360120107 1198377074 -491643046 -820874031 324637078 -1811246523 1988721021 692709523 -1704227353 956402106 -1128889230 1475827315 2024116301 
1361235086 -2079673330 -1518501249 492597702 -947254746 -300493323 -1001858917 -2124766565 -15903287 -483894151 1112305429 -1501498251 1163485051 -986663713 742494930 37637130 240426767 -1793397630 -371277693 -1663881471 1266285825 1774237307 478023133 -572283774 -1185133599 

-923692231 1643419539 1059007048 -979043987 1863566215 1239941845 1459348318 -1343831756 -1307549463 
218094030 -85033520 -641234015 -1648850984 -282869465 694646602 1569925351 1810081452 -254693943 1131492118 393873628 644560962 464609164 324135923 1540767645 1042462092 1546400146 -1672512523 -972375200 758509105 1362366544 -1763513531 1848596609 -432278384 -1664357326 1603020535 -1711401601 -1057041038 663871356 -2075285875 -1113821893 -1010547633 398054376 -1058821004 -1792643893 -520148864 1423761203 1263089853 -426893616 -419194744 -1107767803 -1269784822 1454736301 651969406 1647899482 708586633 -757142443 167321518 
1205857653 -1465901577 -1427540596 157088157 -1959821549 279191319 1200523728 1836078341 -642526516 2051013862 -1137246768 1895121914 -1054681818 1904533533 -2075924218 1828832218 -1269736212 -1649355535 -502018810 -2069731879 -1865137389 1374171072 1356320417 1578699545 1559950682 1145423675 -1413347128 718347276 -1272064708 -1766340432 1533673051 -145099051 932926520 689710131 1874824368 -1219987472 1858213524 -193116694 -675086693 251594547 -418433539 -948641642 1522172627 -1538092415 1874080137 -355487350 -419148977 -133467794 -414718475 -153489573 -1288832266 43921099 -671489103 -461714849 1827230642 661279401 
-1118224510 1287196126 -922255447 -2137924234 808032027 -324495354 -1642419365 324337482 -909874782 777972459 -755454645 -2029241465 -1924767245 1754793403 -1051314329 1889201155 1100082609 830200576 -849989568 -288746641 -532905434 -324399972 1399688316 178578362 319579570 1151083452 1218868695 1055709664 1879012707 -1831846477 -61003571 1951224494 -2094083086 473854478 -129933112 979074446 -897831808 799364986 -1979835599 -1192747120 555199400 -1938683278 -1146842844 
