794065663 -1019436257 -1568825366 -6223817 451832747 -1028564150 1714378077 -2080325956 -684142109 -834885143 
891194131 962348749 1315847607 1573032428 43174366 2033781517 -30903912 -974253952 -2030982632 -2132356074 -181649708 
-709197856 288516133 -2073297041 1040652232 2040708408 169770913 -2050687402 -702363017 -656391673 88867978 1334580160 491046971 1168657527 1073337858 -515467706 -1062993177 -118545805 297142754 233816860 -786624652 170380524 171671433 
-2111240692 -1547219673 351627565 997933852 301566393 -1584192936 253442522 -1164711665 897590013 2078100700 -1990236458 1992757329 1537465287 -1286712457 -472667560 -1500244463 15726160 -1171479010 1648828407 -1053486255 -895802081 -1648926838 -573991897 303638068 



-1182732073 1366885330 1969462352 -1126844171 -1982905128 -570838869 -676244645 -1766951968 -1583768269 -1609112644 -634287472 -1485177382 1571227538 -372615274 923691934 -896042163 -538558418 109956291 -1339090615 -1441265414 -1187020463 1595277400 197036281 -831268410 
1345997908 403384758 -2075851826 1683696810 -496957154 -1879491629 1379353815 -1800445994 -2035052358 -131608659 -273206846 1219525836 -149675924 1956872510 -26223108 707799300 -592758972 -1480475154 1010204765 -714935372 1526733233 -553088800 2058457693 66393587 104647661 
-1192435779 -236072763 -141006357 -302138566 -1501515742 -1295498152 1502974772 -26300978 540805047 899981188 -314473876 1887927696 1673204542 -1723012736 -522815261 256163199 -1612409935 -967806932 -884023304 -1510896708 1067675497 1376069719 
-758904436 1514696805 -1753298493 984636734 1706901249 395579070 1243420173 -779062552 -16476869 -1924182096 -647731589 -657794125 -1219835042 -682584673 -944369885 -807530121 -699082662 1586113518 -2064636297 40501236 250047441 1126025332 -407684754 1613036907 -1050615701 

36160227 -887122538 -1158810895 959576104 -1769805420 1578659009 1582854156 -848674051 185826010 -245788966 1007796298 -1802182714 170712089 1871561607 659727632 -1267781152 261833397 -597997216 -394616863 2127778266 1560753207 390393693 -1104178882 -1966930902 -100243444 -343019084 
741136836 -753256278 -444393598 289378519 -1768771304 -397730609 610723948 -213465453 71329428 1072005161 -1258961807 -1114001643 -1194309872 936498829 1043320539 -1296839950 -127008154 340583221 -365352654 62467379 -634029220 
-215911159 -2124793461 947337852 1246788456 -997612100 200805028 -1769644217 1357428890 -153544375 -333222951 1194538094 -9269550 -842578621 642783921 1023919517 -2145641396 -986839774 195912836 -242739060 881098663 -778986075 1924391350 219707989 1988911207 -2096469179 1661761464 1397213289 -648874409 -1183744572 -2076808440 
-671586628 -24754425 -1220737167 -1584687304 -2082541609 -1906765703 1938480804 1303038090 1660577947 1273739458 1470762107 -1439585261 -1674115004 -569907586 1632492374 -633247374 1755246884 -906748412 2091954553 -439266381 -258771739 1964840305 -510862552 1015890427 -926786434 1201670282 
657885271 2016271413 1831479178 1319302989 2005511600 186297950 -1061075908 -417594449 -502601501 -1208042301 1518061881 24377611 -255085276 -1123929496 2125752654 -1047841967 -1416336242 -1193538937 -1398008054 2119918929 -1814993515 1545678470 -450489128 636777619 -2131062762 -849488913 1734111373 -1758656401 -772898117 1306661988 -555560882 
-1219776607 406683166 -1493701695 -1916024498 -1737554876 787059569 1723775462 885535166 1926343921 -756194371 542965217 -1925425920 409854877 287987060 400970159 1907540413 -716961603 -1217092147 -831388538 232929059 -539556502 -175423899 1236353196 49124061 -359161208 1260735560 723319283 -1663254095 2033281255 304105091 1624025844 1841666876 288824661 
2071804150 -1938289033 -1342427196 -2049919858 -880517046 -12054130 623004379 -1627397385 1632765707 573806614 441829205 1880792547 -2139066801 1307471641 1145437314 1668774848 -1932078095 -500083853 652789389 1949983040 404537492 -40550233 907520436 938678865 -1246839703 -1532901062 886430073 1100692048 1852853516 -1152665811 446210555 1806402073 511482680 
-1355872611 -555018745 -1463540964 884882988 -2053969100 -1905833581 -554222847 -1214018422 -1778520631 1854298075 -496047667 431309847 738911200 1383186715 237312222 287896097 -1466934256 -1743751059 -34294774 383872732 1178371857 876224163 565250811 2011895670 399651156 1167271174 -295065474 
-1868344145 426500928 -2125601054 1456300426 782050414 -1579475856 -2111134207 2130845383 -1908522640 949761514 1121157286 -1199957585 -1891889994 -684783555 1867977072 815450661 -1345355068 623865814 2018442518 782550872 99398923 -58209101 -1955759460 -1551978198 -1337942124 -640941266 -1962913226 1577744971 1115079572 594620224 1990971981 -1178346937 830905140 -193835713 1031636758 -1328118534 -1311953117 1396835050 -760123503 
265936701 1237363590 669742671 1835660887 624339650 1297536548 -2093210084 -832698391 -1037875824 -939034498 -1208169735 393055020 744535750 300517226 -1243817888 1851346936 -1212889987 1879033486 117996030 801990586 -104772703 -56062871 -1129805217 
-1463472406 -745327428 2072109755 -1492775962 206031762 525337955 1077526688 184220943 -119772528 2131444431 -1981239752 -218296947 1310081907 960560002 -2130541712 -2052696856 629142095 -117676374 -992416605 -244636543 1966515745 -1198558491 1264490625 
1818962182 -1812674931 -1221540032 1788108482 591415611 -2007103569 -1860556495 -1560063019 1368597017 -1504432197 -266536807 506035315 -296054648 -2026426000 -1387504501 2130757639 -1825010961 1399908761 346083681 1444049968 

-2052328262 -1362180145 -1903370064 1108538246 -251352939 1546825970 -1700571304 34935861 -1938578161 -229737059 1861087039 -1019939094 -1469126699 1084895573 -89902313 158718580 892703750 1818921451 -1915312761 1185443068 -121188584 1566558125 
731689600 -1831852460 1213823490 -131969730 245452917 -605887845 261282567 1738454419 969509213 522536057 1369170884 -1850322529 -177727956 -250396395 621683944 -708912557 -835169972 1643431668 783991857 -1695123501 1534675613 -1859037428 -3242379 
-1632678234 -1640876952 1752152076 1560813775 -1605830612 -366017960 -1379318167 769534886 574807212 -1025646000 303640380 -1362323136 -972175376 136451598 167076855 13727147 -100542861 -357364135 358962844 -2069670784 -1740734361 -369882872 -667429692 
-1046236718 -394134810 798536185 -886421194 1111108023 -1871767129 -450288134 -517587339 -1603987019 461839605 499734882 -1007451260 2032111005 1217330368 -120814145 354003808 -1694300390 2070814719 550906979 -1165336110 797434304 -82937081 2094597697 -1084981696 -172670832 

-794500003 493062004 -817501229 -1137354933 -1555459029 1319117358 760237001 -421900445 506496286 2004409448 401834712 -336938747 -883286489 -1649853455 -2128220126 -951312618 -1367075214 645786919 2020261125 -2011892671 -692862588 -1312612749 -1841189593 1870130842 -165009245 -1052825495 1746805054 -510422042 1663792869 -1606289871 869601338 1757595113 -1643988552 -1651264751 -1053075521 -1244940032 743197518 -341600947 -189162612 
1107609308 -1122520725 947798728 -164906812 -1620146484 -1222881406 1981013085 1890880509 -1524274873 -2008411659 484683660 310958135 1201492800 -290304895 76262466 -1756394985 -1021150610 -2074508603 1748021884 -1126874429 -1219093484 -1002452840 -846989759 
-524886248 1259066945 -1794592827 -578222750 109891866 2085687966 -680512901 863454173 1162864954 1740499796 442486718 827947899 945672995 -809843077 641702925 -659852482 -252062602 795178449 -1420796529 -664267301 -258111609 -1871491105 
-978644066 -1359096256 388621804 -2028646813 -482698118 783981254 -632738484 -1380054835 -1361259074 -2085914273 22428290 -1141255269 639132255 1005537366 -81350016 -1836410658 -1095407341 -867165180 1835053271 -84765994 894299142 -1277157090 399914339 1019343848 534061938 
664071072 -1779214073 1587343922 -312245186 330039643 -186240213 -280940481 2038847717 424284891 -889092711 -2095460650 -1960200435 -461449816 1279110902 -663992380 1747707743 115625302 1423867877 1847036120 1695151025 1051925462 644633204 -1702741848 -166415629 
1587067928 2023534217 552299573 461768143 -1591283647 -407590756 1579009904 97986098 546400541 -660175414 1505971978 -500722691 299764664 -924805780 -91548516 -510266910 -1225539566 415466389 -533037780 -1469907755 1179340607 -1540148820 -891438419 1825612891 649295020 -1594129190 953894365 -1741825886 1121682160 -150336213 -101671169 -928942854 678140586 
-1760964918 -1034476305 -1773340905 2057024149 -1191268239 1790514899 -1802831516 -1514637325 -1437443462 243279508 781843306 -116109273 832315959 -442982586 1480021241 1825243518 445334037 -1068712568 -1664842648 -1984682197 1173924798 -560612437 214610488 -1456380598 1972116376 1467000796 1884223318 560215057 -809033647 -72937993 
783005214 -703789052 -453684251 424959953 -1597340882 136266281 1873883465 2105145710 987969416 1798428411 -2002661788 -1233801044 -980185856 1638305599 -183722988 -799058771 -42624922 2078723357 1192519761 1652222383 -1970257161 -1112701564 -448953509 -699946018 -1604851077 -616312678 -1319908084 -729621721 1773433839 1226268476 -447215252 -302406238 -52285822 526725831 333826120 
209432412 659251698 320837928 -925720667 1458287446 1273064321 166703639 -1830978225 -913665680 -1924504655 -1702366103 -799308999 1416382802 -223636156 1906239786 992795388 
1422810305 1747849893 -2145019153 874752821 1577134631 -707374960 -975706969 1202507665 -1559853111 -702280033 -848832787 1831871684 -1104603241 1282681703 -1434841707 1955394954 -689333807 -1887235483 -1229867752 -779821267 1005113106 -1996982183 -144138992 538823825 -583801942 -304862914 581003556 -12938223 
-825332715 254121598 -1668938387 606518696 851002064 485341228 -2002859218 1121032434 -397140098 -1733949472 -2011435487 -952489756 -469517955 266582444 -364183602 -1655452500 -1865624660 -1674334720 -1293330225 -507915473 2101913939 -1982983167 -995382877 1326935371 1900340755 -2056367923 

-497985804 1451027485 -255904388 -928526248 -685021662 -734696844 -419417162 -1916553872 -2040295815 1263171080 1889594260 650696906 -2016840771 268717819 1753248308 285949104 1455008683 563724264 -648022469 1438378419 2098388032 -47549114 -683862502 716654880 
-161300146 206229182 -1881454472 -1418483965 -1078020786 -1743172622 -730404647 1656617026 -195626029 1128845020 -1499696074 1495252643 1460133459 -503073802 -757991856 865833017 -215103209 1112062948 -1268285580 1227156324 -602013519 -895405224 1771996690 
1024484356 -1609548329 873861516 94909882 -805734745 -230168419 -2024767251 1643946046 159138549 1713484393 -1474337582 -1182408427 1374164465 -359593937 1584068989 289600132 1710865587 2027492097 -197843585 -358082198 2113645923 454847373 
903556483 -682388584 1872400516 -452732031 816613693 989204213 -996840917 -1686694430 1145595115 46707298 -1570241713 -714215655 -1856470771 -119873872 1047496686 679696790 476674580 -266133889 1762162865 493320219 -99980546 -1680290205 1326345405 -338164227 -363823925 -194752147 -433263904 1755539779 

294479596 -2055925211 -337462241 -1012122776 583102509 -2034317362 -215505700 623358441 -1035133726 -892946906 -1751278407 1907046025 350638281 675656192 -1722887301 1498052756 203105634 1244778646 -814107218 -934749501 -957233558 -1144603257 -1643346610 485832595 1187255570 2014991846 -562384052 -2022566930 
1183011676 1530363611 331222126 1520964486 2036779822 479640518 -924484002 447877910 501109478 996204700 1137008380 -772268609 918545847 -1284604832 1215474416 -735631706 -280622402 -642624004 -1334992703 310442469 -2099587734 1055684284 -1610744633 -1864321143 1343283628 -2090437838 
1602583875 1267056980 -1562664918 626046567 1672730435 -327110711 -582709066 1080307046 416331847 1505335278 1540514249 535484434 822074193 1262107837 734891186 1334117829 -978058005 1911202888 298493521 1512531400 -1212300755 176664007 -1499254948 -1389651384 -1447334688 613006116 1820930537 -1642496531 
1684978139 439466641 -1519691980 -1873545432 -1109446476 994570782 -1549150920 -749982114 1903528476 411199971 107924698 1703364417 312987689 524591409 1477370619 602128334 597372721 -843275899 1592838374 -1839343411 -1080858451 193313016 -321557079 -749057293 2086522021 
-1942775608 1698410978 930670389 -1872807794 1286896509 -1505841010 828454079 -1160988447 -1952745734 -1879797544 975021710 1393962735 878208034 1900182606 447801227 -1712155927 -814945285 109577721 433906841 1678190609 856321666 448456183 684854506 1511004812 -1988708118 -423499922 2045767756 -687525913 -1034245801 -379815976 153692428 1210689787 854980474 -1813887895 -785018939 1737646398 
1684159010 32273616 1926184583 -1515641261 -942680189 1002516851 1727565546 735671455 71004659 -1184444701 -637472523 -2011792971 -1463355943 -19667166 -1645585762 -527045237 1876579820 
-49897843 1328476210 -2027366486 -1429890095 807706793 -1845791882 -2041682761 2030011651 1147296424 -285682408 -709745729 -1030248017 -225449820 955994413 -226347195 -2009114302 370042527 -409154999 -1339588856 -1918013391 282638144 -1993707410 -374554366 307718048 58143953 
1604743260 -507007347 -1312669811 1315273120 -1540869209 1363161498 1833708916 619064530 2028347085 2141372831 -1367350709 -1766277000 -1478082219 184149298 -133614152 -1964902960 1106969288 -553395409 1165615705 1643532663 -1836318316 355615466 1685947984 -832751123 -1476761448 989837148 236556079 1560781354 -1720460340 -1643478841 963531257 
-446337087 1627221122 1932099793 609598249 -466520073 1856776066 -778473627 1316617315 -1505535962 1470075673 -877606123 575657427 657203876 866512630 1299847879 436563520 -281003413 1454934744 -1654038329 -1104165565 -569271133 1123794436 1314799172 638432039 1031827209 -1814415815 1920998934 
1993987086 1320265378 -1904609626 -561663082 -434626631 -1717149236 1046335440 584992487 -1286117886 35644030 164825854 -2042753759 1975138497 623890930 1745478041 561855261 -1710414054 -225666330 2108274965 1103831176 2088029591 1069458275 1939544474 1378688661 -1374124400 
700081276 702199817 -899946914 -1864742766 801124542 -1262904564 1838116994 -227629612 -1063044784 -785344301 -1846803030 -96700051 1982091882 338001954 793314208 -342475287 -249658140 602609892 741714620 -1655067027 2031543541 1512309801 1219214884 1511471884 1922693230 29668904 1091878807 902082066 -34814254 947344220 1482384809 -252080796 -1422403870 
-1218477756 -1896007740 -1157565150 -21525350 1282123552 -173091257 -1662198172 1457784849 776232988 -160978320 -175308188 -1003434229 415397989 886035217 703880207 640839866 31301636 22357574 -715826719 -789599756 1720146766 -421833066 917444226 2132285705 -1894284148 -598986129 273238614 387608674 -1827218352 1065640716 1838689972 
-103701740 1603320776 1081228173 -317938296 637940326 283290897 2012985409 -304608114 1820897284 -997941035 1621210628 -486597961 2037808731 -943947190 2099091413 -1501495544 1485466786 282666353 -2053092489 -434851023 -663809284 280090901 -1255640188 676409717 
1411443942 -1527083094 -1479107995 -902314692 -1110842893 -1061014284 1870548194 458486256 -1671297366 -361804672 -13941097 657434676 419611774 351964375 -1624112492 385628095 1384436292 1884114944 870556873 -1958348093 
1374387246 1505716432 392432306 345138407 143692810 -1795465394 -1783875429 -1742504590 1580847027 -699410752 -1632699700 353348609 695617477 -1930958904 
-2144690786 -627055484 -467570011 -590681656 -718862850 -591369038 2028447579 555762648 -558196173 -880952780 -647204486 -566057479 380502552 -666371134 1602034706 871443375 -1824937390 1816961140 -893186706 161802739 966655526 1474291313 
-134436857 -184861807 1577133429 1626059182 -82430054 1267075517 1208754053 1324100387 -623636317 -1318755653 -948801879 996565905 -681715461 2081780418 405176144 -1354811403 1964488722 1477898472 1974915756 -316287742 -820162376 667394766 -160538434 1218880856 
1352213102 488868089 1268039378 -173016377 2120203425 -1501645268 1792076262 -828637875 317061064 584247817 -1485027291 -194001402 975076142 607896262 2145417211 1194460688 557991188 -1309767171 472777344 -1203839808 2084832214 -710720372 -642745940 -1348860347 
-940566830 1446957739 110925231 -995348728 1622948372 -773988469 1477847582 333051214 2069212928 660770824 1995196001 -1975992459 1631938039 -224365188 -162572100 -1332863916 1238705433 -1586903175 -55429102 1006922519 -1041062758 -1436240942 408028675 -154141979 -580468337 -1277263509 148174848 1118147316 -1399642093 

-132337846 2085003904 1939649580 2085151185 421894908 -1045391792 -920356656 -848379091 2129322867 -1796284540 -1386984680 1347839599 -1688137376 1482713202 -967483477 1611339374 1336520883 670734354 53272470 -589924250 -1489087278 676366424 839561787 -18195510 
558561814 -1450299199 2075299435 -220755368 1884964262 746095925 -891694025 896973224 -1940192328 -193295613 950997256 -1536756057 -165333146 -1612587621 -294931294 -947174121 1563421014 -1393936012 -132996181 -1355284919 1802538280 
-245627537 -1953215303 -565368217 932188690 -779814415 -1565003331 -1752444829 -569358122 -1937769486 581566967 -834198247 -1780925737 -1119106370 1797106980 879533814 2134530762 1550152428 500665196 -151487887 -1527604908 581936505 1735337741 -1098018377 -1735545848 1454075175 -2006838299 1347082471 -1651276523 1453627306 -478773167 -1956498389 216741317 -810128171 1360896613 -1767942349 44633418 -1733059195 -531491434 2118017402 1066052261 -750358146 -779483950 -1436142659 
-1679521871 -481491486 1493625052 -510533180 1593123098 1053185049 1213309656 -1536002537 448572797 903693501 -330635718 -896495973 1557093492 -453607507 1394953258 1417373225 392932906 946240131 2099252562 1641660480 1318977444 -1797934226 959281340 1535009066 2058619885 -1902084297 890966105 1810959030 
-1897028239 2011758534 76332501 -671965832 2021017926 786521329 342849209 882470611 -1182226896 -565889160 -22295063 -1509894125 -161390681 -1756325789 -451250648 -1872351937 -2002470770 956068553 541736704 -1976465110 -1723338982 -903414613 -137894628 1211594 -1405978168 
-1244620687 1804445574 960660639 -1159427815 -1879272044 -1974871564 561123345 -273122899 -1454522707 -209153737 337059224 957780455 -1654142339 415106903 -2113064691 1717867893 -1230115431 -1980467670 -1695268143 1726075131 -546383771 599394086 -1749464512 -532903750 1864944508 -1458095061 259701741 1723541506 1619882996 655971094 
465639092 -1634139507 -191860696 890225133 2031164169 -588520438 -296637221 -1773774446 1164795357 424924911 90049591 486684228 1135622980 940949995 -439304848 -1273437245 1761693588 -1454088885 -1164977392 -1176569131 -45908766 
-987613925 1400304124 94622061 1350256988 409186791 704325941 96329420 1242505226 1663425561 -520898063 -259244620 1001217800 1769123816 301153912 1812422389 80669927 -217882774 -498828211 -826036570 -713147682 -1480889150 -1385668634 -1662109 -1551999989 
-1915306131 824171085 1656751517 -1805271605 778639714 -773842627 1539151495 1711117719 611548318 1816384021 545932495 -327810679 -1515238747 -2098640775 1234505520 -2013023334 1769981825 -1637351693 826210480 1904488175 -444917472 955091741 -1715224066 
-1408117026 -822718627 1188470567 1876553095 -2008965786 153630314 864174151 977615797 -111705876 -283586641 1005475853 -546910748 -1923577151 1122219931 1369131978 -1233441250 -222571775 -266491897 -435271593 1139913748 1776145689 1755755661 339814163 
-1001191343 -511958923 1361200042 -542194824 -1731156183 1688817549 -940389738 -1565740180 1762269334 -904720042 371973493 497585470 404769970 -1603809559 -2001050818 -521499406 -1928746593 
1180275798 2017574738 1626122671 1754155254 511173086 -887183446 -328740393 -1953127196 1276374035 367642514 -651230776 1338682854 1323539052 -1225955957 -1677016828 1749515380 -614666637 529664901 -1908075557 -113590684 772380342 -418848394 -206007161 -644911824 -861852235 582042995 1547411794 2043092389 -1329149657 
-165454051 -714407908 1152773341 2048661537 -441989784 207929375 -1159781162 -936130021 1970809458 -1674075924 488084707 -855006325 1034657378 1541441551 1611383834 -1773740568 1097667445 -1209377692 -711640651 1258113857 -414623388 -1906163493 -1951695368 -2064849705 -79350948 
-770330361 -1200458214 470927377 826515966 -2110507017 -1598966917 -781453594 1783603998 2142946668 -2028186386 -1495102790 -1193567072 414971784 1082361470 -970954031 -1438892302 82467501 -1198360519 1266755605 -1916004221 755065967 -850682431 1290235390 1467990589 
973224306 -1972597149 -86422154 -746466637 1073353535 -1436579694 -1127737351 1576157886 879185353 -575282135 -466350782 1549404756 2023448508 1301318108 -978437902 -1458497621 -287316079 102337082 

919469655 -890086321 -1812666582 -176082347 625469309 -1198622209 -806403660 1192797946 28369049 2094205624 -405414767 -2107970420 1616363824 119111923 -1764430573 -1203435604 -1874614477 -520185099 -1463900653 2138852104 336530618 1149721226 -367970992 -1363531199 
1044519497 -466643752 975252578 -436523596 -1824514185 -1614243301 2089925957 -1756457585 -1576052346 -875587260 1848748126 -2129420843 1803308828 -1068221947 -2132328615 1647785576 412316484 804336129 1086993519 652118659 510582034 -1712148360 -332990217 1041727888 840427443 
-1009372658 -954041527 686400639 -737761180 -116232575 -598093549 1706532182 1003723713 1137517500 -1000434363 2039095881 172065602 -2129630224 1352316460 819638679 639194487 779054332 -1858744672 67475029 1336530985 -652304412 1128713733 1844453229 
1398393780 -427144285 -885746518 -1628872240 -438686628 -273556012 551631120 1201163868 1886150962 2050799323 -1906667742 -785646735 -1047073698 -1885201997 -2004069508 -1640477702 1389319802 -1827420975 -770218495 1542529545 -1101924635 -43650491 1027238330 -887776699 -36548406 

36718849 -521658467 470526199 53002035 -166441005 821568417 934555410 1541217903 -222363952 
-938015388 1603692399 -2018527929 890616851 -1645048973 292610890 -314300186 206405879 190850180 1027503942 1595713992 -1733310897 857371637 -1500368287 -1436724375 -1245297940 -562274693 -736560484 -257790967 416529139 1955041886 -1488372022 -1698264311 958210555 -1529553334 -1675756644 -1945169312 115065180 -1845682687 -1705179842 806411873 -1091113721 2111923059 413307537 -637539784 2015314598 540145725 1383739933 1178669877 -120217731 854782687 1332517717 2134630952 1351186046 1404998328 375465545 -925305778 -678194732 
-244510363 1614378300 -351834477 496738491 -1764618648 2070669156 1599735678 -617127525 -626019132 2043817888 -1333580407 -712691007 -1794037906 -1490616309 812957561 1617599034 -1724674262 856106070 -77076252 -1724148993 591444293 -906596317 -1084899795 -820162128 -660925327 -13847923 -1464757298 -876877221 -1164064894 704687880 583194598 -1256166661 -1262874717 250835357 1275788007 736137993 -1710959742 47853963 1509584243 -1497308827 -237655449 1874162243 -217242630 561280965 21714159 -743733609 1334231774 917352013 379531204 -1533857683 -945606080 426643927 1701581241 1925918418 779582155 1974634190 
1319829039 1173979166 -886722799 -1602442400 -295065901 1661352194 179489840 840017296 1382462795 1835730691 -1006717744 -430909910 168301187 1947277704 -2125380401 -1652165747 1875852381 -727272630 535382045 2001409614 1623225851 -1394961694 -499829240 406356529 896127645 -1736040761 -48379653 1165641638 76513354 -608489383 -1471123432 -1640857802 792826259 -2127797536 -990040448 -1928077725 1132629083 -306505530 -2109079338 -1139417517 -1679081310 -1973342642 -1022521044 
