-228222385 -1085796669 898378035 -713521128 1642439530 958818472 1298528348 457558100 413956516 916815706 
-822271283 1080257395 788160713 868835147 -1718742207 -1790536428 934326651 -773499276 -1596309529 1965798328 1885266067 
1097823556 716659459 1206841427 -621524682 1498196432 678802216 1517607066 -1082117844 239967234 591324204 -2034778535 1192974614 -1191688940 -198426019 1972653815 1689080859 -1674232324 1475534294 -693385446 -1090934290 1782809016 -1360560562 
-1654580774 -679530347 -1481160172 1023862706 945414787 -311026254 729685990 -1630007104 -633160071 -1310738547 271232250 129057008 -2111651131 -2090515023 57252121 542810427 780684285 -1259286819 1571802896 -360499418 -326338904 448656108 54112461 305661866 



-1722619431 1700175280 160150438 1120808949 -1115311260 2060005725 386955963 -592169582 -442717926 849724450 -1636538449 1168662884 -222085513 1798275326 2050049661 -1189301678 -1104771705 335054909 531120406 996296370 -425673544 1577467883 291733359 600420909 
240573441 32268026 1726694181 -1602291314 774872191 1530784651 54534321 -289241137 -279762225 -1131806299 1388513020 -1820192694 1516091997 -1038830963 1667462946 1064877662 1071524017 -640001215 -1349758254 -819714201 -648161558 -1485964514 -1430474093 -565502643 -1933246930 
808033169 -1086051359 281049154 -256131693 -768493666 74888309 -1564312581 518324952 1295724474 622714039 856560504 -1413057184 -1726658229 741484265 1941640593 -619398358 -772800225 -1019189749 1970619804 -1522921154 795871516 -1215515324 
1189827158 528030620 941736676 -901418137 1620359329 -967605309 1090332863 707671377 -948210110 -250468445 -1095494319 -749504817 2026348112 1891098961 380460035 550896139 -811703179 -1685596888 -165746805 1592583449 2008962379 198834495 -521546792 891491300 -1386262561 

1552040442 -1376588285 2077174170 377278896 -1714995241 770384157 -116394764 1058342735 -753503218 -769979345 -1434799267 -1991259719 -897126959 84236539 -1906492641 1345143306 -1290679597 484176391 1262367917 -1349858042 7641083 -1710496326 -345733781 1128429879 -1423007509 1624543360 
98522593 -1591634680 -616503781 237951551 -737333118 44901437 -2072288212 -1803487868 -1556430533 -1267828025 713157106 1039405930 -354541237 1694726851 1082038260 -1224624543 -1032484183 1320676322 -1677897867 774731805 56968621 
-1355195107 1658970091 472520978 -1399218476 -767119189 353783057 1141850577 208639380 -1571704336 -1565695279 -1407802517 1253550947 -987777836 1779012547 382171022 2110489333 -1898664349 -161569790 684599631 -337072946 -609060946 283177341 1396250931 848275417 1014715147 1298358277 -1699764643 432542722 -351354850 -2125944065 
-591583658 -31491587 281258155 1355025491 -1699846268 859959317 -428633894 766559592 269125626 392755298 -1017206146 872835251 1335820251 -422701387 -196565889 1701063895 -811060033 -1424753287 464147447 -158101912 -1709794671 -294490862 1456824720 -92310697 -880110884 -2103570317 
-1498821380 1965697855 413082858 -1591286022 1564933151 972144188 1203667844 -1281561622 288199011 1378361822 1682011917 108305991 -774432093 -1628375185 -2143038166 -1214198447 -702685625 179603287 598262124 443167374 1646673805 -1366529021 -1434885400 577847162 1025035041 -2045469237 1499475743 -650138201 1327139814 -1824080786 2126317565 
1771990202 970386109 196457084 -1611869573 2068003276 1238773977 1675748588 656443279 -710901931 -1727555926 -743057624 -590944542 48889697 -1013541457 2076640965 1784055229 -1040228629 194473337 1425334525 1366468237 -534948260 512654900 -290203248 -331807602 -952315014 227738287 184101093 -667119583 -182445366 504212441 -325568115 1737167787 1182465004 
1511497185 -1389347560 -2007378220 -1163596725 -1400429689 -573749969 -690449831 337171772 -1711045986 -1202275408 -210817347 -1712352865 -1907841039 454051036 -1667949355 -1413519313 1062817609 -1173274102 -1396662789 -719568200 -537574702 1743497339 -589523066 1838754923 193343894 100642146 -796160153 2128977049 1343553597 -1049119382 1702332435 -508728289 -1828759216 
1523931914 -800221271 344213872 -615807661 -1499686152 -1291523593 -476413700 753304057 -2059368996 -554062484 1166146305 1929882810 -1170130699 -596955750 -433582837 564739101 1034540206 -161608289 1452894984 1589547057 -2096181539 1878218179 862675032 -1748252119 1427598869 -1791189515 1442707099 
1476615923 397736329 -1750116139 729329583 -1303212602 -994291899 64480288 144989198 1510866843 -1177057430 755908936 148497405 -1870995201 1526637956 586587965 291955144 -578594472 -1123044685 -1111526980 -1622762269 1656140595 -1879107247 -2019575710 1411306153 -1047501592 -1700012261 -431483743 -564819298 -1793354829 -2098547403 -334416572 863932 1940518806 -1105838100 -789867849 -1625095430 599283314 1084331362 -860684165 
-30630051 -8107133 1762535178 432672750 1764041397 -1987950181 998028559 1577657030 -1186528732 -1861023687 169648600 -749344895 1739113320 1590490105 1262237674 -421142397 1458047663 -1700487157 -2098257392 -394045337 -1095727824 -1468167058 -1553418254 
-262230205 -2121844000 1097510026 662812722 -1538034008 -886039856 225216704 -307151830 -1421505122 -712823139 -352240032 -1304203518 -1197715061 -1612822139 -1549299459 487593852 1630097489 -607637607 -960001686 77475449 -1204715864 1024890964 -880474294 
-1648320461 -987884316 1044134049 -165977772 1317841477 -1697822617 -1752833305 -1698960614 1028634039 2127578487 -1958066062 -2033598009 589823477 -1956755029 2124079593 -1376655937 -2058303577 1487177874 1864808701 -884570924 

324467784 -208021988 -655021693 -747574419 1250050787 266737459 -1029224817 -1132648051 -1559647227 1911974385 2051832503 -436753684 -513124202 -465226891 818420137 -112418266 -794154657 695185220 193611322 1523927728 -1061766192 -1440149177 
2100855525 -1476390203 -240274094 -1531599686 454006954 2059646948 1491672760 1368744702 -1484222253 -162073329 1517234105 1487528108 1885435662 -114178941 -1877306008 -1985533323 1070745255 887996555 582855396 -1404305365 733285365 -1578140667 -1612724023 
1726589606 1123548884 -1826987265 1539903535 1316477862 253160455 560889231 177732977 -1190782289 -1110300088 1351419735 928369493 -1944645499 -1943674454 -2146941833 -55530350 177202748 1206291985 -767012929 -211621503 1269330787 -694379901 -990069532 
-1247258833 468673945 528630236 1757591236 -659817832 1295957485 1227053380 1511699035 -2082880874 145571149 1381088476 -1119697572 1034977949 1348006665 -551285694 893680440 1968860735 748705080 -422601905 -859281587 1261134546 -885625016 1671079952 -2126352367 527779053 

1287667657 1814367118 253059096 841226095 -242732135 974913786 2073416178 -980628784 2107521156 -1353362875 -391719517 -1627154581 -492689043 1418509244 -2126677643 -1217548557 -1077480966 -1781605025 -827213139 2018989593 -108158041 -45966267 -794908358 -161738082 1351512246 1186678161 -1804296809 1663815855 1671405479 -1702220053 1526987781 258359123 1007220385 -576120763 829423871 438894928 1416914583 1976225350 476331665 
-1597686924 -751679822 -630669980 -262629992 1608159308 1752369737 -574432751 -731667265 794246954 1199923850 1664506010 1590918645 936250982 154814254 -1332320087 -1480546517 -931402944 -746116918 931893656 -2041540615 493918522 -241655738 2007630622 
631201043 1809731295 -2046486727 -483243089 -292352019 584507611 1089658915 -997987405 1751413351 1609878106 -66399441 1517468870 -1430532451 1020816880 -398900711 1798161597 -1911373280 1665315915 332430910 -1451828842 971376193 -2060917554 
-1664171103 -1949290669 -1873001721 597941436 -383575872 -901960994 1420403891 -430345546 -402405883 444800663 -1730556205 -2077381794 973728455 95734790 -652976445 2028703384 1543916578 -1181991773 1243233116 24027921 -1465240197 2111615361 -420743222 -740320365 1902762459 
1199944378 444349237 -216614844 766212852 -1610574179 -431260844 -1234577695 313051942 2015842140 -905729877 -2125286531 1956556713 1198305796 -1561473475 -1145678163 1698778223 732673180 815617638 -479984069 -903268294 1244875124 -558448586 1021806487 -229654671 
-32744328 511873982 -465581380 -1174961861 48042092 -1102188228 548929651 -355931505 -1265799242 -860931617 -1187085192 2025269028 723471241 987499569 459964147 -441083036 -984342769 1738227824 -299480047 -1130612293 82898631 1413316161 -856598662 554810379 838950321 -1834305501 -1994754855 -1254937990 1620648452 389822216 1048054794 3219382 1401601283 
1594213240 -1875290080 1770052089 -2020514946 -1415429408 2075691592 1019990302 46912354 348824185 -906784371 -508331608 1968462738 -2043162630 1741043283 34872073 -1098270384 1506520418 -396007516 669386963 276077967 -1963088933 2016988846 -210261023 216200098 -1253341438 1329430991 1505247921 1200899567 1681362177 -1260317616 
-219228419 1533392830 745101896 1257917997 -1162009882 253248722 -1827215980 896625804 1425735198 239487252 -1221650351 -544735068 -167640862 1034989708 -954667586 1506023409 313969465 1148200212 -1703684575 1267317026 -2093990076 789620301 -647380821 615075326 1956241717 325763151 1191446446 -53001981 1913353569 -445707429 1641985857 1952926887 -1563295571 -1555210992 985801017 
-101085570 -1253163013 464212842 995703001 1331039895 -2108424906 -1606781718 -2068767780 -1280294544 1680318172 1529796275 1973785755 507562638 1208345098 -333571090 -115674426 
-926286446 1339743320 -1310326502 589681296 2037875557 900024815 1487425821 -683324125 -2049367766 -1186726271 367699335 685546250 549061071 105541983 1992139753 -1637472222 -779090026 -398276569 -575055066 -1213703790 -781780036 -1431600999 903363556 332062180 -976398677 -447841637 -183706340 1572992386 
-241637656 394342919 588465446 140672644 1822670051 -1682717745 -1615344138 -1345300324 1914338445 313452805 -1797618734 1075783961 -135917473 960469638 -1390897715 1629701554 -597862757 504397553 -176660637 -102834791 1359122414 -1235715284 -134202967 1122419365 1021055494 -653296166 

-1409549168 -87146018 238458484 264786541 -265919732 174213644 2106749744 1952592103 -667808021 -1401412735 -1318742263 -507980904 -1283126055 -292267846 -814398569 496365580 866751895 -789428221 -1810074155 -1046191126 -281730651 633179082 -183238815 -1706612050 
-285270836 -1931821438 193721807 -348271135 1487325265 195850978 -1680981139 -1524047403 1340624745 186063784 511957551 -1836044945 290372156 1104986717 1950835290 20839447 700036530 -897059693 -1632040856 1943646472 -1339882919 1790665956 1711359928 
-1578778736 123795640 -1172177766 -1780477509 132308034 -41872996 966887269 222917861 -1197593703 51203047 -1541426244 -1100549218 433330945 -1487464319 1901658221 -1377708642 -207758175 -721410384 222094031 785875804 1506569215 1420473950 
322678482 -401652863 -1163442609 -1740612095 -1725032296 1982636360 -306577443 -1999177138 1899983721 -923267450 -1044925230 556378587 969302704 648299474 -264777327 -1206139255 226630863 1115415624 -613168316 -2028849086 -360912610 869816318 1131528039 -933745429 841317952 -1309665571 -1888243619 -1350513597 

2118444888 -1742188681 475065955 -99961815 -191942385 -529967025 -1697614705 1051523013 300493337 1824375342 812853854 -554675039 -413323360 -763538471 731213969 1313065819 157183965 -21641257 2142149667 -1797447194 379674497 -794415448 1509360288 -1330971821 448577619 1933092971 1210306007 -190304263 
171340081 1286714168 477153631 1413211183 -841736914 998991691 -769597723 -968577861 1916776395 -1410952436 -1238527230 -1892600052 59504598 -245179760 1733732219 1415735707 -769285030 -2000088389 1767555103 -1170150539 -1937653930 855948576 -148712321 -349195924 -157133723 -1297489465 
155806664 -2061731417 -1835603609 -1107386354 -1611633420 -417965085 1135478066 208176528 -495007917 -581873307 -1654566052 1451130041 -1812933100 -108120640 -278964562 1863559914 1360416024 356757515 1169126608 9777386 -1783653625 861851983 252732242 -531531236 1209500623 910022954 1083360300 -1343303923 
-1757248865 887787752 -195364704 -1078375392 -22987957 231568164 1185043877 -641152788 -585595531 -1638073467 -1212302369 160002717 -234076422 -1813418670 -2140722741 1144105195 1672011623 2060873822 -151226247 1885537284 1852301822 -1130765892 -1926956190 81471415 763707389 
-353425411 -1114793511 -621482306 -655247098 -1524837245 -311381406 -519497581 -1919930514 -1003787661 1168537568 -977182406 174808297 1371570397 -1756946120 661105991 2002381049 876313689 -1061630824 610718686 560936795 -554781794 -1114249052 -1412328241 1575373889 -1205856637 -1636599368 -1592352390 1462194960 488765904 1634217957 -1001265237 794599085 -527497885 -644357699 -2078020508 -1962437369 
213864074 388597652 99233960 -1973122257 1848672342 -1439251802 550755845 1819100292 -1811019897 -2035227336 115849158 1613851399 1234191939 -1658464814 1608124276 1665566457 382216735 
-1861896370 -1680789930 -729944832 -1143247730 2025888731 -483760805 -1692191945 1274875449 -1290741648 -617108223 1392156179 382088576 -2025430723 1242253441 -565092826 -868211527 816572883 -1275852578 2146496119 -1422741843 -681115450 1334908475 1088887399 1465792093 -809484337 
144396986 -534995216 -2022513193 -1009715767 -655513977 -170107680 -1106050810 1869110671 305395457 -771890743 -146779042 -1697499063 -1942113606 177585062 -1317471714 -1824186278 1131780272 -1188687476 683836608 -1889615179 868089702 797151068 1999468650 259616193 85859930 172022207 -1421914210 890065180 76685722 649446876 -1503449945 
1576879253 1797586901 1021052018 -1253180549 -1461854863 -611872796 -343409610 -1621304756 -902071497 1909974882 -2043689068 1101544307 819642012 -1518482995 684116918 1678413513 -1943311161 1764351574 -1503020282 452060142 -1931002857 1952396627 485536889 -708650132 542658509 -205564641 3956892 
-535668081 1800197487 886234609 -1636526162 559074774 -1500960706 1719724614 -1464532321 -470205835 1943649443 -1810711981 -1945121879 1339922089 -721778049 1690260739 463109772 -1930939797 614626717 1754241009 -1750211103 -2008598221 442255513 1278310089 -959041696 -2137239433 
1270376492 -615757390 74156891 -1977412855 -586840373 1666711695 -1381377600 2079358670 1097309888 -1558466888 -1566593219 1348519317 1645248005 -1005616118 -88867409 768830211 650987049 -567706960 252405376 -1758369361 -883906828 -1420091909 1980000047 -827665765 1423561196 2038011932 -57399382 903836525 -950747517 783442497 2059658347 1987958478 -670066416 
-1589190182 438896072 -627947093 48687951 1448873928 909120493 1702937265 1301339859 1751899916 -122305374 -1153915700 666698306 1134488408 -1343355405 -1948490762 -1236356280 -1338033671 793079756 1007874239 944418977 1490323084 1509242809 -1630909291 -580174353 1569601947 -575252096 1637379036 1692919159 1353037155 -1399503004 -228552069 
-1088393197 312395649 -1734210424 548405190 180161091 -788748622 -1588053437 547810135 -172048654 -110934486 -1151715391 1165479088 1764219631 1299538672 -1245493759 1070536334 -1835809968 -1538615591 387822177 -1240131891 -1098288050 -61385518 2100822740 178936477 
-254996461 -1353356487 -119079412 1279666657 -374264993 945895948 -1351051768 -407452726 10962106 -1772362539 -1988766559 1571875817 1632975331 -386758081 261086611 744311168 1098674103 682393823 -1653147364 1344761061 
1330335089 1901794440 2099293908 1396407673 562279954 493839961 636174541 1146943543 -512537086 928757305 6120236 496131479 -1034690887 -1888032078 
-1825564966 -154825860 1854300130 136439410 -1490419654 -1053507591 830126180 -1838646281 -1488214387 1939427156 -516191720 -2109214972 -1742018885 1435416996 -54780273 -1503203950 1717486548 540448624 -126554729 849609521 -691924443 -1415533653 
-1446425336 -1968655657 241052317 -379829703 1332115800 1089492861 -784519539 -1643694617 25427374 -760996542 1098207776 452346652 -857122592 1620411766 -122317319 -1351955617 1327379791 -1397034528 -659231755 -2089385137 225235354 958555113 1348843242 2129703900 
-1414987537 2089846095 653185179 166990730 -1757966254 -1590012607 410275583 864474083 786744206 1181927430 -840846687 -880099313 753596928 -704364010 1987619964 -2145033046 1717825698 1820464702 -1441390271 699718698 1585082817 1348787491 1144603203 1281324843 
-1001167334 -377494232 -1005633164 -258380762 -1928807126 -124971763 -77134146 1574779884 -814128597 141553881 -1481567471 -511139197 -228758838 1067973535 190245127 -1734790298 -1103233163 -1821041658 -50444310 2065738071 -521890291 380708810 -1006858653 -1929708780 -825345362 -1751928406 -1081117916 -841702277 1567236313 

-792875544 1738993171 338247281 514629828 641996615 -60400112 -1999627133 1745067979 -1102940564 -482216312 -1406339733 -62884647 -251743233 -1879171204 812697857 -975577686 -1239354859 589201318 515907144 -1388957566 908873691 -121938739 -1664054712 -507198567 
-796597860 -125638765 -1092507063 1824741768 975404525 -199364333 1947848355 1709911376 1323080664 176568449 847822318 -182532511 1914605174 1196822650 1369441534 -2066178555 192319260 1526203252 1326515821 1069576323 -1705843960 
-971042456 -1342777560 -2068087527 -762500306 2119593595 138081898 1211779665 731133550 1694608692 2038515085 62706973 -1244921592 -1005248041 -757552224 -2051287906 137206577 -429925154 1479761389 -1734045325 -1030267907 850844233 629315959 2140346620 -1025867227 2079092702 2055203938 -415518858 -2103393656 1769677118 -219333523 1497149679 -1777774831 -2005935887 -2001930843 -65126805 1435660349 799213813 314191984 1926534225 -53351289 -2013460609 -217580904 -940586612 
31157079 -1215419288 -1898001922 1123689235 -498462740 116858109 -1766516722 -568084493 -773421632 1647460416 -1258706655 1601799823 -2027857359 2055962199 -200152916 801865251 843450369 498047296 -1674449340 1112243785 -1867545413 -1082067500 -689494697 1461538833 211725350 1342412404 -1988532230 -1195448754 
803056375 -25272661 1575108833 748977012 173704665 -1659095865 1028415665 316468320 -241802323 -1221902634 -1005469605 -884074574 -2123396533 -1110581090 -1085749966 425350905 -1784363345 -1110729676 744323821 -591170687 214086433 191764012 -1388969036 -2002251108 1009628370 
154757274 -197840132 63253587 -1192130251 1511264856 1817783061 1341435174 1429010641 1230883229 -1074796720 2121762343 1032654386 969072240 -584224147 456175368 10486064 1619754130 -2003515078 -1496084639 -233895502 -1124268882 1524416928 -1083671423 -112690384 73212547 1879659523 -877801109 219450042 1904583190 -518976792 
-117121326 -1221534417 -50783015 98360144 -117081345 1135009156 1313837238 737756329 -1950040833 844921532 -1277388848 -198373082 -1433586664 228416782 -136499499 -2019848521 1015151409 -1857164546 93367692 -1050902319 262157437 
-1419612165 -493693771 -858869161 1293112696 441228708 -1813334494 1888848395 2081789067 -2002464139 -2000828125 -1149958088 450698626 -241920698 683302634 1347652921 -576501288 -1094698446 542238772 2060610495 1088654370 -1982196806 319228824 862734658 -1849449221 
1223042161 -90205856 -1978156537 644840303 801826766 -885048268 -1504438699 -1001494156 -212724244 -24880215 -729961503 865650267 -998814674 -1795490467 1872076166 -1825018035 772949066 2077776814 -309805694 -45663222 -1915930891 1194605112 -809988357 
-1876240919 -1288743350 -317071186 -1286564458 -1703085611 -7416286 -568934267 -2112852883 -588990192 1597804899 446290378 -1243299228 -50609466 -2106635460 -70692819 1965912564 194564360 -1298440374 2024449977 -869740546 -1751691909 -1975581621 131253945 
-1897256471 548988796 821755479 -2003592711 801194633 -725185707 -1085157762 788297472 -1789979372 -1881044933 1004518026 2051744156 1391238435 -532249873 -1702296736 534013215 -2100915994 
-774366393 339366158 1262040387 1684072996 249527659 -1767153889 36745835 559638699 1036802029 1717214566 612659832 512317644 -1080046384 83125255 -766042290 -973383615 609238979 583444411 -911463272 280791949 -367166581 -1509548854 -89566919 1777861607 -961001280 1841363139 2121282238 172395406 -1383001538 
1671832049 -1057380196 775961550 -1445645266 512194717 -381015085 -1335884733 484130218 -353313035 -555171149 -1995726102 -281408552 -1634398645 502831402 -1855152956 868727019 1911309615 1726944827 -67988693 -729773743 -126860027 702482506 958066644 1512011245 -1499164893 
-369896308 900481010 876420363 -1932489156 842828533 -499152268 425403494 -1589847295 -1416390160 -269662237 -392879285 874811174 1920649716 1686468748 -1307989311 -1247973925 -1787262285 -1356819186 1000960120 -1983711525 790081954 -447876721 238754500 749316172 
-2073694046 -957054158 642159374 -1118807191 -1329989 -1537647064 646105914 1076384171 2077853817 -1409922658 -108182198 -1910251353 -1429305907 -166478051 1331865780 801578809 1197754354 -1481260707 

881125080 62164945 635203038 513697244 221351092 -387696632 320649376 2049672608 -1295368279 223967033 1054753110 1240523430 -53580621 -2046307553 -1899158630 1348158064 365688059 1927738404 -745150445 1319856224 397610270 -566803980 1103019990 -1116950478 
1179079339 1727164107 2096187242 1114924151 439824658 2005659810 -817570381 280244625 804726199 -1698239243 224773819 670778563 454522931 1941456482 241804907 2019984195 1705399526 -346773212 1224128646 670755397 1938858715 2019834747 22951088 -571461049 806941075 
-1650103342 -878188171 -673888834 -274557820 680258970 -342863944 1311484173 -1501744862 -1465945270 694089312 161600754 -565462002 2135535127 -7882290 217014993 -749312248 -1188983230 -260766110 -2100670706 30419479 1068904948 1609383399 682531065 
-1793853856 1958850799 1585143470 -1081229633 -1872932554 -1194818141 2036121606 -2144990994 -574179565 -21452549 1156860146 -1694135022 1838996177 1331663320 216384593 -1320198699 832960009 -373010275 -771582219 1283816337 -2046243054 -1679831840 -1655017931 1444182541 -933832836 

-1861561208 -1353599137 -1401865840 -1122866124 1812882267 1406210333 1216183453 -2128109799 1229493010 
800615722 467729416 795769530 -1525381657 -638012546 1699927865 -290384031 -86834240 307756512 -1146120827 -1558681178 -724292841 455298751 1768798013 445641674 2084195494 -1204157483 -657728532 -555849405 1022951951 1462211490 321972189 1177061015 1955827547 -2018592604 -1796773653 1267263349 1164896725 1954312720 -1495019940 -643428007 -1548335281 -1628574117 -606308545 -1326534320 -1893184072 154140417 1374282493 -425150883 771114061 -440636706 -1486539131 428391753 1398697306 614186449 -1374655786 542300261 -266041316 
68686101 1811839628 -413780829 1454720217 2113466497 -747871526 -290902239 -270469285 -1037273650 1259320157 -316383475 2062387695 1312179860 -58525932 1333156243 -1283017021 -602805161 1337067437 -276102182 -452060426 -978276943 -1112147511 -1960510980 -1405249049 1645826559 -1934563546 1227900427 -1053842064 -1062044078 909061225 1614908909 -470139208 1420192756 1805519621 -1910167322 -397171272 400131407 1841505680 748049273 -797522420 1222284368 -569203484 -227700057 267500774 -1413022517 1216820743 -955010379 -2089890432 -1986904815 1803001226 -402323061 -1239124564 364578909 370351520 838211096 1873266351 
1450632541 1190109669 -520970719 -1331695710 -1191335935 -945206382 148647723 -1584364219 -1725456868 -1304673797 1648227050 534538851 -885570675 1170181037 -1832953990 -1719588682 -1497748372 -206032181 -1663605513 -1960926412 -870659278 849454143 -1409302799 -320446522 1779866445 247545154 -1849369448 357034944 -821855297 -1524067422 1358362067 1927340164 -1578132531 1059785303 1596342554 228067657 -345502000 197138814 1841446431 136604787 -1286006521 -241832594 -1276990589 
