-418073902 -811117398 674148642 1148501399 -1235451327 2100761469 -295650634 -97402945 494668824 1361809408 
-1713008183 -1282981755 183192788 253014234 1935687063 -1697038575 -1764432483 -2102650747 -1023154130 -2127103153 729883545 
275400332 -1750864340 2108910538 967713311 -108375110 -358378582 -828134360 1031494577 -1003537433 -869384320 -1334707043 -272189066 -1100828232 -246937586 348284285 -1958441507 -892233424 -590988480 -730173793 -1686469659 246866225 776866163 
1746314618 559533833 -744957945 2086636580 -271355666 750425263 59930522 -1452662496 1892707415 -961017646 1042079111 1563841980 2042125667 236568442 736885181 1154539170 -1193185997 1205526546 -1531841337 -656811078 -1954252449 -373793324 2143618352 -1511910285 



-774163732 112679914 -1024668467 -1180739038 -1024934447 890806712 -280349125 -881744738 2091427590 -446920913 -1382036742 -1405684140 1318919522 170258133 930508195 1241995953 1836321430 -333199022 -604762000 1029514669 -754942632 -1829197057 -1812329159 397440583 
2118966034 2140879401 327146702 216165217 1347949322 -1256101743 1550391977 -1438908471 593358981 -1785490286 -478377454 209948349 -123632419 -1199293604 -1728976122 -335749787 -1144575777 469488509 -42038545 910923085 -282566521 1561295007 555622230 879434853 -362012270 
-1351270530 1682973577 595241829 1079136678 836166200 -446670256 54422015 2051648439 -758616454 466784245 1378558680 -61679155 123580627 -1703880327 -1243873007 1915011434 329702352 -1090125853 -1255245816 1136230355 102348412 465169200 
-802043851 -475781534 -329130206 597406463 1591557129 1091285668 1232653952 -2141748441 -1151801750 -1306045616 -1115588900 -55350438 -1261263788 2128425010 -554458679 208357349 228155718 99384194 -312141352 1084635541 -1613823065 -971500480 -1342768488 -557389629 -2002153762 

1616340330 391655837 -268354379 -1741012354 -1268317253 749588044 2033149924 -62772682 1315663858 918842599 -1106142266 1157669537 -2030848967 -2064234271 129668499 610428127 -2033524113 -429143886 94663689 -1614547232 703278672 -603211368 -1710659332 1809620324 -657654678 517257342 
1725681233 916127102 2038057715 716107394 1465964741 889652176 -1300426986 1515306343 1698408430 819546422 -986426841 1926742260 350417939 -341228362 731184685 -1471220828 1599088719 832136927 320164118 2134469591 -1687487196 
-1400811545 1942263657 80717942 1133499165 268629908 1402143324 -1474077074 1489887079 -1074147185 987220728 1011179035 2019209750 -1568166713 -1267901859 -24565378 780214469 2129391105 697204485 -1087715632 -2026264513 -2020588646 -2077139891 -851749091 -1914003806 2038815050 -902382871 202161672 1035924012 -346829813 -1533030309 
-1751479341 416969312 -508465317 1348245856 -1041572355 548040101 -942455606 1584029840 -1672465566 -1963846535 1267957409 -2027899680 1691801 1077093811 20164478 -2064099010 1775590887 -956748768 -805383346 -838336115 1947327136 -1231487853 233850354 1025890142 1104322199 -2124168087 
2113169166 1951837644 1490200443 1549743905 -1885402998 1714330538 -542964410 663391002 -779443650 -213400465 -1228461143 -2016209938 1581372364 -1741188978 -1249677646 1364713077 -1747551723 2142524113 1716759906 -4204104 224218396 -400054360 -617021916 1097543112 1085240775 737894397 -1300837403 -1552793544 -548364539 616774900 -1204274840 
-1242221679 543742329 1530705071 -64404963 -1402094214 1890006835 222002005 -359200598 -1831948036 -1931812552 -1757851453 1784991579 -663423073 576650872 363048981 190025283 -1148486445 307523156 -227901752 -2047014457 1019759971 1868349942 -1442918482 -1212572361 -896777755 911242180 2216347 -1682667900 -38044221 -427225281 -2066298771 -1225703752 810622657 
1594416251 348446205 -499712841 -1476066610 2018448931 -1701811030 704640404 -1399963433 -2143273111 -260758491 -1394344155 1936273668 595087364 1324136251 1942400395 12946660 517824113 783800657 1737682587 1218607563 -761391253 644530855 -305749872 845579144 372358993 -705806379 -1296358679 -22438764 1756077487 -377777809 -1917378115 -1330181534 1258651798 
699472131 -1163279385 -440449638 -1876273118 1002023143 1463146643 956721417 566409839 1935768710 -810597236 1624849908 -565001234 -40425386 -736350156 1642925974 509216082 -864012262 1483661428 5579080 1075516807 1798549834 -716992696 1285217953 -1917180375 379516163 1924796464 1259525705 
1958651361 -817082307 1824649000 427161635 2046135549 888897924 -90089431 626536309 -1904764960 -847784495 1776937591 1670140548 1936631530 1276719545 983912940 -1893695819 258254422 -1155492492 -1634262485 882471374 -358244460 1139302415 993085490 1169794405 1037397369 988740963 -594434466 -1717365232 -276713782 156220162 -2100700481 -1362066078 -1200172470 1385536467 -384697200 1047414496 741296424 338170459 463024201 
1431251521 672793552 2133957228 -1682949833 1011812116 -621925985 -2030198379 -566028198 716087681 705660503 -525266953 -45619389 -1760263161 1198003266 -702013576 1428893421 -1315049535 860921627 1894861975 -2103816373 -1189879376 627792737 1141638539 
110513627 824248655 972109392 1602731362 1840917335 -1651271525 -1474124236 -1466505525 -1756209293 294213803 1737746049 392571162 -125182432 1058624390 -836522216 -364335351 47038032 -1897303038 -187017705 667781606 701905642 1297902964 -940588176 
1197227211 415776032 -18438881 -1827930137 1178640571 500742471 618586262 -1212193430 232825072 -1945615828 34215429 1986862026 -479673848 438950112 -2140198843 1253248370 -1445596622 549304911 452158362 687875795 

1495189747 -59850092 1662262790 -725379285 10400814 -193165897 1343148769 -894741864 -1945515897 1917553729 1193655292 -1442074515 -380075050 1828250612 -1364128595 1224519295 -142201248 -261868554 -1248553229 1766122373 837682484 368053089 
-1061529915 1711685081 2126943173 -1921594927 111246460 -862878253 150171457 -1712988316 1210295750 453814115 174136326 -1109921187 864552896 1592681668 -727671445 212006887 -568926067 16916893 -306560469 1792837348 1323136707 635795485 2004475119 
-241413151 1702170346 -301484168 1275096236 150593807 1873170008 -396607542 -1015413448 -1011943436 -1695830365 -462516778 950584429 514273387 -1721471176 1016512307 1691308487 1188621580 1862009100 -990642501 463533559 625557733 1906286181 -255153679 
-578960602 -1747267845 1083556123 -214851296 -173655018 -860659585 1638591489 -1294253669 1131945452 -1058383262 -2128137612 1081856879 2104827249 1896279965 430464518 353941992 1392645383 -1780378279 -985324504 -22518493 -1295861907 33278045 1208831705 790420073 258855223 

-1114444426 -951306369 293055279 1882354817 -1311007034 -1087808821 589238577 -1668929207 422444222 1805503020 848959487 -1179017101 -2118529948 812767819 -1051081827 859312864 769493943 1750772476 1636546700 19086629 665999693 462677512 1549456102 340600158 -804671736 -860038543 -1514115201 1587904577 -616979784 -1920019838 -1571180841 608765883 317157912 1181970090 -556139728 -943978656 1254540808 -765877468 -118727154 
1807498900 1782618823 -1381922826 1541606064 -1565043635 1566760466 1238662610 1773556081 261994971 -6478645 308499879 1472715682 -1313531794 1776763139 654899000 -1477830533 1971168878 2000178294 1090139245 1183294591 871506148 1022651592 -17098357 
397970894 799213860 -999561437 1946325173 332929043 1218988098 -1645508891 -1299401597 168251460 -43586259 947589702 -1235908653 288715823 317378017 41230944 1832206206 -1878469629 -1537349595 -1444475138 1215797355 1452834957 -634239437 
-950098648 680557643 1670320837 -1490839651 1840746609 934776187 -968010830 1737177133 -1797775879 1661307522 1647601033 -422045379 -547272661 928923563 -1180440215 731396845 -1956801125 2114494845 45275850 212053857 1597233316 -1231907161 -1720353781 1306153712 1976873360 
-2034690281 -49956803 818975339 41547345 533897984 1253561521 -1578008406 -2069272744 31344992 388859038 -1790023687 -1414208885 690256917 1687759083 -1547221528 83047178 -1299902446 -1447972011 1907381795 -459380879 509644152 -1696710424 131403062 502110081 
952072345 -130418861 -1091008059 -1629897836 423073069 -1535332305 553193751 -565381201 -733391372 -338158733 -1446859312 -209768323 752231346 732673012 1502276456 -902141277 -1928126013 366876869 -778099603 350937863 -1522025601 31791951 1101158981 -1442797309 -2114589932 593011258 -994972744 -377904628 -1661249584 -409945531 1086462475 -1867301484 605106055 
311008820 921044169 824025705 1426820659 -1269562824 -849818452 -245705945 -1282038881 -1929668759 1279792204 -1426790977 -282292553 -1841299610 684317094 544252133 1761515834 -1039616505 -296072377 1800101607 1650538109 1264022303 49320170 -827200557 1409009130 -17905536 -1938613965 1974682906 -975566528 1579665557 340737344 
-510196755 529367768 181074684 -679931412 -1172522186 1470084824 -1418878093 -1302584501 -1929987438 -1726600891 -32089854 26069886 -954748203 -152379455 335560550 -1650531133 -1197424274 241252183 -427934187 -897982159 -559332320 608952291 1266471781 -846227162 -1946628322 1424201550 154235562 703338587 -1637937453 -66857073 2037167700 -898999534 1893502277 -1833553865 -16956492 
-1193456901 378166093 154229243 -2156100 963146179 -27359912 -1341301973 919813603 330025507 -3328740 1119010469 -474881878 -1676549784 52402453 -1372693114 -1533890719 
1321171325 -1184706518 -52440233 -536725507 -409406742 1448189296 -14298645 -2094041451 1070145011 -573664532 494756946 595562084 -2056142672 766262203 1606472446 445626420 -839992765 -2032529126 1770779402 328942151 -2103974607 1977575052 -1551229929 1790673890 -1284039792 -854753939 1456770327 919486043 
791937613 306961265 1489913888 2000099933 465971076 -1442087722 1700034314 -1804676083 882109900 -133361038 686314370 -1365040529 1354526100 679160479 -1494541367 1842431627 866513801 -811758721 1599659444 -1812217736 986444387 -1217812972 -974445247 833379064 1382764600 664806419 

275361134 1611739703 -816595665 -1974638566 -1921963717 -268673741 -1156467518 1251489286 -295684382 -887900397 -1458279371 706070862 -1331553372 1641961461 -207127047 2023390030 -92255375 -1890807915 -288339667 -1091585203 1345520202 -836919785 563855093 -1656691365 
-446586683 2136919814 1550322010 631964079 -2015583812 -1334978130 -1065587140 -1721043449 542748371 1000920126 -1157192955 -1763138575 530335571 244001093 262441404 -543866884 1476143571 -1415469304 1429106442 -2122476812 1457808460 -742742387 2127328071 
1892777469 1307857736 1632321524 -71761521 1018365431 -1575040166 1617244086 -1381096179 1068078995 -826769732 -166439777 18652503 1649302965 488789697 -1194941514 657434465 -1653115173 -841340391 1103325362 679999286 -208968562 1736312483 
1659595109 -591033035 -1644460305 -1980423831 88422523 -425212770 -411965776 -1715732518 292949034 -1962971220 1279010598 -142709144 1148733896 2049369459 1680954813 83737318 -1377347452 -1670349520 586675472 -1745452020 324007218 1379646611 -1335098493 2022982607 845342640 -731502956 2050278928 1363125742 

199799551 -237719937 -593714111 -613065258 136951138 119462374 -2102029184 -820317118 -60301069 -30045905 1073670739 28359605 1296375408 1769124128 -144632812 1997400666 -1665110009 1880635247 665239923 -934884593 2031903691 -1910481584 -471648979 -47003968 1169641557 -291367523 -2119262820 -1409116591 
1424893826 -80745570 -1089246260 917824795 -1279199751 868278759 -509077996 1111079932 577264201 1579021198 -1628837832 -587443582 -644740357 -104828663 -155706522 882093774 400083241 -910140922 2064469756 -1832278083 -1484911373 1512786720 1862869005 -1556443818 246372424 353867987 
1245941387 -1564202925 1979464351 -1236744687 1333584279 454532536 1582115117 1719514697 1179609681 -1656939098 1928259759 969520987 -104326316 -1610786470 1650045074 853908496 -922423639 824768199 176504902 -931753006 1986139127 -1528765254 421024750 2099009255 77483087 1519499415 -976033912 -1343189374 
452064442 780481668 -1686622474 -314681439 1352409700 1191417429 -2106161157 -958957472 1361301815 -952514121 -304598007 1825763627 -474333485 515236352 938087089 -1159252144 353356458 1552874811 -843463458 1346356789 -1698498032 930303160 -1202314405 803054165 -1113808119 
-1709071474 -1378137200 -1165611304 -615777849 344046413 -66947907 -113488966 -997696029 -689920486 125141037 -730009427 -1197136864 -49435544 -1883373478 691433254 -1895786242 879606825 -2070630465 -1527253874 1082441977 -522630346 -1344770407 -413235299 -1426784346 578556697 1288201754 -745557272 1010466442 -1187854576 1921409940 31772832 -1869819588 307128026 -358376456 1677413392 -1032665855 
-1837983391 634110830 -193401101 -1167377854 -927570841 -708379835 -2077352512 -1395290921 -259713977 -1371226070 -1340065765 -760569988 1731732784 -1435533951 -609501992 1678334838 1329574145 
1164476301 -946618014 -977659516 -147669097 2093177956 1724120748 2078646865 361081833 1864287958 -1007233364 -947461902 -63921742 -2091416500 -861348182 1222474617 1887217931 1606645364 1308153033 -1164229276 1421972713 -1985550070 1267772776 -286432182 844382792 1425068791 
-2018235986 -199396228 2071978210 947304307 -900331136 1771428335 -27144154 -1800704747 1809588360 181954524 203662730 1197484868 1531468776 -1280522281 -1030541046 -540468322 1191959821 985155092 1254431580 402361526 -2145530994 -2062586698 -1132876591 632138263 1749576835 -379277960 1303443849 275024440 -885403320 327133048 242196775 
817255826 -167250495 65199079 1416624514 1209261329 247036183 -483031132 932899022 -739314287 1833944330 1080672601 -924573269 -1085916834 637002335 -84935508 -1748142235 -605395454 -1329879079 -892234337 1637718148 1718393872 -1971533356 -1097970724 -2037994637 -1512560449 -1249895131 -2058782591 
-557247239 -1336022921 1367804118 1249656281 1788309955 -919505398 -860241065 -767760659 -447111315 1195752549 -475703017 1769672692 -1372947392 -1315480262 1067176395 -812463920 -1907342456 -1048004176 -1139870711 630290798 1630754938 1606193390 1968139100 112244573 1514349271 
-518394149 -1045541314 -2077467114 -628737378 -915123143 563499360 -672440282 1535501436 -50731495 1477445402 884606085 -1374035001 2051052989 193099765 1397733142 -1818885319 -1311082809 447203216 -666199447 -583631205 653890998 -741046067 -1007889203 -1297305759 -601838284 1360861084 268392907 999479223 -530002546 -1026291743 -301292624 -1567109966 717163061 
-1886223384 -1353565005 -1566423678 1911622864 229741842 -470426388 -2009259022 1336026717 -1575437993 1182848924 -1298857869 1117649718 868692526 1615573809 828942861 -274103625 -692090856 -1197218273 -1899150399 -1070269734 205989649 -940583296 919116135 -110692436 -168352242 -1203917477 969577653 -182377748 -584343267 1360376907 1949880801 
-149040374 -1120701686 -733412271 -221380944 1800719999 1551516500 1342697532 -608160678 1170028467 2080600043 924022614 1035518188 -411421257 -852760602 1435990932 299969837 -674385766 -2012329567 1466691164 199725275 -653413329 -2125739520 -1638101282 -1272971724 
1351498998 -1733738480 -1544526163 -754173199 -1791300995 -350215628 1295207811 -1528781532 -793214962 -1091117343 -1618721006 1028135921 -1818776660 258798263 245268092 972950705 -1012372433 -1681746841 -46557093 -2079786123 
-317343356 -1692091540 234481573 -1245893254 1491017642 -1467321054 154614470 1969914405 1321616337 387438291 -1733925920 66940154 454885734 -446112776 
325420908 -1709284894 1799911030 -1267413964 1721373314 1338557901 1133222488 30426172 -1611924976 -266552287 -1224910802 -181661576 1123943718 -1482340046 -55446813 575338486 -657848667 882861913 -463787269 59284334 -1161567177 -1857385875 
-970116565 -1179575971 454286997 -970350142 653912544 -460363056 -1973585410 530320207 -1889031127 -2004449013 -2120291785 -1113691916 -1120723774 -789026248 -1090524006 -670311946 -322435681 -1183650416 -31020371 -72924684 -1586559436 -388878009 -484655972 1992704543 
1236592 1040556938 -382451017 -1913807729 -1921435539 639817909 419084130 1799964961 1241039046 54017253 -262982357 -35075335 -1418302284 -350753087 -1181179328 -1186348154 -1609933086 1365263369 -245592714 -784158896 1767201807 -929601057 -381426914 -1006123424 
-275980968 -1350313159 -1595720132 -1038838085 -455768720 574873086 -1769171849 1819595612 1256778945 -297668723 -787807091 -75552842 1333569993 625295368 -2088648924 -724724136 -55712691 -1832880823 -850124296 -178369563 2065045083 527012947 1281321182 243861919 6493462 -1236060982 -2027545789 1612469524 2023015374 

-1536320476 -635944699 -239110527 1319217535 -1815351157 1042482278 -270210264 -730647313 394365130 1382362783 1600818015 -550448732 1739018437 -426919646 -1128569895 -2065016850 526008753 1648664879 975283530 555613798 -58243432 -817034254 1530191441 261742714 
1130476772 -1290531382 1932723415 -301226756 967688918 -262834348 -942047848 -981730059 1893227613 1974237855 -1539507795 -1422895810 1298777568 -645669174 -1116869684 893258935 1861869975 841866888 -811032482 1606421231 -1717060652 
1899166893 346533129 492379674 1500952016 1986081557 212330729 96064939 1561910500 -1860845894 1510835824 948126271 282368209 -1881316789 362376676 1062450940 799128836 387991864 -586736702 945072774 814255010 978797097 -369910927 -394331222 -855402601 797573926 425500653 590978493 -2099546186 231190291 -149296299 -1321276712 1425094659 1949445922 -2102846821 336334074 451675551 -2091811007 -2051212748 181108773 469906620 -51287730 1736557508 183394879 
895463032 -1693373590 2074650968 918210543 1698040668 -1549645404 -665639017 406959450 -1064000134 -2009044807 -601768153 883567953 -537289222 -1914027340 1010260292 -1412364568 -177809951 1280792441 -751507810 -1608344343 -1830804689 -2045920045 -2075730036 999042551 -1176893194 -719999152 -2103870784 1303410440 
-276623414 -883371126 -1138395573 -966012415 -1623510476 77443406 956945553 -1687545848 674823935 -907601980 214846544 -245833865 764051030 101388425 926077886 -161568663 -2070436834 -1730954940 618660505 -1657735792 -700407992 1949258838 -1482840175 195494655 1576085898 
891091608 1609291225 -566053875 1489063821 593375508 -114011365 2031313476 -1589649383 784606367 -192359660 786096170 -1693670080 -764149341 1581550108 -1766921045 808583329 -453753606 -416400986 -1883432277 -108950945 -1568701826 -870211617 529768482 1061641510 2100957763 2115354134 178368109 -658278489 -138822857 2043145635 
365495189 -617406399 2031503551 2024332078 -1273834282 -720065441 1370865332 -2044431247 975595909 334761812 745861064 1530563303 -616343399 1119374742 -1141777073 551632092 -697034314 -397152020 1590909202 -1240497439 -1883732695 
-752039373 -1288358525 1255790342 1698995160 -255713219 270494286 1828135290 98637223 458357239 -1084064354 93925193 -666880061 -189184488 -1315380439 -1426670548 -1393303927 1724621022 -1934945963 -1820132151 -623057303 170100555 574637144 1539939391 -105929974 
-1120693328 38516551 1015726435 1958512587 -1704013739 1704713677 -1153982619 47587580 1038922155 -1338193234 -442862590 -601136925 -1388105417 1524513396 -930862426 226265222 -5709666 -259977523 -1425381885 511251624 621606862 -1313405329 846729057 
277557548 1895050276 1140543277 -1731385030 -2128243307 768416936 -111629832 -1631098250 134657519 -816385745 -973689990 -1926182181 605862968 -85856227 -310559554 97962833 -1443092463 -1428079380 214582821 1297583129 2054821756 347698162 343119255 
975191590 -1339350862 -1808741076 1900199310 -724942191 -1534142041 -476060456 1484771101 -1732549471 1925599428 54837826 -2118410645 -205098543 -1826325116 -652447820 -2045237340 1321851834 
31855935 1034934009 1494394689 1646893022 557134476 -1785860874 2143867148 -1781902276 1149625615 -2097424361 -1394696150 -2028184843 -23778868 -1409704970 -2016880019 -954988092 -450400439 240153623 -1449889602 1474242292 1531294682 842924885 914975979 754785991 -42676859 -1934726094 511933468 -631612226 -1066594716 
538691485 -1798695758 107812013 -2089032935 2136122248 248783487 173278845 1764508694 -1681488086 1459359640 1205751712 1952289277 -1575901655 2012365940 443367196 -1160938415 -1225776881 1727923808 1125106965 -1719037044 -708934044 17624813 1279851891 822384116 -880829470 
-1065688960 -2065068235 -1897780320 1055828249 1385598671 -444691449 809237840 -1687799102 594893973 -413815319 1633740457 1101846675 133068895 423206875 -1255673527 -1824198841 1204429564 185579002 -1223248794 -1024648106 -2002873608 413771972 -971366752 332613320 
196303118 732755215 -224305981 -1596735910 -1713998048 -559721657 -540071349 1916475473 -1902752923 -2040600892 762330934 -1558082683 604941337 -1256924524 1420903229 1943649116 1218857663 1513266123 

896687328 1029111591 2080218787 -449805610 -1161282865 1712943900 -148477740 -556892839 -200822138 1549812043 2034786154 2104383212 299009520 -1756036734 -1538016134 1827699024 -984608950 568120906 -929485762 -1698202823 1077947340 -503887844 692228935 2049915516 
1345369025 -548168785 839247395 751651857 -485862818 793305910 1194901103 -138457560 1621891864 -605651137 -1037959 -1099063563 832627917 1402847741 -582085509 440360657 526660343 1867953077 1305048109 1744241928 -462912412 1775576140 -832677526 -1899185127 -1033727599 
-982740636 -916140860 -1351723354 -1585251098 -530763406 -493505837 -1478324506 2088730170 756280102 1556119054 -905451881 1893457223 -1104341295 1327619830 449150473 33724438 784326820 1232180723 1601588275 498301094 1114030409 -1781384417 2088634817 
1918292764 -974682410 2048589762 -1384079950 958541591 -443341071 498137365 -878486543 -672437111 28163712 832228835 -1429053566 -1504848878 -274066318 1021220330 -92752877 -1197703622 17174592 -891886979 -1833504526 910941117 1247312049 1798987354 -1692445890 1648158237 

-1226263949 -279716635 362983060 -555125140 -214525393 -56486906 -2048977481 -1206169474 593969687 
-2046866448 1152068517 -2066483259 1977639034 282182075 -1882749198 1201448372 -1229646087 -1629985502 810661991 651937918 572620288 1580137500 774599179 1397078627 1668557207 -882912089 490788913 1967894764 1185417207 470313483 834230502 1422821688 2111405804 -1493578976 601848792 -2054290839 -1796292448 -1743480519 -1708001513 806909034 -444986775 -844373212 165412306 1603968610 -145629606 -231123013 -503340098 -232661955 533949802 585134115 655380155 -1746480154 -1904262009 283491002 120617328 -2142155014 -102707072 
354030247 828511061 97651225 1068851664 529109805 93621252 229751566 -11547600 2126572704 -578806084 -339195406 964814969 -806166325 1812134969 -2063983549 -1775923521 -546081928 1553943491 -1818933780 418541725 647805207 889695469 1467631958 -706246438 -326793724 -510037934 1990306025 -446074202 -784816790 293292286 1246191701 1100554666 -493433957 -2112922025 -2028669703 -309785626 -436407203 -506975166 -331269931 1679832267 -1788123941 -93288340 336932141 -1410991586 1904337994 819815081 1489715980 -287122117 -160435978 369797165 278875130 1047836747 1748466255 571659403 -866991289 1655723260 
-1382814662 -1098754049 967955219 -1478331764 1740526765 1769951770 1492925973 2068236402 1801662807 5731272 -1245467934 105660778 866975570 -1803290220 -1156425326 -1912060027 -829814249 -1537769755 1287740579 654721628 9211315 512580652 -435159190 -860838438 304905071 1478409690 1158314745 1667568397 1863689658 -1941058160 1683986620 -450978498 1035706112 -1039425793 1193918543 2126175137 -1862763282 233958043 220866865 -947785708 976407491 1195727222 1732310168 
