1897941058 1071474214 -2069983531 1768008177 1120469554 -1974761626 855939642 -1427027476 -129286985 1456584021 
1866763553 -789183382 -249537251 -1426717310 1842989341 -456988347 1780289090 -847933812 1450509033 -935052338 -503055650 
-574430243 -671229995 -923370118 57233862 -511339320 -1989151600 1041053063 -532902233 -1685927214 -1099560593 -140841613 1116943432 -11270988 -1769316913 -1652420340 -190248996 818878043 -58594534 1729165714 79053731 1766444801 1240850284 
1034522300 -1585478290 -1876375895 1094764143 2012679676 2140526285 -877149730 -117495968 -566551971 510227783 1264092503 1080765201 -1385903392 1825332616 1357510002 -2083717867 1412654266 2006251485 1428276474 -1899332817 -841460529 267740548 -1783705375 -286631324 



-828209099 -619339958 2090510661 -1772631230 -1686712461 2127275834 -221980245 -1792733076 -361250130 -1322350796 -1413775821 -517146216 -998067388 -1217031110 -337654041 -1182033987 575330326 1432331722 -755591093 -172926820 657047375 -1636175570 959987928 -1332534018 
90615256 1733331699 334234194 564948646 101454260 -216585574 -858299019 -290371456 127265623 -1275962130 763991911 -584578983 1428123008 -1510572948 1762674975 166840187 -1451962072 -1468860021 1680500812 -515058754 -657495849 -1015689569 -640024176 592660806 793313660 
433842528 545749916 -1432223597 1803403759 1342288403 -1493493920 1005939594 446828625 -311030557 1217079063 -514107358 1606666305 171558096 557411541 -1319050001 558163974 -682828779 -447111396 228501568 -1609054911 64566646 16794066 
2071255955 1780694483 -177529361 35704360 283868377 -558403718 1738396444 1764627331 -842842255 1868690205 -2018858284 -813629735 420349662 -486892106 -1884853926 83665355 1835357665 45098470 1697750660 -6251108 608729258 -1016150389 -989256568 607451017 1670625487 

-1754257499 435603909 -12771482 -1180966667 -1503739227 -1635280965 757179280 -1265967929 611702818 -941119077 675997924 727363964 1957139456 -105063885 2012277016 1770405822 -1520759951 9001639 1257662966 -1787862242 -990048903 -149072785 -1418134722 -1948471145 -2119391906 -852552638 
-233310748 -872362798 671083591 915812134 -7317022 -1501075183 -428730050 85979582 -1737691526 -1705108537 -406350253 -809452364 1567370717 43883990 1825702013 -498727561 -1675095270 89986483 1069634919 635691027 850835199 
445585641 1054111934 2118159544 514500905 -1080856236 201788436 -985798613 -263194070 -1356334653 1233572172 -2097950056 645444198 -1592337420 -242237006 -330270541 -1712708237 -2136568374 -234799572 -487575650 1236953538 -1079250156 182159028 1093211696 2146712676 -311528624 823223671 -548797925 -539189805 -1215315372 922536927 
2011150786 965009978 -1625117474 -276079711 -104997757 958535814 -800808627 1126282608 1556485157 943137379 -30412142 -75278304 -1288118504 -1556578523 -334688560 1224641785 -905929543 -601152436 1527943005 -185479099 539057152 304183447 -1677835026 -960761423 -1920704078 -1029893839 
-1679802933 511969721 1828210503 486786812 1171574014 659210843 699600832 633615101 -1008625805 362520640 1731069323 -1632328498 66365144 -1405138976 -1475417735 -1997809025 -633083789 314460122 -12275805 -1307779416 -885039110 -325711867 1791088047 -1745326032 -1943147009 2046298019 -2103867636 -228949944 1839859304 1711570269 116375873 
365604099 1707156306 821198565 -59784203 -528356616 1136442814 -256463923 -1223667992 -248341990 -1529704434 1724004749 -954806859 228566474 -1570351658 1067263905 -506986919 476396411 2003016783 934080384 -683318785 876437591 -976383349 -106181458 -2030288300 -1893368006 -282718775 -580263159 -1257980754 -1184076918 -2062910047 1655490332 572231927 -267141348 
311752252 -358642339 1724136207 659976997 -168760923 -58162878 -1244411083 -1110089375 996951015 1721688544 -865006871 320340935 592953322 69585960 1118903832 1963335972 1636380617 2090869081 162184809 -2013939120 461711126 792913554 -547422812 472241272 142427070 -670993367 -1485889338 -2109824860 -408221468 -1695895615 109419519 -755772513 1163839519 
-1253411317 114809675 1013824817 1889367379 1818690568 1937619117 2129328914 -1180746754 636895382 -1748843774 291260188 -265535603 1087562292 341076177 1926182546 1861436530 54929361 125825685 2123857812 1372267229 699274286 752465267 -75539843 932509630 -1835105939 1155467263 1646992526 
-797875874 -1626067874 -1011684527 276640056 -1788133215 -332339917 -936016756 -411886088 853214833 -2105970068 -676593752 48052806 836764400 -889983855 121172200 -1228518360 1117141487 118443322 -1463784582 -376382995 -1620117789 -1960018555 1573255085 -468955276 2105964545 389136695 -1785261712 -1237562427 1966557698 -1022831823 -34691604 -930067420 -1933093728 -1736350382 -1419122546 1376444742 -736466800 252760888 -1427470266 
1822621319 -1088873228 -1031152644 194275984 -567072025 204545827 1651265383 465678847 1709019997 -1606323967 -1776755767 -1220414160 941442094 1755435400 1765941558 -473096530 387438148 -905333233 1705377731 653691430 761073548 522294178 1370623384 
-1469684039 258155332 918872814 1231983025 1357664689 1609740767 -5646695 -1641364413 1012985006 -576927587 -1333276104 1277613299 1719575281 -1216144975 -936578377 2048832453 -215600057 241770232 1937558764 392345961 -1642193485 1618629224 -279717692 
1750695004 512716804 849987498 -1124266111 -384273630 -729386971 -968212361 1351480351 142060168 869713480 -1128188617 -866493697 -1512167882 -1389283449 -1439223639 1660841718 524514635 -2059845845 993327369 -847111303 

-305818356 524164990 1952751422 -1945112528 66543847 -685462854 -142514853 1088705860 871831626 155998384 554947170 -1380355341 313148929 1493868029 1211089549 -1219987875 -76647013 2080236821 -1203310369 1203602484 -899341503 -1288549201 
-176001111 595207236 -2055559329 -400626606 305773274 1651417425 -878308710 -333146617 -398001818 -1762166939 1893991573 1118572860 -949844937 12743157 38889525 -511015354 -90019908 -99918381 47798365 2117110167 -1897059231 113086565 -464280367 
-241588086 719819344 855483554 352774197 1849082966 -85831101 1484938298 -730479596 996645816 -1597285161 994239591 -294077347 1187329465 1970040503 1972130620 1730562289 -1916883754 -309901698 -724163258 -1624592503 1864474661 -1628640947 -85803012 
2100878873 -1253174735 -1346521087 -316253447 -798491745 1280624061 -1328308324 1179355807 -421649581 1548710329 1278274598 1044508034 1583120449 -47719509 1433001910 -339115551 -2024360285 385575210 -1130429534 1781100849 2037989641 -1097395858 2030311507 -839983088 -1071510080 

-1989686504 -1907013288 -1619714921 -2138129001 -722350774 -179617894 1892622177 1085049655 -861343823 172775430 -776660453 1052680676 1663268975 -1685053045 -1902561451 901624791 1515210196 685737157 -1288152740 -1163430473 -1898001907 257641331 203747551 975771626 -828211231 1668351398 -383587287 1315649344 -1381699761 380267846 721224671 1485028671 -1021389283 -1366453287 1711151079 1383333685 -68994629 -2121397343 1034926698 
-471840196 -600733386 -413079375 1915516065 1058545006 -1935574763 -1894151702 846252005 -338452307 -433327551 -947054623 -1393834188 -880829894 -1250294256 -1042894445 -11164805 -1773937337 -2032421140 45571386 1003390854 980264220 936798982 1781514770 
1521942847 -1211886506 -1705299557 -1990482212 1909940192 -1211178064 -844456641 -914273790 830524820 -1719742751 -889870985 213478445 1923122472 1680887227 -1926768099 -1798938655 -59050917 -101667820 1429737577 -940871338 -1187475102 1837009586 
-870138273 -904900276 1825928613 -67772207 847902526 1115463808 -174083792 1588710325 -920346236 1077758653 -411006904 -437501995 367455738 957087725 1728978195 -1572432102 1701072047 345909877 -300128336 1223397712 -1080825731 416384510 -1267819261 228999491 -1474423113 
511631328 -477564552 1716967704 770288940 -2095685383 1203174082 769743486 -1727592109 -591218460 -1855900123 1883765259 445532823 502397500 1544040086 -128115847 1020519862 -435750035 1927987498 -1885877565 79207961 -1881267273 1103102265 1951841811 604933439 
-1073936077 289710054 1887769292 -1034537405 -470530646 -689489787 -329366975 162783260 653203760 -1411488499 1966849569 858739012 -1125798647 -710613335 959113437 1951655418 983612272 -8210094 -1816215977 979490422 -1392442404 1705100839 -1049944663 699262210 -1174567909 1031684829 1391897426 -1815253274 -1042893889 1350933373 -596523069 -1979485679 1934076624 
732786818 1357295960 1951095997 -766621382 1425548123 1608751766 -1784979420 1387852634 -176468976 977939760 617302605 1715411034 1456460724 1120249073 1949234073 96955141 1830470930 572308569 -240142912 517856363 -1772579584 1787782059 -751069037 -41924042 1535447320 -1244711015 -654108319 1603352871 -1411641211 -383604467 
1433597265 -1230307723 84340101 -517299435 1533104497 -1761620826 -1076476670 751487678 -1698494761 -1834616163 929446098 321153238 -1263705854 -261581211 1535059036 -442132240 498130193 942679749 233502861 2065983334 -1964038977 1704535386 949280137 -1374167665 1073702538 1737467739 383041152 1149243758 -755892024 571626761 -1433450003 -701555482 1708963557 1774796678 -1392054090 
204212238 1132407443 -399614596 -1767396868 202602236 -334530558 -958818662 670444530 -1964630002 827127509 -1319508931 1935524927 -34960856 450818426 -1155366458 -81782994 
-1269168618 385712345 313655586 1936003488 2077123856 -189862225 -125928037 -40358129 1510106948 1573324927 127502639 -752623686 314137500 -460697860 -1683233165 -646751691 -1228346480 882836145 -1541983943 992852296 -1819648877 -568987791 -486354057 303860724 648440021 1694689509 -653332904 1298425999 
2072108698 1973781804 530999175 668708022 -1278880770 498613394 -458738096 -1113065853 -1109716212 -731043096 -1901816132 505006549 283882533 -1658997986 1098092498 -901706028 6450562 839459584 1135986442 288101614 254031043 2112359188 -417267789 -2089878954 -148150736 -1445613106 

328115923 -1750123954 -1694911022 711188392 2010746656 348355293 768115966 -674132142 2012607233 1656635854 -743050833 -1550402282 -2054299878 775312078 916861035 -1509653310 -1139769401 -275940433 -579870945 1524237147 1925970245 -1105536870 -345256363 413430422 
1536479994 607439871 -1528322117 1439206253 -1829899082 1751196720 595829621 -1267558948 1675210371 1622318257 -361512564 899273992 364094326 -1966271467 137175631 1342895796 -772826360 -462328048 -1887413968 71607564 -90588932 688739267 -138798058 
-1105165656 1564046185 1742376945 1348675314 -620582537 -1065386952 -824442495 -1143358938 -1008779784 -634098818 1891586479 -897190137 -1894788316 -965885485 1368598327 -1324134863 1005491577 1700945350 933454802 -316021125 -1833006743 1519462386 
1574895363 1607605601 466515318 -762838651 -349073215 -1186662506 574326747 1152975533 -377995378 -240826224 1317550347 1890685507 -1100628912 -2093204131 -1533355125 837662614 -200284310 -543873810 -51486129 263134632 1966428257 -1082346714 -485991858 -957371084 2111250912 816818883 -387701137 1476057475 

314630641 -1053512049 1496663603 1202847436 1028436824 -1573961147 -160986124 -230941063 -480760978 -1196458294 1801269109 -1306427775 1765442011 484208804 -631772586 -1344820419 1541099257 -1391055092 -1082364605 -489990932 -552820363 -309499286 741516881 -499080659 792883776 597058260 1351722800 -634096963 
149713760 1357199712 -985661763 1392189851 -1974025307 -1540220647 335860841 -2114711209 709459815 78918437 1827316323 -628941911 -1662676351 1387897305 848122195 1625513631 616159992 -1147382342 1329284125 1753830108 1996023648 1622304902 -416175687 -2047602216 1516045430 -2116366498 
-1615692544 1815622051 -941730243 858547621 272254623 -1853860250 237611025 1549376445 402335000 -277678666 1007105654 -1245209611 1597087928 757423960 -2049821232 -1385550333 -1221664629 1681950386 235612007 2053959845 -565451296 1920690555 1009270217 885774789 1135030117 399825916 -564681196 -210053199 
852466535 -1187208430 -1507160432 -757069737 -1768667451 2062163136 206994900 1281943404 -1655055524 95230515 1747354307 -1859283651 -1512769791 -212090934 -1693137941 589561232 974629405 -665461287 1536652811 -728367579 -1782030516 -1221197208 582295003 -1432034749 1817104899 
1885666434 1907204893 131998529 -636225938 1168862038 1865819066 -1920753435 -1311784398 -1438331421 1369927762 2137817956 -1852296075 1856107842 878207021 1032394569 1412117472 -2076434751 -1922697515 -782304919 -686999720 2110440456 -1381201645 998333742 -1899718837 -81163235 1776785266 1599742387 -1258168676 175483250 420787037 1221642827 -904125314 1638648547 -2070774773 1504995127 -919127047 
563274609 -1186828293 1653437816 2112503978 -1941359771 293120860 366895083 1754415676 -74143353 1962645267 -601948956 619060300 761795122 167780524 741008716 1109253677 874712035 
925896531 -307800981 1850829454 -2077596034 1721278382 1935196688 349638923 -2049722445 -349560482 -1867128193 -2103183891 293485106 1768503041 -1702889297 155055483 1616374108 1331950000 -1811461156 -1041248825 1593159882 320850340 -733728034 -1528538885 1272079698 -523540326 
1699973020 -606506298 53963226 374106994 -1066437112 460671616 -263756306 -813748126 778885134 -2109931210 -132483683 15876201 -2091537361 -168915686 -1000819630 1162775342 -1993258013 1088055434 113189217 -549941879 -995861453 -1509530753 -624955582 1166389955 1007719772 899912041 -2043211861 1298476739 562000110 -1594353363 37260243 
349257960 656964400 2122663374 -376574783 -896833732 2014183874 170932466 1875659682 1732410750 -935706505 851809051 -1572487824 546829020 1423458035 -879522749 2008247705 -1984033772 -2114322396 -1487807072 -1399338787 -509255292 -1265030245 911880180 1832585983 1533022090 561712055 -1902803868 
-1290992324 1304546043 1063654686 -323419295 -1637627182 849246682 -222648683 1035239573 390001882 1871758280 474809224 -506221559 -2077616122 -1187728720 327897605 37951166 1439976608 -512568145 2127398610 -1297068863 -1398085274 1629594741 -1704791893 -53174903 738861361 
2015158554 432814412 2015898605 -1734981191 1413665658 -1798508381 1711015551 -1654889981 46757468 -1243305498 1997432846 -1046337557 -1487517362 -679244393 2090298722 2015323222 1819119751 1127880259 -1056511946 1139732095 678244406 410072468 -1652496280 1075590907 -862211166 -517327877 -305677899 814780920 1478053960 -786636084 771689499 1988262602 1644059718 
-2138868285 -1849773936 1672306045 -69247162 -163390085 328078974 247534079 60064393 -148864532 -61506482 -723207791 1069019930 -1482969154 1826430981 -2145936535 1360653128 -1777604307 357412928 -1125086950 -1951806308 -1726721612 555234672 1274251999 -834332451 -1785942053 -437276086 -1749945821 163978421 486050898 -1546013601 23710917 
533026056 -188820911 2013614097 -31675415 1477600522 1691462176 -44218006 -1101017000 -735434737 -1130787388 970661973 -1884152536 153658884 -990090189 -1077022629 -281703820 2115978741 -259759520 63046742 -1484874852 1704501929 -2060015614 331972304 -1778226760 
1755663259 -656483056 818603462 1691021489 1465110801 245919512 1869816259 -1296600679 -650937933 -1105549698 -105447485 -1544319302 -2018631812 371775224 -592459614 2109246366 -1494598712 -1655946090 1716929769 -535300267 
2143123841 -1212019068 -328908028 113157467 -381544090 -648900098 -1228005375 -1701545433 170031908 1454739409 -1781071776 1913974376 -1545585278 1844994301 
461548171 -780687264 746808977 2072185693 1249511651 2122540842 -1602565996 -1263454503 -274995889 1113978809 -834391887 -676067041 2010798280 913842152 452413064 1557389391 1868655290 -1281532117 -1991931152 225292880 -1972666313 -1354645086 
2133608327 -747335124 283561720 1091261937 817133391 -687104130 1163821938 -2123548677 988905651 -113211889 985757461 -1213824026 1362399558 -1320892584 -321447025 899157774 -1838718901 -1359151912 298032734 1568582821 1290779271 949842056 1360678100 961174642 
2007005480 1938570541 2079665643 557092615 -1118576096 19364506 1116749176 262758409 -1575570798 144292396 1145366570 265029818 1938431234 -841813795 1471376515 1511351417 -2053735910 -716167228 2141998612 470429164 -940562026 -1294873449 927410531 84173242 
1401527900 -2001038699 -239135682 -1227801897 -400600574 -590376407 -898665488 1571568450 -456401594 1337181909 870429538 1949112227 2051637613 1828733051 -746325724 357400720 1165208856 -863732461 -811607094 -50249300 1006075044 407312152 1740149469 1060218616 -1623701952 -527183130 1373448809 -645167825 963764896 

-34062206 -1292559810 648930523 1784675472 1120589101 -1713734236 892072153 -631309380 2029479332 1047943342 1925031831 543164826 -812802285 1279868807 -1742356352 1197429560 -2076972725 -1408077556 1829084177 647528320 2037145959 1608992075 -1203143609 -1682760687 
-1446587304 2033882833 1783768776 1255508238 -1007830340 777840606 -306461656 -315463751 1513240752 -434902727 1122140962 -159302464 -1139504799 1364683043 -1924534349 1948396534 -142206946 -1908273651 -2129429907 816734460 1954775057 
-652631185 1711189243 61882794 -697620378 -1707316287 1832561695 -1570257748 627059372 385681483 -471278519 -1826623654 -178882716 -1320586778 1707415420 334288158 844608255 1268586483 -431597048 -823046588 812097084 -42426383 48943344 1153850746 -2090412568 94816099 730133761 -2003972891 1186169309 -1539954726 1569309607 -1814236333 -817375382 -477706447 1372268278 1648567217 469602538 257015665 1895379423 -1476700532 -1331183805 -1217424311 -822386489 1150766618 
1075944965 1133699269 -135747990 744897953 -1585110412 -1032709504 -278720168 20919339 -340776315 1261723047 1419498672 -1066109100 1113251566 -660425426 -561535220 121783302 1333768024 1809896777 219506860 1817216518 -1527272000 -981192882 -104608758 857000665 1261680177 2030780856 604191090 1213081300 
-1390017802 892561704 816238554 -1800199118 1560105809 347873541 528290587 -2021808906 -75156881 -1139976946 55040199 2097649919 -485118065 439242544 -555155268 -1050221324 1094052398 1405668257 -1023451511 1126521362 -1783297762 -1093342334 2039900898 706118136 1295818384 
-901822161 372799826 -115214732 1988685104 799345798 1071797665 1659270741 -1631896531 727552448 1682741398 -1214795291 1357518224 -1849949292 -1594448741 -1314087382 -916150943 620154149 -1164247264 1041960210 1280681633 1455275745 662076126 -1220986773 -2083811611 -1066145650 -263305548 1714186992 15372213 -964441060 -139867567 
827271017 -915468578 -1818662843 1250057905 1299272644 -202540728 2029526759 972655033 -276848358 346462698 -1227011401 -1497624254 725467705 1620418418 1010102387 -1529904209 -443257896 1456455834 1694986667 1038415675 2092491865 
-1214017331 -1941694977 -383068720 829504156 -10534350 622216204 1715291400 -1842992771 1317364522 1394040044 494634912 -40419703 347595990 -996039154 1458950898 -1893884385 1292409847 546612728 1654092048 1689536995 468229904 909524709 -731631199 -1631808700 
115158766 1808717830 -421916916 -571992768 1320464068 -1671230354 -670921962 1947833914 -1804937158 -1211716825 465636317 1151917971 1770447114 1735613663 -1146228176 780455212 -1397012040 -1488181983 1788385469 1114795720 758299800 1896799959 735351168 
1616865037 2021282613 618386469 -184016138 -1146601103 -1968912626 1849314814 679860019 1184089209 1414487745 -997106213 -158174584 -464112278 1357183361 -445501580 -1449731189 905472798 1058063748 1871256283 744149875 -860336910 537673815 333055707 
239918111 -483922590 -23839122 961232877 1086399394 -2001409300 1443875532 -776351089 1564440805 1888958792 -602037641 -115737624 -1733870729 -1867346301 -1534865405 -1815887989 2103803073 
502625495 934161794 -499280195 141629595 -1653396875 12059435 467418513 -42127560 186500464 397829924 -542704238 -418235127 199220243 -1446021823 1230929458 -1287447238 -1071209305 1223471531 -393980766 -1380307846 -923941923 313919206 -1105781776 2015938775 324512587 -1739958625 -593460607 -755900780 -519609786 
-1743411752 -1167118415 -1921154217 -1794100813 795931749 -1196936981 -667141605 295905191 212647133 -1467910520 -1103424417 -521614188 570085489 464380762 -1853101914 653403750 1353225403 1259618296 686336940 312052937 -931694003 679980480 -2044738504 -2100258051 1524947174 
1789993224 -1203372782 611268447 -1676200592 -958404900 -359096094 -446551604 1429415643 676692288 -1246753438 744034940 -465141342 689145861 475677838 1929631630 -1358188136 -764090041 -1938659017 1138342303 -1380125952 1161277425 -1232531510 -25302839 1414133435 
910695866 -914993627 1717867202 817877726 -1595927822 1362557049 -778053461 -2015986330 -324918775 -1627275652 -1192086690 43767131 1753325305 -1148079327 -1984983534 1012955735 247860373 -1200038130 

2094366820 748095360 1284077934 170095558 542554521 663299932 351702028 -162313445 1729873069 -1998738203 126096263 578370812 -453496814 908203616 1572488487 -1095270995 889276149 -1809099011 -1041432761 -2051014844 -40463804 2053221267 34480219 -345107321 
491069046 959627041 -1048426428 -64304052 28790868 657390267 671107202 35630989 761625733 -117047695 -214601393 1798586151 1693127122 -1377373730 -93519467 1343104522 -1190201812 973183033 -401402957 -1861437814 -1310318865 -1640138039 -908576872 -1229162874 -1052215854 
1962671041 -826517093 -1748512084 173186144 2048649774 -1617094781 1932935923 -1608109509 1857772961 -867456628 1931151450 -87649746 1235155126 -1175569037 -303445087 1426939810 -1443602021 -658605689 -1010895550 1971827217 1570150855 -60822386 -1387950717 
-2066587175 -1001166151 -331440812 -1949951393 -1308161531 1495856238 1576450913 -645118195 -1606645307 2136094131 -605763354 1467658990 -1036097578 1299921418 -1024154152 1552997031 -1430793862 -874778499 -1110542198 -1634393464 -363235013 1820464372 2111703013 -1941146676 -901778175 

1308789252 228666121 165543458 710230637 -1705295775 -395206757 2072016200 550376752 1950719074 
332711471 -108219698 -193027816 -288140700 579602800 2144777365 1859343252 1814999219 1130325288 552977861 -1090838121 184050188 171072567 959552547 -1517670422 -196884728 1520213943 1280925232 -104496234 14481362 -314815735 1780384516 -550989302 1234316120 361348800 1843774784 -171439185 1844166444 1247365357 1033637297 708639571 894730966 682732328 -549571058 1962845733 1383046105 879334240 715540786 885005520 -1921729116 224520655 1561925819 -288701783 590395433 -1872389544 -2110025470 715487943 1357698273 
-519899998 -1563988594 249779974 -1941345754 1934484222 -657804675 183829705 -414684759 984474561 -1279868929 -1735784177 1586784711 1524436907 -398609858 1303841942 -255298593 1666813779 -784279998 -1561260476 727121308 -654955807 1007837753 -197293902 -2098475798 -835149431 -749078512 385476252 604522464 -1895194118 -181199991 76799614 -1554110962 136545353 451969068 1907933146 -296194028 65671660 931232436 2057890 1368375587 -1775827482 -1659941104 308608333 1054433685 -204754927 1598373090 482024306 1970770310 1687333817 -1776984592 -979235352 921351954 929558101 -252633836 -422060151 -1740514461 
2032169116 1284806149 -750136092 -1261724338 1149201032 1374668860 2053860254 1642957148 -1810928391 -341213409 -1893544603 -17550783 -1758176405 -1117060601 -1346871194 1964645901 1296826173 -455218740 1345077108 1981310236 150399557 -1807841907 1882787307 1753740766 67072861 2045313783 -1117121171 1131821510 922634760 461978741 -415845019 1275937745 -1474244173 115217249 -1839558663 1263668357 -1618486901 -108102804 1759001951 1560398359 -18822776 1704758958 1484766907 
