-1813949627 -1629132928 -926931361 -10403482 -1101706454 -1662656716 105790367 -1947620556 -1104309010 2007924549 
1049247101 -844848122 1932144456 1809512400 2038757176 -1495862912 103499184 785520372 1698670700 1333785357 -1320187099 
-20159281 813590181 -817416192 183805487 -1561959084 -1099943248 1552749375 -1313076077 2029132277 744803548 1306056858 1015151617 1851266168 -2143623006 115312538 -1335781088 -712433519 783026627 2131778435 984869962 -1484240045 676661797 
71080209 732792435 841774799 -207812280 1003100191 -99001347 354887339 2090761881 523287621 -1611874699 -220238496 725620630 2021995777 -1269622644 1677996670 922121605 -523569588 9900026 -1499244312 1467502543 1324529460 -1003042515 -1731209557 -566072083 



856284167 -1346203422 -726501720 -27110150 -395152009 -1340893950 226898611 -623326911 -213717913 -1170075935 62522405 -1337470337 728202338 -826649427 -947960800 -1463687338 1259262480 -1389404990 1571687601 951727893 -1601257118 640374083 -665033872 645976590 
763668700 1877279175 1276124244 -223983576 -1061074984 1561044489 -917573232 1666621399 -2050117941 732420328 1237548013 -1619834956 -1093923199 -633074632 -982470994 -63888885 2069634705 1887668758 -255279508 1367231433 -330808479 2020298003 1428726007 179861704 -1353797097 
1964737465 -75862082 -226115851 194820556 -2065808041 30837961 -433330515 2110461197 -2056097271 -1977270578 -1361781752 1016299468 480742762 641601967 2046899348 492362695 1927969578 2132114026 373497161 -1272115127 1536713780 -2056458238 
-1032316128 -309871588 503301118 745789871 341314664 463196420 1010143862 -15412557 328445099 1701451940 8369121 -527737657 -114908248 1167100720 2035920322 -577499528 724274530 -642849524 -180433908 374520333 -1397652145 -465333551 1018075534 -953800630 -1291340989 

-1050432938 1485759008 827543324 -823519933 232986271 -413049120 1358371613 -1002965333 933904524 49822685 -1253662239 -157477064 -1471041654 -860835570 -1877822771 823757847 938108874 -1913207738 -620349572 2044589747 1214145130 1211746472 -915784684 -675487616 2034947956 -927055205 
1034271810 717442858 -1411321641 874783782 -1888847778 43868630 -579147357 1095167221 466830091 998665884 -1184671992 1703891501 819732743 -371381213 504831887 1277459823 1389786246 223870639 -616328732 2145664580 1510504084 
-1149828837 -1020118754 65666561 -909581712 91988224 -1619582963 569089811 777790189 756573611 1959627325 1327237925 2095205282 -1535324406 -1067828838 701270815 -301816584 2123714138 1749666166 435404151 -1175360614 59664634 506779103 -1890297734 1882441305 2657349 35307438 -1754015936 1750905305 -1939350292 -1134590766 
506064663 1479383375 -1544437366 -1018700113 -1953299434 1749285098 942720169 -2009965424 734966529 -267079370 -563896226 1099150281 1450982117 765310947 -498196165 -1960362796 1066366166 37000962 496251714 937685237 -1222120937 -1117170236 1143102185 752495524 -2067393750 -564490011 
1805722113 -1249612468 30379004 475064884 -15581177 1423024982 -904945485 -163248434 1687828207 245296754 -721558446 257198591 -1302244879 -1892134143 -1034461940 559983253 -2069649856 2078397146 775799412 -933740079 2058807253 -755832187 920221758 -1521576910 -146624282 1125090374 497650113 -1179645258 1633586152 716953211 -612380283 
-1779699544 2097563758 -617582568 1037882395 1426241837 831871639 1311659906 -2126940338 -53027556 -1325560998 -1109231330 -2079649964 -350337863 -495555007 720109954 1949327516 2108203079 -206664747 2123267466 -230914860 999772426 1146633718 2034603853 -302085151 -647941336 -2055266751 1334774684 871623412 -2075236602 -391295170 -1156460279 -1505461740 -927191284 
-423520462 1418863712 868132870 171164379 1270465267 1855728643 -1237092221 577413077 1742193769 12524366 1181832507 635787284 531634878 -757785985 912086850 661322438 -266479276 1181488640 -1626136043 -671129529 956742884 1429117117 916167360 486107150 1720682457 -1922327122 1555684224 -902131546 68742202 -1530003733 -174017872 282217144 -749154097 
1010673116 -1445463523 1806814080 -1671125367 1912464968 -2086398830 -1044305193 1170575198 531420204 314568313 -2014792831 -1778945513 336203255 1365005241 733345558 -968864722 597889831 1868388640 1366160831 1239193369 -1427201710 -2064067470 601518763 542359770 -1623281679 2053605042 1513260550 
-23215716 -712653171 1368176566 -966639963 484451598 -311288390 1988996827 1559274348 -1775658941 -1071875364 -141710455 890156475 -654941666 716770164 274756483 205239858 -2102355101 580505879 -2025308720 1252104368 1108071799 -1213471048 33137055 1427351411 -1538558724 -1063161239 -127178005 1958211016 1685553469 -1887688792 -609980801 -1542086085 1501312649 559700712 -1408349407 -624514732 627832072 -1734106229 -1157078837 
-979094956 2094851669 2144415688 -120529774 1446291307 903781142 -716130627 -1466370741 -358591675 1116514600 1744196895 -218468909 -2067148573 -2012231756 -1067921666 -917806378 881732828 -399604159 266872950 1018680944 1810869656 1436819521 851208522 
-1865052903 -314637126 -225795059 1072477109 1289423563 -1199884876 -796730118 -452633520 -1493779622 928676065 1143284413 -2026945894 1153326409 -1543777681 -320262482 -16111931 1083030494 -1772019629 -1336163331 -1906442728 539819037 -305639249 1332123767 
803219171 1132262625 637685734 -824411173 -1802309793 -999056139 591655400 1303562876 1996902517 -1432406635 -1176557457 -1148753280 -2043454390 905583888 -1474941567 495960720 521352135 1162820751 1746240086 520986290 

-1464964772 101256514 -1941015644 -1054218282 1768896071 474194902 841697812 1423906136 -1991897728 -593715184 1135520282 -56088694 300292257 2076276317 -1724523723 -1019635598 -1203029875 -597202500 -1097508479 -1528927544 538522692 -513336430 
-346661275 -2106917862 -579298472 -2124008459 977456208 -481040088 1948006096 -770557742 31817650 1083705095 -581672488 -2069369792 1534196934 -1609610319 449258319 -358493703 -118977887 -409292224 449075259 1110101497 -880789647 500918810 -1115230263 
1419184020 564777052 -355890177 1530770414 401680287 -1650670309 -101338712 1891023356 634809710 328092544 1253685753 2000323400 934269176 918231076 744008396 -1161021053 420220253 1199736942 1296996324 -874566128 1857564475 1346448358 1511309866 
-304040450 2054413780 463020773 -1599607643 1442419370 2046779472 -223598647 -949430775 -731858397 453546878 1974743135 532781705 2042901611 -1771720279 -224042304 2072843225 1089282566 -1705271903 2102679980 -1210701925 -1105807189 530515948 -1874722136 -1268658392 1219899776 

1570165101 233244852 -36303260 753857452 979307159 1432763863 -1670097245 -824444307 409706693 -1808925534 -611919587 -1636105833 -1196746961 898074087 1376510003 -1902271813 -487585422 43647179 1545243239 -284181324 -1586283740 1044827067 -1305427961 23142064 1974243502 1773368540 139633826 62173197 114655693 -576901793 115296220 1423827806 1264361806 -1964417909 1920973110 -1942999960 548146593 -543913709 -1411851071 
620015677 371431213 1835172790 -1963935678 -1531141483 -213310904 -892919238 -104495926 -738347404 741876070 -1784054403 362980054 -724397204 612566703 807329358 1268172363 731362493 1313382148 38670093 574862416 1806666858 57713127 -678488532 
-1101053771 1732388677 1880712186 2027282603 -1210357787 -427468280 830123131 1891824284 1611659642 -380902733 -98542302 -6895150 -39201651 -545571415 -845049998 -1812345623 -573717290 -1579097278 1360954964 -1705782610 185578796 -1428355 
2098946824 1821099749 1724960804 -1623163578 1325032586 -2135410399 814863755 -1820323863 782984190 1540433421 1694523267 1432789482 -1101203112 252263545 -62301907 -1523490011 5549158 1080399320 -524545747 -357425972 -657250526 -1565954925 1951618783 36054123 1095420879 
-754851065 -511307419 1045508126 1031124011 1833395351 34666662 436811899 608303102 -1218049848 -511804062 1820292020 -732300723 181513179 1363901422 2003220892 1484811240 1963817576 1977828235 1272845995 -1723002871 1334440973 -158570382 1979794612 1783882583 
-2002264309 -1559868949 -1099868452 1453026729 1423021764 138249212 -263617734 2110528087 613408031 -294972720 -1207136454 -286844432 1149865549 -161389097 -664695940 -1327671401 62559156 637466412 -1959323357 -212933434 -1004561241 -721995261 341171270 877395627 -405196959 -6483278 1691623044 -379102153 698529847 -44304937 -2139742016 -184265852 -123302823 
676366658 -568918118 -758574706 -696709533 1664726344 -1376243878 -2118166383 1067175918 386316317 864994918 1043666808 747683864 970536151 -816957519 -1290315631 -393966893 -89958199 -11381842 1754392352 -1809397642 -1897554950 1188776661 2121137805 -995229792 1739131297 1268208864 -1169994266 -243506075 1341504489 2012183671 
1179001048 -878067565 -35158879 1916662303 1000240927 -1156175394 -932440018 -852120024 -319618017 -102777008 451027774 -2061782697 1904005081 -1705073515 92294769 1660778865 -390136798 -93881468 -773816671 -368147453 1898922553 566601807 -1232920467 1728755790 -1695807980 2128911809 -824524444 1831026877 -514571514 -1397247826 263205054 181723294 892310269 90109537 2108991030 
1247323750 189937323 -284827226 -300017156 -664781774 -1953748641 290552030 -881339473 -1748426856 393764657 312065988 -73397706 1427820588 1252674202 -1972817584 461432308 
138769224 201893242 -2087832173 -643145122 560430923 756234486 145654957 -1764748131 900360472 766223678 -1274568285 1787572862 784349140 -202434767 1393744393 -806346120 -2122658030 -300847942 845523309 680524663 966444948 438871147 983349692 -769295460 562606662 -1413430252 1705497158 450191781 
1870195300 1930989635 1236002361 383185111 498564488 609683002 622847250 1609956748 214862536 672826763 1947206238 -2006774027 -618643809 -1598389096 701181745 1992765309 -911774375 -760401416 300649251 -1378679213 1344515052 -1862170179 149791237 1707809759 523692667 -1023358595 

-191041841 1461591144 607269579 -2079335742 13088733 -1574786955 -876893137 -585880586 1378358560 -1511079693 -850050025 623695188 1635900887 521303297 2103492018 -658226518 -1730521727 454823871 885206374 806617368 -978883362 1064107491 939968069 460235133 
-98403982 1699282390 -1962408851 440563658 -1630900602 2054408975 -585167621 -737564065 -1596496683 157016643 -1148371093 -2038270033 -735369134 1711396338 939662634 2094307359 342264031 -1581239380 1586103313 1979180809 1383915432 -2146408407 342648758 
1744876919 1067798890 1571014097 531007288 -1875963265 1965129537 -2115367990 806008105 -2030684780 -281123752 -1650294124 1323035457 -906989912 578241734 1067152279 1262496803 773260313 1626684141 127037025 -1201974601 685389398 1309752358 
376851785 948994312 824215623 -1439009023 794880130 -276472027 1610833246 1425348795 -1246325363 -1923627998 1452243001 1372186519 -13303361 -264464114 -2010607049 1362664086 -1667408373 -2118527042 -895030826 1968002513 1564930656 1495078065 1143345019 328728545 26375412 -1594618896 -318956734 960330939 

706767049 -2006838622 952080968 -354425120 -165740466 645556627 -1917859141 242963012 -1774824390 -1803196849 -587604247 -1035697042 -2083291935 1200267282 1906446564 -1906598016 -99682234 1893777293 1317357074 1761617725 778722816 874445646 -1083840977 1260301145 -798599566 -1914929320 67001566 114491606 
-1078315843 1298868179 -927799118 -133242520 771879671 -344654403 -318494285 -633455437 -2109179096 -347311553 2123187705 -1178665185 388470092 -467622247 -832089811 1586786359 395303409 223906327 -1065515657 1143140991 1592206509 -312404274 1861467044 -516329421 -414514642 2138259383 
-1585685978 -1451412905 1353411782 713599703 2006370319 1588281697 -1118366865 1293325936 -1351348209 1650070241 1086479594 -176198062 -1075565040 959346309 -1946241604 -642345299 1148785072 605257982 1154456702 1888495418 507193585 -63440765 1891655412 -1746216992 -350458919 -1869138400 -1050993732 -880225614 
-1190230014 -387054008 165797176 608687008 -377896222 -1486291781 770559858 632791661 1158752467 2035959923 -480078218 2081570306 417518883 622560049 1835934712 -577842452 -1840719816 1629999934 1109335164 590729684 1246391039 -1413911854 1554982113 -1376170116 1212815361 
-737826006 -600330393 1344952769 -1714345429 -1546093016 -983373474 816455018 -1205987049 50944397 504092317 -1615844952 1041604926 1129403970 -1209807996 1005639092 949332018 -743816434 1935481578 1703848428 -1842738372 198540902 1787113550 433885532 -1744153989 -869227973 -1402290508 1790870297 1397864092 1625129222 559849367 -977796750 -858763894 313635064 -15172882 -861284621 1307032520 
-1985365578 1304607210 875034803 869973119 619911784 1416789134 -1133775512 -15621595 -1857093381 148147047 695668610 1532291108 -1596987447 -1960827188 272311670 52383392 -66449190 
1223468838 1222112406 -1926129173 234380045 395847372 -194629901 -2101713898 911402798 -1245686603 -693588438 200492763 455592587 -215509956 -1936744517 860335164 -143999077 -880994806 520125002 976130774 707331101 454941441 17891207 -384063780 -1906438193 290056641 
-1861046298 -1282813122 1464100902 -105897246 1202688593 744796958 901066794 -2082420565 1731211056 -1271230414 1643213786 -228238418 -233998933 -1142089090 390926308 -114150535 577899433 172225521 -35303319 -199386476 1870643873 1796619084 -1626207508 776253830 945200236 838323883 483970949 1661370971 2067092143 1387235347 412603652 
1690470347 266042704 763092991 -1298157455 -452025353 -489243578 -561306310 1489415703 -236498420 -757168537 492174871 1315666634 -1683361572 1829391317 -604916276 1645851645 -457173357 -1479579046 -1639927123 -1521280251 502885871 1787172428 1331187849 -2027475632 -168911098 -1627634731 1992970668 
-746958780 380079411 1738100610 -2114353349 -1939012964 1197718942 -33377260 763408616 -1435353599 -1056168054 -2024283197 1781790775 -1348725551 381757987 -1691345637 -1230270932 -592632356 -1586954635 1288820012 1271993461 1205535287 1767208376 -1445298010 -2032718906 924825034 
-1135496094 -100665140 798258080 -407092626 -454813457 -1342413120 -38665648 1667864269 1099988368 928074031 -1682455458 -2032162485 2091631314 1553793730 1258195532 -568395184 387588809 1778464251 -919379845 1048235066 1448897247 -1647309302 -1516513949 -435284239 -253554159 -90027044 1811367473 -1857983930 1324325966 -1537900855 -353990761 714678700 -1431878694 
-796478277 108318251 208177093 -745226917 2049232243 -2097892011 -394230077 1761045066 1911552021 -1424185015 1287461392 1461946783 1886165279 -1267862312 -172647306 -1625475153 -1942921570 11669924 403316219 -2000251930 -254710921 1761753804 -166648328 2007517622 573393945 1486193785 1212527717 -1798333773 754248480 -1044305593 -1811477135 
1169615246 1121522859 -1469503994 -1153317676 619204137 -1097840670 -1059851608 565267713 -1790244486 -189775007 1118883555 1456999215 -1995391079 -1985278369 -1134833388 2009871081 691984940 -163452715 1011838004 1993149182 1864259348 431571760 1148660406 1098791435 
-1247131282 255949241 -2029771206 -958209213 -760458293 1101657056 -1532032240 621060782 1842052751 -255479292 -347539981 -1596536855 1538318890 -30371934 793730539 1654653144 -1933282110 245313542 909430149 -2092794738 
908579436 2027120099 258705244 -1806066315 -658522736 1861291883 574844854 463246239 -1987733049 -1853322248 1955716608 847004637 -1068616948 678744559 
-1138449889 -1429176471 451170357 -2081679883 -1989185998 1641724009 437239820 722786555 1190478648 1093211024 1360848192 341336574 -857319958 1513946876 -1090959593 -104459899 -310151444 1804057240 -969012326 812392229 324579352 1687098226 
801728296 801873849 -528435145 1898015043 -837572418 365311995 -1406505411 162223802 914272999 114192269 -607933550 775695295 -575668529 -519881874 -440732665 -1948669248 -52387493 -1770878249 1861937092 -307812758 -1943476277 -565878257 1884956987 777944849 
1634577974 827609564 -797721735 1608942817 -117741671 332476620 -285634598 531797456 1816162224 379008654 1926673799 -196208773 -1060700110 1183388080 1520163041 339641845 -1514280460 -1435461072 284883336 1703154673 1297310669 659680237 -1144673451 -1061982642 
-1189154431 -1957135265 1697913392 1076241251 974240410 1873425376 594551076 1817901373 1025923515 617197311 1270531179 -2020948676 -1165193055 1929252724 -1153401143 -990343586 -1248430217 -742645603 -1575799765 1641612824 1819765027 293736298 990257017 -149554232 -533227690 1279454402 -812417286 -504324205 -1018135749 

144639127 264309592 -824866960 679579699 -1292368883 -2056584676 -1696847996 1204201462 1412979470 112416523 1319297397 -1388677094 -937427813 -288509288 -1513631557 961883024 -1286110872 1564373517 -1168238827 -1684268217 -1783667690 1009046344 683041744 -1127752241 
1778768738 -1399851654 -1898375548 -1009590376 1285297683 778516414 963539627 -1499928641 157272926 1180561292 1052967804 854027819 1629766977 167455484 760874870 475722707 1579835463 1043771594 -681913282 1315294051 -2131405736 
583269175 72504118 -1130269929 -1518997523 -1994081878 -528297301 1716720911 -1319326626 87872409 -1584248400 -1189565914 -837334052 1403587178 -451928964 -230391952 -1091827198 449013556 -213337945 1388318205 -587061902 -330401046 292465807 -1230413702 725353235 -1988889217 -24806259 1954046500 -2117221340 1733766103 1073045860 -543522719 -256506158 -96919809 41569228 -1135052737 -2014374585 1850146295 -1685912207 -1228929755 -946840943 -504297232 -1958049763 544828995 
410062732 -2075391657 -1170309378 -98522499 308671913 -456502246 1508037769 -2144528108 -1355402322 1724405879 -1282103184 32271511 1007931151 -314952456 2073233973 -556738490 1041029700 394102014 1036865808 -745314960 465996549 -1708214591 -916127392 -1179773584 924850795 -1944240307 1355900948 -121859938 
-413033483 -1168244998 1281943076 -426055252 529513625 -180331940 620544236 1894595797 1470765971 -1529512524 -1317900567 -1387458133 -633812999 218534240 -1508577352 1559456192 -455095989 1630177390 201335701 1502648786 301538272 -471832953 -1681953950 325428354 1840094835 
-1141992390 -1522067248 1490343588 167234613 809890453 -636391037 633959053 765210872 -1773616759 2040323096 297878615 -1581518426 1012686998 -971864095 2117296036 -1552931562 -103316723 1404670576 147104368 -1977815272 717980924 1531760502 628185580 -350358430 -1136970581 713877014 -1865411745 2136265883 1917214091 -1463512762 
1913849925 440278619 -940793015 -2086761045 1001396085 -608163246 495452286 1827733511 1491102651 1630184007 1916876077 557171777 2041957669 -32224189 -1815650786 294673001 1469177395 238072501 -1598151094 817935110 1554141782 
-854175987 1810038242 -915322636 -86295344 327144104 -501352018 -2093590236 1040584639 438125847 315085741 -74730361 1360785211 1539384648 162070983 376218944 495318215 -1024924172 -606821196 2013443714 -1287246356 209725822 1304668591 1537003670 -407297605 
982990746 1748724460 753539524 768543965 -791686319 1691632602 881883284 2056278254 -1866271494 816060878 837353730 2075786500 1775553378 -1646108348 -1775213299 679050539 622110793 1653682631 185848677 -166652310 236977691 2089935963 477099199 
-1347332953 -187633350 826895423 -191393080 308046290 -1811763345 -228900217 -1597044169 393554649 -684901971 810000446 -502231758 183153782 -28925034 -383522597 300675928 -1459179111 209020312 1265862602 -1650059031 335326360 -973874857 1972868256 
1608489533 1186177722 994850643 2007281196 474356040 287688854 655239874 -1310352957 1314814426 -1219240812 1452333446 1144153976 -1382456270 376699360 -915092726 -205279131 1658276798 
418323727 -307053380 210885581 663456790 556805203 1515030300 -891795051 -234196897 -1854066168 410946325 -1488643469 -1904196717 1548371841 228966295 -152155440 -2049728783 -2131615941 -2035411867 362568139 76526518 -188615526 -1959561934 1335142882 1897887964 -335022420 985957512 -435423567 -77308552 -90269672 
2086656916 1762347659 1833449021 -1820767172 520228564 -1323762555 -1114367475 189287843 -855245801 -1667254408 -1991134792 798845439 -227023023 1461603203 1703858518 -1974217435 -1282486167 -52757731 -2000639987 -1801934696 59198259 1802256975 1098635954 -32251962 -1068127442 
-1474052523 218470265 395496445 -866820274 -2021334444 1956729976 -1115613202 -2021793646 -558557823 -1984544218 1772450228 -855798940 393651060 1613649006 2102095850 -207301849 990744885 286241837 1098163270 -292729544 -1902653896 -24990831 1915118608 -216445201 
1849144470 2071590293 -1734121825 1360133954 -635153181 -447876598 -1365090046 -58524144 -343044410 1242083161 -157917520 -1505480204 1434479427 337626112 455422880 -618423370 31104294 -382608560 

1043760838 563706814 2049014670 239289893 -422352007 1310460586 -100890123 -1506490074 -1197086335 -1782120344 56605829 18326 -1736636914 1230962277 -177857167 -1091865311 -1558670449 -1895885635 1152535542 -660902603 -153160148 305901693 1898255501 1895827362 
1514361882 410212386 -15197697 1404019751 -674508231 78280927 -2075252366 -759099271 1511175641 1659245150 414120144 -440717811 -2045920904 -1983592859 720392352 -1928483263 -1399054027 -1319902912 935042281 1626975753 -703408196 -1424793335 821137107 1125383770 259710865 
-939485786 1755572121 -253380702 834103693 -1180934529 -1703455737 -1847838148 185282189 -1720672911 -1533156795 -1141143067 -608252634 -1294295657 -1178816047 383382571 1932886187 337217483 1159038701 345462329 1808611234 1762224043 2088227892 -637710222 
1304158872 -1026349676 772431687 -1559724976 200596114 -143800333 -583989362 -855691100 -432334483 1767067679 -1075272827 1546939797 1361591626 -1232620072 -819099988 -824099278 -330161342 -448848614 1872636179 1768073166 -1608321791 -1219177631 1842330317 -941867039 -727601042 

1671033103 971919524 1594629182 -258195217 -938508500 -1299250281 -13168712 1502974950 1771988854 
88492805 1103619683 1758743656 672339353 1994987880 -1044406836 -450204859 1195984318 1804863736 -508610816 -1144110089 1540398216 300873958 -857717340 -517913205 1226932913 1407299385 97691640 1825187832 83669128 1934586216 -1215584448 1733509051 1711762750 968333713 -1164251221 449766461 1046597791 939596245 -1082616724 -1877521639 890493345 -24699727 -684804973 -1084737626 -1107299448 -689038897 -160926464 -1460912298 -1361896860 -1482724286 2000144575 1534657291 -345752017 -1371324444 -932062128 -237482256 -1671167761 
2037350516 -1214124483 -419084736 727874903 1816440554 965317650 473001738 -1639580357 1997956105 2116837138 1972665901 -577081969 147482082 96720612 -1447100176 1675629479 1803803637 1961441484 1836039045 -344801502 1187374730 84403345 2003316625 67809862 1202456864 -1409020475 1555853388 1400105970 2138299580 -802166208 853526950 1713770603 -812694368 -2056694034 1903573484 -819127490 1260053786 -1429251950 922798345 1384618838 1176016992 -1490423755 -653652316 -1928564267 1970946880 572072357 1322012770 273160843 102041853 -1296862223 1420039729 -86671981 -1907752029 -1499407543 725363380 1841086393 
-1127937719 1748484921 528677224 -929087498 1349425152 -1544570627 -329577244 -1339764934 1221252819 -1361161371 -589171743 -1618722666 214050863 1042813736 -95081955 777407463 376903866 -1281856632 -1555297831 -2106701577 1066753807 -349099526 -1888307159 1232302922 817267405 -239936786 1667916712 1923607839 2051648743 -1843054693 -1070700262 234022580 606171766 -2122382244 -660624219 -1122116651 -727225523 -1191455344 -2099632149 109354269 1072726162 2058158875 -368942888 
