359451861 1648475689 170110792 -1175960443 -1350732948 704771827 831692248 -577516549 -1901254678 1110412489 
260636723 119690114 -1755348829 1686645543 -1240226854 -640181325 -232277059 1037219044 -1255318821 275904610 1996836689 
1299325939 -1437665576 37432437 2021763151 546706174 -2137881608 -1749212233 465754356 962341770 738026781 1806480718 -1997806636 650558103 -1090498492 -69480302 -1788078397 -122756586 -278844495 -1608768542 342517876 974131870 1841714360 
-752729477 948611922 259432730 -213412097 -520583895 -1440893418 -1908858480 418753846 -2002754337 1839682751 515437539 276551953 -1603808757 -54536857 -143886173 823519843 2138075010 385325778 -483291151 726541619 1345537647 -1513621983 1922371686 647379375 



-1867572707 1845718054 10573644 1074757239 -895380200 1323685961 530177498 -268624456 -235465297 454224074 -870765563 -39460414 649713555 247939853 1552029152 2115550002 -1283895408 -260563856 1793750127 597263542 -1096239686 -1302745591 -942890032 129106909 
235756016 604306416 -416843932 1664988485 -1941862134 -537281675 -1350295032 75748291 -1429036624 423697557 1306364584 366438939 -992578964 2118328431 -640048890 628704940 -415438877 -818940661 -2039265701 -1276937035 -891290838 -1938662963 -1555017113 -1770776812 -643415978 
-860187451 1439957220 -1679956046 556778886 -1500879672 633611515 1545465424 -2084539821 -150065560 -346828896 1630358316 145153601 -1011825268 2060769166 -1366946985 830434014 360825251 1752470071 -1911317772 -693435306 1500600592 864044830 
-947021070 2086078090 -422253123 267891540 2110153546 -539773291 -220422573 -839560004 -1167818795 -874095694 -1814457270 736412312 -1240423468 126479476 1991336241 1240035953 -1885824349 1986676994 -69543816 1165009700 -232764696 -1567368964 -872067823 -84187699 259664673 

-728685320 -816638001 -51504446 -496941975 1606896087 1226624212 1609333033 1523965457 -1249260115 -1379754258 -1422758013 2139611051 1465649668 1550152850 347783720 -1337447468 -1586997521 -2084958462 -115900255 -1322445850 915989737 734288137 -320465717 -2102720638 1094285949 912870896 
-989440243 -224508467 -1160479958 2057991556 -496392385 1398789055 358611245 1111861444 28477849 -1832765738 1409624887 60881992 -852168087 -1720153181 1544859363 1385771151 -1267564531 641085432 -732402824 -1774187625 -970130900 
1560332563 -1423678293 846819 -589511342 -989584177 -2020788912 -1228851418 -1342150383 334094152 1229242919 -729793503 -627750446 -1214987030 -368436909 815791659 -1621570720 -1134877343 -996488328 1790919108 -646643880 1220474472 2095734166 167429181 -1020110595 644427526 -1655952065 15367728 -411802543 -1927886005 -512062560 
-1985649684 -43737194 -579513709 473325533 480322584 -1694193634 299785588 2078291283 -1910496683 -1834623071 666359565 -1759185781 -264182213 -1681898182 -1875268202 1508202005 1206158225 949193886 548829451 1965092108 147622967 -224576278 -209149324 2252068 -2051392263 1334396640 
162144090 1051972634 1816901496 -1039430502 1007182137 218134318 637940820 1162922633 -1995164812 -415776821 -1196057983 -374787150 152958731 1447960773 -330975767 -185290189 -1190691739 1166989814 62461147 611722772 -521348674 1130372840 -299406261 1463808607 -1847277781 1675383427 871575687 1672597249 -1659169945 -1426551460 133479100 
-21739643 1972278495 -417835355 1281860851 -2083735411 -1092310064 1768850645 1279060314 -1459538395 1565863815 1352231751 -1421124942 -65539401 -824128507 953154951 787778157 -1488565196 1931297958 1156413949 -1921708497 -719583314 1461349895 301448468 1081786801 -39212048 -1400689737 1419482886 1074005187 79815305 2019469558 -2100161605 -1456021428 -502410830 
1425846867 -56005013 1242600281 1253569537 -1780315436 -213290110 985649745 -1326459251 1379626021 -1241639520 -2139661454 -893631454 346184639 -946499423 -675302699 -2034708970 1414628679 -201597711 1712432160 -306761985 -1239642079 -1410933249 671448436 1795928191 291199852 -471090090 1928112591 -2049999792 -1471512815 447217670 175544449 1658482657 581932634 
-1743525548 -581804912 -857584902 -17296176 1540377235 -86837602 -850706464 400000633 177456064 1203017754 -1744232773 -321007673 -788553600 -1384350090 649686301 -640518176 224332541 1187914069 102182465 -1122126057 1600085665 2008361228 -1403351271 -2023402778 -839745330 193592557 37298343 
1074148971 763439991 -1224405804 1649569927 -1988552130 211533404 -1669053507 790639845 406611249 -1196005003 1320817243 -1388293898 -1127651022 -2006037804 -214554630 845363461 397401715 2056891459 2125751409 126768161 879113252 1782598605 18770996 -486561000 -1510324262 -188443838 -890221798 1510874072 1187609250 -1438108613 427404152 -1859900805 -66310095 -34849173 1736479143 648828086 1300502264 -2060069223 2086351443 
2024743474 -615921107 -1730315340 -1595231536 54826965 -1111326862 383838225 -935792172 1930105709 1215888396 1930687086 85405739 -639593356 103599351 434559463 -415445380 676505494 -1121786916 1709513422 -1522006058 49009010 -320690539 -1663984736 
-1511222769 1390848045 877358610 -92689167 -1513690225 -1792652732 -23710779 916604150 -2131003066 601879090 1906300770 -32535243 1950232954 912250319 -33063551 -438791867 1616258537 2047264225 -461424920 -1455571638 1777143795 1330000403 694294567 
1314000847 -440655261 1748640047 -1837210684 -1170941450 1395279441 -1009745079 -1723861024 2073701134 -1384610168 2071024523 -2025224507 657838306 1374097350 957395071 -212722019 -1501158719 1611333406 1270914251 1644495491 

-1145511572 -719086980 -2139724616 686980178 -1103778581 -1143688631 655105516 -1164952324 134148074 -343394625 -137608185 2092736 -1647096088 -837166490 257065497 1129032971 -2012802967 194233287 -1938127566 -1280902510 -374478629 1793737721 
-642146884 -1102790487 -870131316 -2012013885 -1747470175 226050037 -2021278016 -1815929086 -154783122 384375113 -1163773026 1272041577 -107804332 -59437802 -2027532531 -453260497 1332389068 866346993 -1219340203 599215935 -1400852549 -853543623 430447768 
1380965496 -1378592784 1560530827 -1698144023 -759036414 -1856797664 -619329621 -420253924 1930933719 1545835215 1784023700 -390939207 1737665901 1376620997 -953285019 -1436663101 1594016045 -25741768 1036452891 -1582657507 -814127350 271649034 -57012433 
-2139091040 -1536918844 821404543 2088480240 1648344394 1865887288 117200870 -1786921428 -1181477001 828799778 499006847 -650381991 1043904509 -1645920595 1782235503 2110035811 1426445533 565290670 300690498 -1164774179 -331264582 984901093 -1854645273 154512270 -2080364325 

1113611519 336929801 2139535151 1669416432 980857467 -293202554 268951545 -1306911926 -968105630 -1578237592 675916058 30765564 -165348372 1710035655 192464649 -1669672690 352761938 100610602 -1299746060 -1364903002 936536920 1582231157 -1708640053 -250685083 -686425194 697491164 187670526 864953840 2143313862 1141386264 1245341127 -928458883 1648087769 1648806991 299851925 828367003 -1081870544 1288453172 -2055070790 
271010762 1894065522 2112646707 -867327357 -1390225394 -714070625 -23081689 37119472 -1644553545 -1609825715 983589851 -1839604474 774018735 1723164209 1555566753 687069091 1117838181 -2027841138 1816391539 -1381967072 -885605913 1391053164 -1542911885 
1997351015 -1677931491 1573955460 1271014067 -1581688317 1388610667 -538248941 814491134 40627516 -728762871 195778452 -808765308 343510359 -298708257 -380879898 2072653479 -360459762 -1056716855 773216179 2045710966 401125728 1053204640 
-758996887 577885990 -1340412985 -7291351 419589084 -1237168465 1774072546 -147821120 -1186902771 -1929055916 602407192 -702437171 390577880 -956928335 378536937 1647009799 1656195070 417779098 -632701372 -1924399381 934524792 948991079 -787295428 469897388 -1197259617 
-1479217134 -661111227 -277371626 -1004793325 111598886 940427277 -2115856105 770279392 219491763 2127784338 1691348346 403263617 -330194608 937671485 -12433675 1285987878 501343691 -2035302466 -573040494 -322330271 -692716519 -1361839105 1858679751 -857148763 
400540805 1329820902 1606218762 1493130201 324525093 2102707623 964731450 25649305 -1478110757 -1831426308 -1900169542 -1308864472 -1625589876 908660443 -1136848158 478547531 446860142 311927169 71729134 897335952 -299871166 -1273744474 -1065400993 -927278424 669496601 -1170864563 -1751782145 -493857114 -1612681398 -179503500 -2092634413 -626751671 1487334793 
1000754848 17294853 818777814 -700652857 -1089334509 -645637469 1722093770 1055481886 697299679 1767899145 1695582230 1365429271 -1241353690 2135683561 1595086918 -1773406399 623395867 -2018700266 459813229 95511780 -904199100 -2084557410 -120429524 -355842709 -897875873 -375396456 1039747946 -1676898362 259776139 292671739 
2036805480 -1830634346 -1536757901 -479233485 149777294 809813011 1599558946 -2017021895 -1112209343 -1587725498 -1748698056 1839511552 -339819521 -1400959824 1722566356 -143759580 -1126414467 -230771575 -477208126 -395912544 275977164 1405522768 447622518 -1726115611 -2031697307 -1649190581 166837513 1428419259 295148527 1764908427 -453207135 -1022784043 -1019763852 -352715978 -1264359739 
414056809 -267369145 1682458619 1007452682 920513944 2129546800 1419371476 -320311397 -1054344236 -1442083356 -829912247 -966477148 1596387563 800058722 1315810386 -836926349 
-1671712941 -324147726 -1186304809 -1718594936 946467620 730393820 1162658668 800915945 609425459 977652672 -1235940250 -1612157911 795214127 2061006698 -1084355313 -1574626735 1766801621 -2028258494 1625164856 -1298694190 859249064 -713550660 -1688414099 2141249302 -1451877796 -1087642622 -807938001 2138596454 
-1756003546 -795793148 744167932 -1049263077 936499161 -546923065 -1111883296 -458041335 648779013 -1093472747 1456091515 -1091127885 -1384422211 1295511007 -852687312 104301372 -163867141 -1996888757 -489381092 -85790874 554347965 -545673993 356797699 58558924 454048301 -790895765 

-279805538 -1450524617 -911901357 -1676189440 187680424 -568079189 1685147461 90828961 -807221320 -1467701818 71844455 -2047197608 -225491453 -732449331 -1600749662 -1436929286 -1477227981 921627090 723647447 -150105022 953281573 740517780 -1085095913 -93590821 
-1010694254 -612172833 270347481 -361839323 -2092232904 788904201 1534199730 930582324 127945659 -1946514396 888175886 1260005172 -1025035123 -545934688 -792542299 1874651503 -855387215 1468629789 206604984 -744038444 1403701019 -1003265145 168206121 
1008825267 741192583 -1938897737 -1457710192 1273222420 157581580 -7829301 -1623026800 -11509113 7524277 -1898121433 1101222897 -110633262 238940261 -891635475 -1305866449 2045711792 -328300428 1572760577 -699424417 -395917336 -1559014743 
1496384081 865980633 475497781 1118499425 269829310 476628828 1247638921 616416450 361707954 -495338520 1519033702 -24707909 1811557147 -2035411290 -2006498672 884530803 742964318 1630159699 1800196610 -395962366 377209539 -420259979 -816958925 -2033295794 1353504977 885308675 1201591365 -1754100192 

-1042248192 -1391225153 -878161434 -1598979782 -1162952285 1570481305 1946412144 1115435737 772618918 953519086 76817905 -877381215 1785401932 2122935020 424203357 952015653 -988674577 228277021 -1008332532 -1811929547 -642987703 896232377 918330077 1788316406 471850514 -134819704 -1025954646 1945987653 
1708394491 1552372662 1141725468 -1585935673 -1486291106 1585378437 -493585534 -1244570975 -423617203 1775546888 1832586522 -442684606 2108510627 142357145 270002641 673113764 429877660 107284789 -1353540113 391127132 511048093 -1639312672 325179581 -26028638 -1060719360 1164180129 
-2132617840 -255254309 -868158738 142945441 1910507647 419814747 -1678652666 -1754665528 1566412178 2095956330 840933733 -1671398473 -1132632288 -88172158 -1500490153 -1273306850 2127998983 -1904288679 -1165381102 -1262714781 -1713442689 -409134057 1543469050 961272493 1305715304 -360911268 862373245 -254204467 
-1650340483 16416515 466850271 -1406653679 -1826861602 -1479712802 428885000 -759355174 -2052311493 -1203359452 714308885 -569290168 1136685978 -1117106132 743332324 -525530223 -958156246 -1674888121 898035136 1949520826 -742172310 -676877989 -1215233966 -1102386505 1792690167 
1464267705 -1300564488 1980168137 1478425316 1414948744 1508364619 -348517143 541362077 -1294205865 -291655144 1413255472 1695654785 -1261363938 -377860117 -161525253 139131362 -1825921895 567533233 -825663889 -2115533450 -331654407 -2122130005 -31879897 990419863 777614629 1713991014 2115014568 1068647944 -1350724198 -1341244284 1191864572 902304989 840384933 88100896 -2006767519 2090918567 
1405606933 838963845 -1941212550 1708277745 660689217 668894473 978331096 568937015 -676997833 -1448540894 1831313690 -891304069 655822182 -1778547698 -847344537 -1233759795 1777135549 
1112585982 95743910 1015007651 -582640492 -537027064 -1492363671 1959490625 554688835 1101710598 1357285970 906324663 -329939211 -69291497 -1146406553 785438853 -1667196441 503536390 1811097540 751739339 -58470968 463506607 -1795814098 779708752 -99923058 -830096272 
875020105 1559625665 659620743 1143770433 -1464320271 1853149819 -590082356 -1324126587 25313959 -1463715787 -103790141 -160736234 1344395357 -94390883 1239512427 -1888461735 1907194309 -1621062392 -67115594 241683395 -1306413732 35891462 -1130503415 63264854 1345848921 -3476965 -2037005898 -694062850 1633674744 813297007 737794156 
-1162137505 -1440692682 349370609 -1276519750 804305126 1133686231 549535160 -1399281380 -676305341 68333809 398221067 1676170977 -1734433086 -1792567575 1687850559 -55408760 231421769 2078928594 1592428694 -1640671447 -812519035 -2122651473 1711106984 -1921716554 -689267428 1465644799 2121789755 
418179237 -894166938 -719876137 -1766428402 -1930678109 -1883796976 584943138 -1463273304 1302894817 -1175484163 -994518016 -897457585 180334708 643359246 220168093 -1922582719 1370794418 -630611684 -1593223262 1295276201 -1857369510 2005655175 -1665323958 -1396074421 -1717606830 
-270913700 -1806227822 1118008607 1943849597 1814239333 922090822 -1749562846 -343138721 1411545599 884555460 574652638 -1574334416 1731083807 797725899 -645583245 116652021 -1350169872 -899766262 -1399349485 137696755 -1689512850 1126422634 1549092090 -205615128 -1775853812 -1493025332 -1927007930 1631813998 1810449042 1857625409 -284491887 2111597300 2040927593 
-792962039 -147960100 -342316809 359511652 269234140 883970638 499997411 -1743804276 -1884451100 -257862588 -1710250531 1973037629 471405359 -1385612121 1908163224 -747968099 591058365 -1441837289 936741372 -208075498 32979639 -1186772494 1981502197 -1483076063 14073567 928114797 1909540685 897763383 -2118506178 1836372092 -538349466 
-966395450 -2087687772 947641771 -528378810 -2024132832 1479390410 -723726225 1443622583 1004140461 -521975106 -2029268220 -61052060 -1782599715 562516425 -1126830790 -899301414 1599114900 -1937714299 -946589626 1576596671 1692443649 1046943386 2142148710 -560553863 
1070890816 -233922445 -733469955 -896657385 979513100 -675188821 1448636310 327951661 -1397305616 -1861023287 1361132974 1418754890 -2025118036 1468845025 -1692401558 2119058568 1971107207 344570380 1586417919 1199083682 
-1121031047 -850649441 260089925 -541974919 -24713660 -186971115 1273093648 -1392771506 1612172967 -1093606245 -1486585054 1205617976 -770398271 -1875962319 
1592149738 -113009860 -1795327880 -691111758 -1805388030 -507713146 1736709981 1784132522 1113377692 -756519919 -491248447 -1139225055 1272332916 502268192 -185436738 1925866791 1900467545 -88011279 -641504374 497554983 180686475 933949595 
-1046635782 -1000040147 20317995 248142426 -582402578 -1464057644 -350958708 -106810506 430529929 1341422376 -2112721411 1119143793 1446595673 800686830 -176898351 -1139739575 -1238760454 1203752272 1174947010 803223788 795843005 -1046998461 -1142461388 -800320955 
647420612 -276619550 1217401940 -1915663898 -1741998493 -754878379 -252280002 -242518263 -1962541484 -1448897376 398635440 -77024851 -1336442024 -478876966 535023745 -573394401 -1194087990 -1215519046 -1754561128 6814821 -261459107 973952973 577310119 -316406796 
-1248363547 678717763 831158662 369940010 -723984385 1858219333 819511805 1483110892 1317588514 -553642198 205037953 -724745594 -1822189841 1983779329 1907534141 -458585372 1958011887 1803730070 689977582 1551801691 1723808034 -811292816 -1107528660 -759813244 -257378958 -1244618086 -419742717 -1418646171 1264078905 

1155609407 -403563665 1174581139 -227544246 383820893 969518878 -531954689 -566880475 1733921080 836712420 -778667283 -49531848 -1883908781 313679057 1370183799 1832767408 -1810018077 -885851290 2086987429 -1362826906 1078709701 -591451337 -35610921 777565709 
-739429848 438437010 1511865710 -235685950 511633976 -1477966077 339455406 20873349 1555244966 1348880958 -929815081 875401036 841695076 -1742911279 1086953172 367419142 -750394397 1240536628 2100338493 1542202978 1224420431 
1917108645 -226601882 1340112682 -1382930582 -56681052 -788083779 1461207286 698430783 -1386587279 186267885 1159351646 1048747827 -800955404 629845306 1192762944 -881507722 1109859215 1196703936 1154428901 104960098 244510571 -821800563 -2126313145 -55517254 -1874851628 890450852 -374883466 -626135184 987253014 -1389331246 -723720862 784552744 322911164 -1128300602 1481223178 1562189018 -1990291737 2109100026 -906314560 -713536153 1332273261 435675319 1910120079 
-70988152 -553123766 -10648356 -688686704 -487935785 1362001879 -1624032766 -264981549 1852153920 -1181854136 808316911 -599927876 1870532218 1463937697 -954688515 -1747382830 923886033 558122351 1273166924 -1864512484 -1973960351 -1020598551 -442988104 1775288607 824593563 1298852459 -1285739044 -339488913 
-2079117056 948970678 1108412591 101732034 -1579558669 -194261938 -1862597922 12550877 -1029064912 -408496119 -2096740102 1024721295 -1897070867 1502204572 -519815891 971503750 1388907501 1534730524 456813456 633080849 1499673987 165408162 -2138032903 1352360404 -133016106 
-922970474 -684870873 -358052944 -1151897917 -492706026 143837239 -344415166 1929046809 -938101036 -1051592645 -392642150 1363672454 1799821871 -2047305692 1358173994 273284192 -1809990902 1383764062 -1517399787 -931932354 -979117586 -1828893057 812263092 1533808403 1836661472 1263744153 -1632146227 -1524415347 2001707922 -249206924 
500260279 -99145009 2051471126 -1561879362 -379500749 1425391838 387383502 -2038017837 -26349058 1291404830 -1873708487 -1383721684 695558460 -359703262 2045114970 -1941573862 1328094938 1852479899 -1497928539 -24726539 1849903840 
1899953146 1387903105 -813964120 -546459876 -1923154614 1241186441 -1899919612 479770536 1081645252 1500215096 551492981 1437365208 1880017276 1366060996 1623021102 728396195 406598279 -194642335 1927851411 -1796594793 521326723 1092596943 853644392 -1634735264 
415517631 295226122 -1319714370 -453461063 1458308371 937487610 -818627889 1498605583 -652876626 1396305165 272197741 -1858173289 1664198319 81293568 795989532 416699217 -112501414 -181878684 1811083515 -1943231969 1944058640 80814250 -75602035 
-1533732377 -1900730465 -670799065 1456884426 -2016981739 1384192211 -1286426125 -544493996 159121403 -1322698438 -280586532 -1672662765 -572442076 -1708530669 1879183868 -697551593 39824507 1109160912 -403324222 1420826408 -1796385124 981839819 -721818845 
-873947989 -2033079277 -1084313489 1036033906 540665150 -930673395 459927493 520951050 -367209548 -678063514 -1802201311 479464982 -1027502190 -1089140917 732713526 -1792720901 2083032579 
1178145281 -406283861 1560204627 623082042 2556700 53823555 -1875938126 -1883499298 1670400070 1319980401 -1577860301 -1266370242 -781101738 -2054650525 -1052183640 1716272321 924378252 862638674 515732633 853144605 -1702373930 -1623325975 -1742870354 1442256696 -1618629324 -250468452 -734755081 1331448514 -776293280 
1311091320 934034770 -245146414 49588947 -653330239 613120129 -925498450 1052153892 -1592875378 1004298014 757381734 59902083 1681095194 1967218427 1861281579 -1849006173 1097689141 -1365087271 -1066464084 61416964 -885576511 923617401 317751007 -1997250784 1717182921 
-275176596 773981799 -496602904 599980722 332762213 1535264408 504971414 -979299163 -45552233 -1166531152 -2134110693 -396036131 855844509 2056095168 -2079936082 887072397 -2087915719 283255159 1285195162 -2096842162 2093285306 -148057479 170071286 837258684 
1321756767 -2066127689 1160798830 179571505 -2062305447 423359449 1491939307 1994546882 1205730616 -1481439596 -1398636423 -420226810 1334369673 119720836 -609398454 334448444 -384122206 1690168135 

-577871332 1942568453 1834667578 1372112124 -1778771790 1161121304 814217854 -197816560 -1939233775 322659332 252713624 2111409752 368216231 1638124231 1884574174 -1126990657 290427190 1377109662 -2084847697 348527891 -1370495074 -874831157 38237487 -1425416060 
898616712 -419227950 1205087861 -349506872 -1515117065 -1007166082 -814640230 -1674530808 1719587552 1550490523 905445615 -1786326416 -1832792192 1446641827 -779534773 992985448 491509715 646985757 -1540273889 2003482530 -1356948133 1740828729 799588610 326078448 -1042517043 
-1058363521 948560800 1955450490 -2061940545 266554981 1549681497 -1373971567 1290898294 783977743 134431094 242189877 -21067302 28527598 -1489019030 1157327496 1947618506 -465439472 591586570 -1536098251 -2034310224 -957383052 141754675 -176485394 
941348402 -1355496987 210106974 -1617909994 -1642221467 -229402346 -1998347550 1704179842 1159967893 -1371763371 -1297199331 -1909379292 63394424 1022224609 -1911880715 2075701967 -1317369824 -928400188 1970922033 -1751715514 1299258871 -1222322483 2089442809 570555327 1321576895 

1621897296 1731719551 973391848 -1687902887 -748113207 -1728020473 203755662 -280703209 732756494 
2022489134 -106793096 -484904374 365700270 -892329032 520369473 -1221928875 899905496 2065075374 -2120776780 649795494 -1594067351 -389547581 1742638323 -800137179 360691494 -268051556 -1140625531 -771231394 -1370191585 -2082525989 -2006239255 -1665682664 1107579346 1744461730 -1866615296 1595565277 1006901247 -1200117452 476639776 -758887757 1202290009 -776531369 1309142254 1477320580 -511387792 1792586795 -462622619 -1007523624 1499670642 1971304980 966485832 -996493543 -942103797 2010332481 1895430777 1837498901 1466243388 
-2093944487 1807539628 352839801 944331106 -826106692 -1607804103 -661450047 -264408520 157659085 -515914354 -1508005185 296041284 509290965 2138660749 -1121172522 -236885545 -465856744 -1532787589 200375259 -1187921649 -1174864713 174855231 1387773199 964991340 -1299680739 162820695 1806930308 -909206764 -1587508693 -835375927 -1246964752 -229234863 680721319 979026411 1323135207 -654115815 555990448 -1316241033 1362907382 -58932627 664802110 -1098844462 -2073807901 653209841 1444706706 -11910748 1235551570 1726780394 -639121329 1010593518 -691001726 -212020892 -89129986 1503361694 -97059647 -537938624 
-1295848369 1755428021 -1738790450 2137440823 1221304158 1791003125 944218470 -511926280 -1692155347 82737630 1216259389 2020867994 1741547240 -4618046 848812728 666076089 -1028902660 -822898233 -528629418 -1501671318 -775039493 -1201981659 1928280436 -1323479329 -2047714299 2129169752 -1494107665 1021297157 1475474554 -1617219913 -1108516893 562398372 -1698253100 1209218462 -1000986896 438298445 -238440032 -836950337 1263798479 -511059095 999109257 -722666182 890055447 
