-1652893162 -203153410 324864053 910336613 -1603748786 1333096979 759960142 312356445 -974732689 89949207 
1252825116 -1552899946 -1029469346 -2144259382 331437136 -1075954337 740473535 536014070 -2104233162 250901404 1294456845 
1927415829 -26143527 230198294 786187716 1590645184 52707135 56967315 -796629487 1384605408 -1898050159 -1619698957 1389073944 230793302 -191188107 705123106 -1108951994 1768675253 -1401695198 -1309788926 -280366905 -510441416 -1245960887 
-2053470468 -1800537010 -1060625519 -1570744457 -499793470 451254749 1910889968 1577369227 269092646 1473036981 468703302 -939869894 -505008147 -207220895 -1419230770 -1146173004 -1747482056 801915607 1752285923 -1042668305 -1450216473 1660043627 1080898707 1540467184 



-1151609842 646065990 -1076466921 1274907583 -1895798358 -917821334 355196180 -249857517 -919201770 -1177826942 1122375131 1739047689 -496776315 -1840523887 1144380812 -1142462130 512065812 -1696572060 1772134842 -1177524089 1517006648 -1918759151 -1628714645 1823627027 
1422210271 1342973205 -565077169 -515047715 -1526379518 233888696 2096806358 1479557438 845551045 -1763263252 -1654031447 -1911357634 -414243116 986650528 1160533425 -1165736925 -629151739 1431732555 -553176282 758516021 -724868703 -1219237107 1494476681 895278113 691243152 
-1611461270 1113278676 260269986 1258846992 -1159474151 -194881872 -1426643621 -2087162004 -593988099 -833682300 182243181 205148238 -30471480 535477664 373968024 -1555056184 1346245520 -1642529255 -1196069809 1216183224 1788128478 262263972 
115201096 253131612 2002920496 2074740020 -1638809822 582938173 1314605220 572679946 -183749944 49359454 1620851880 1025205376 -1112701567 1132588030 -193840135 1065366011 -1179367473 -2083874896 -517391108 1971928612 1210646325 -654417134 -492021922 -2072769264 312138970 

1000336645 -478022803 -318600686 1851774323 424764471 -1381556018 -30769897 1124038853 -2070646830 1078932809 1584997829 -1832158787 2025462394 1171260236 -1170260131 -1910169962 -1165612118 -1974702257 769335669 1997753149 1260197503 -583441437 -1783648233 2144450993 -2080499783 -169081982 
599837590 1445722935 1967625961 171046177 80614688 -1257861930 1150641221 231610143 -1084777021 1068026900 665689462 -1764752910 -2055257837 494039686 1412068912 895268408 1517645693 1927291376 1503397607 -2115830408 -1941062100 
2086766407 -411121579 320805339 788367398 -356122646 -518464746 301769151 -2078596885 1177187881 -803705480 -594157926 1208052073 -979533796 -1863557161 2139412952 -411395149 -715309366 1518368552 632431131 -1941495665 -1243310358 -1148467633 -1492581653 -1845612066 1496569508 -1690739428 1178222095 1528818536 874163332 -689899676 
1765392488 654357464 -855127592 1812327114 -1616067462 -1481093799 -1153083494 -1037560999 -632772992 -759779982 -1093782341 878453534 242567704 441188052 -195801635 1549629996 647485721 -1181750836 -1461960412 1495076864 -1719405681 -2115503863 1455885015 -1359592982 518927887 557069981 
695636121 -655624646 60415939 -861672536 1865818912 -304305197 -1298083360 -1113302282 1894562671 733934400 970778432 -813844861 -1365127441 -219461449 979714608 -1807060200 -716987198 -175966410 -1148948290 1648403569 1604862749 -1470094166 1522368109 -1778208492 -1733271990 2095882780 -21936482 -1222471161 554026691 184706428 1898959679 
1751594458 -1771726889 550580905 -2034097795 1627448782 251648452 166997575 -205698165 -706188243 -1217039838 933228600 -659029934 778495021 -1751222056 -1888818083 -431506072 58502361 -943040961 -573078725 -1166350706 -624385758 -808155353 1791471317 -1915092658 -638572817 -2122867480 965757185 840028852 -1701108131 33152122 -1446368375 -704350273 136312722 
1793428002 -1569316220 -1977600721 -1305188308 406400638 735565741 1891575727 -1565918353 1922664542 -288652191 960081928 -1700946120 2010325897 -544132205 -1786480893 -1394912039 161265716 -548424383 -371216305 -1296004001 -598132228 674228495 1754631568 -974663597 -607944887 1159897696 154761885 513508663 -1002297927 1567003519 2140858142 -860595067 727135324 
100654781 853126374 1097101425 175741205 901598627 -1391263000 -1950503317 1139076722 -1804942431 -2011003861 851860485 1523456722 816071806 943791642 1709601872 1848783374 -895069148 -2112124475 -1432218338 1230881304 -1028197460 -343023866 -1942627632 1301996571 1485953807 348786176 570246412 
-144372640 468275974 -276021299 2077298955 -1789326641 499481205 190752575 1393101856 1511055274 -593914089 1024746939 1656324666 -1837506491 -628652611 1556740486 -714454929 1781954138 -205523219 -1926845813 -1860564726 494992975 -1686805188 -662007926 1328421773 -1106073967 766978735 294163620 1278002166 620499285 620349466 -205170732 -1777091474 1349692244 -1336474294 -313666318 788781157 680100988 1827296875 -1359231004 
672560566 -2098678178 -1101328937 1488945388 -994110064 -1441582289 -505014735 -2064598554 -1788782101 -1158820639 -1588591732 -1739363113 788005407 -784321493 -649074840 328097164 -787033816 1410558695 -2038341420 1923421298 2054127755 996064780 -33698420 
-1210110065 -510271758 61258340 1889597712 -1650245405 -1153081764 944303814 49786416 -1502854685 338110072 879173198 488855357 -1352443339 692404213 -2096764292 786389511 563239402 -1422126912 1395813968 -511045789 2068627998 1007829674 -618014944 
-1914960148 1335895066 -106328684 2143876354 303471706 1754167210 909872721 -1036656507 -1188899735 -623938463 8937175 -1760910254 2023718869 990933534 -1518129213 108754996 745990675 -177489037 -257567636 374352138 

-1082035072 -61623766 501377191 -1287413945 322622844 -1799913739 1672335136 -373207382 2045208243 770804355 -602627879 1950143478 1340924864 -1251830873 -1132936035 -775220935 -1612558407 867016345 196263639 2020738871 1110009228 1151600839 
-517498025 -1374200291 -368339539 -280262621 606723356 1732990042 2022416053 -649562630 1828149521 -1498934650 1974186035 -593816641 790004436 140251658 218665904 -1069040106 -1963558320 -570950134 2141143576 -1737768088 -774972429 -721486336 -476260747 
11792345 -435799584 289593541 -780918064 -1587859062 -1557828851 -922555292 1684508930 -485306047 2110896995 1314360909 -1317462566 1303311553 -1381044723 1844078757 -1819460758 947194837 -1146822862 -1332395893 -1011236073 1705818339 -32186920 1249881741 
-1703196683 366723329 -716384633 -386486185 1327547920 -1910326987 -1002522292 -1765868180 -278452106 -121646752 1735190630 793542698 -952482073 -1290686490 -581148639 1381618499 1227037639 1372305445 871402771 487160829 1347473961 -290763074 -1810179465 -1571509386 1990294955 

1125829075 478516113 -599640531 819895004 -48838877 59646383 -1467936906 46273607 -141605662 -1001897200 130176064 -930303085 699199491 -795218945 -573152108 1178754075 1494324266 -1089802361 -1822857756 -1304755457 -962647722 -589107304 1458264152 720059172 332050746 -672958439 364979377 734675483 -1405513129 764614093 1074909553 1817577993 -995398092 -1008138034 -675310238 -1146975822 -248253725 2138742948 1289173871 
-1813851058 -372057479 -1991580120 510025098 1362089791 163730869 -380101143 -856971238 1186584813 -1415191325 -30696875 1083302062 -892396733 -1084770880 2085662481 -1766749768 -1108161639 -576087418 99210987 973734595 -521810124 -11729769 165932246 
-34105794 1782236304 -1502398921 -1631521703 -1729749006 -216189871 1390278057 367264449 -1684033048 -711727397 373183181 1693156257 -736698285 435987722 -282207646 -2109943425 -1053541551 -821540634 -1812135118 -340688548 1412937564 744202907 
-1337530164 -1315714049 296597759 -848678187 1894940005 806122577 -1173790636 493262690 -29032253 -1257586294 -554995108 1065054796 590013207 1942695032 943249182 892305672 -1877013064 -1733334340 -1717548799 823540470 -1620945824 56600456 676513298 721780248 1002438525 
157398333 -675917887 1177638440 187486080 -1010800286 1560776030 369879590 -2023597538 1580919553 862635115 -1915127749 -2005842325 -385354912 371200800 2110562677 2086625348 -2034246675 -1952123031 410653613 730447883 -507786638 -456738516 -1849830073 1340366226 
2120704438 -62306965 -1911593931 1167758108 1441102867 1090869835 -1275686110 -767538347 -1388303614 998964043 974891653 217215615 342309276 194726324 277594064 968576392 213851660 -411122483 611984455 1434839731 -331958536 -1181967137 -263266327 -903212626 -16748476 -1250993413 -681004935 2077731956 -1167641496 1896681790 -756435290 246404977 -2046427892 
1656171166 1684238539 -589306689 1764618533 -240595594 563079626 -681593456 -272907825 -1121951328 313210029 902093738 927604792 -1144257856 2025916882 -256857230 449696324 386751944 -477011212 242648273 1652205903 -1911748596 483714462 -1762302402 798539526 32239276 -1042059678 -495000160 988534747 -119984022 709631890 
-62257045 129938511 934616238 -1022418781 328857178 -1194936551 2070394673 2015320013 -743814827 -2043944984 846945001 1507508155 -773433447 -397637746 1460920349 -276416037 -1205774994 -795666195 256472322 -1144394858 230751728 -467165671 142687810 1374764346 1933957835 -1297230719 -2898047 59402464 933116497 -1596169401 539663186 53436016 -1703641770 1925740445 -1128370270 
-872304111 175214874 2139358934 104821678 1929022892 -1233549262 107334415 544853395 416698769 -579424632 2033901979 267402403 778306909 765313325 -452767797 1358391491 
1653477478 40725459 -1209209960 780962293 1994079479 1950763367 -1371024022 -1531320498 -2053377872 -2053430127 -1670783976 1796536203 2043216899 -1667546588 2015863807 -1107233228 620167395 1025673864 -2064974387 1394739859 -386334920 971384371 -523832332 756307179 -904595227 1971667176 578096613 1984132873 
-1052025305 -1332060713 -282768875 1223620696 -1386103275 -1319117983 -826294072 355993678 -2107043981 2017052119 1692123517 -741525598 -1685169350 -491560172 529353143 782368240 -143391368 -2004395538 1652038347 1868487923 -581861402 1011726314 -409255526 655891912 -168951155 666501570 

658410318 -627009719 1618139548 975370836 -258480116 1689728967 625976186 -1818158282 1146908243 1906136506 -1573105121 -945135441 -54200978 1486124063 -150360238 -1947366496 -757749407 1838841011 78254567 2072994558 171052501 -1699504445 1944756098 -1743749809 
448214340 -227494110 1223955050 -1203056620 1689868136 -278732758 1763885774 -10331438 -1588077283 202575041 -481615225 561266353 -819479830 1193164113 -866088759 -830212883 -1011714703 1569121060 -1125977791 1038028181 -281342509 207358601 -474027445 
-248818464 -652052118 1758358203 -1029464564 1322522427 861904446 1558572998 -612343712 1540300750 1510841645 92765538 1344042699 1559938512 -1671934391 513690311 -120568213 2095167119 -1388051108 -767487787 529673561 1002630211 809098129 
970350450 -2046555536 -1316065627 237085062 717860615 -381537014 -865997067 1600405393 -1516971407 -367564213 1177215062 1958353297 1945607598 1161134090 431281643 1331936115 1550915601 442255704 -1630632939 -2003203786 1538163670 -1271090911 -23504469 -756806710 -1025317440 -1164359736 -2134783961 1843668694 

35847977 -303089577 -393189046 -786506249 -2111133859 -854556025 431484365 -1411474765 -543232851 -1295500676 -256166651 40925230 1563590953 -920079434 1308911872 -2094439636 -1605863275 1790607266 -175798004 855400093 252410967 1286768751 188653631 -919031588 497917837 -908746793 -1752202119 -1349839243 
-723001446 1627681502 -653946012 -976001993 336979537 -1915298397 -56118647 470580346 -541770717 2053540681 -1512727360 -1633512208 803033511 683599756 65596056 -1234734392 -1950863176 -309787051 -635287133 -1810092891 -1789301743 -708366023 642563937 -209609760 -422865916 -1812022352 
270947369 -1303237682 336256133 659584571 -1757077619 2007542980 -1071315564 -1107931729 1796959360 -1620001008 -870457649 -1784382626 1496268164 -1496857465 918644925 1554721286 1825334643 -520812420 729482402 -140148249 -508473703 1813150329 2111498045 -2042002290 1421027536 1206334839 -840260339 398755263 
-1705686399 1678759603 1493824068 289258573 -2011884110 866159962 -99823701 -925293730 32702634 1194248017 -1544238547 170590836 1053739930 32057911 724031412 -139145367 1941631696 1313792259 330148826 889303825 -1262296903 1383471787 1443851346 931858039 -1594591186 
1306960245 1109595759 -1628429286 1813772604 -1156436196 1571177810 814306691 -1698643694 1873907172 -29133475 -2077765777 -1596642691 687589717 2042387670 691547756 -512412265 -972031205 -843684650 1907414063 -365262623 1933686684 692819968 -1669369955 1331583547 1870868517 -2024959779 -1731867147 726900390 -1859633013 -1487574384 1869081748 -587293203 -1544641746 -275844971 -1099845932 1600777403 
2128724774 -1075685313 -487289592 756620664 -796295465 1257956249 258634046 -2078423970 438529269 1357304041 -810776019 -2028172867 -626411256 -336627187 1700898007 -558185046 660678636 
-1190267948 296819430 1723757240 -1126998364 -599011560 944070147 515814124 1069183425 -189971566 1299729951 265935507 -189466152 -449552419 -1960065647 1808036225 -1629380121 795005199 1585924065 -1511864034 -1543727043 1637571029 -1578985325 1095014606 -1484237793 522187259 
-758778351 511771038 -651293878 2054062470 828190758 383695032 2082107339 -1818070392 -834289827 119783856 820320409 -1517535214 175816362 941372677 953290333 1134470145 -1802120360 2107672317 -483537711 -2099069554 -203500929 -622903066 862868245 119240937 -1107384894 -332471491 1541149411 2103053559 -2066317439 2012240349 605481819 
1556333331 -801207964 290689741 -1341282253 -412319876 1484991387 -1520756005 1110853314 1311614807 -1952304840 -1668529165 -1640007181 -1517424535 -574188215 915260552 794093644 -2057665823 -1097743828 818854808 1235284767 -624612248 1571303392 845963624 20931570 -1410205209 -621948929 -299044671 
-1936767649 1981298829 -1892707423 1137334542 -603912627 -84357286 -640342349 -1137690265 -1855840599 -240186506 887946376 -1527004849 1400732187 939973582 867072160 1857918227 1542762036 248316893 -844512381 728823600 1001612238 993879787 -745605428 -2020293635 294914798 
-603690612 1459344217 76420285 -1510914011 2139092450 -162002903 -960692844 406695235 -582653399 2109001771 -382679947 -2004361023 749858474 -685305525 -193990202 -1722320138 -1079340979 1567088451 160814205 -171782270 -2114295303 -470831420 1331082338 -1890840217 -1658537578 494906754 -1215235547 -701353415 -2075065818 -161760503 -769071410 1219775429 1986585209 
1335807823 -515320414 -779126769 1540676152 -1236614399 335645368 922292604 868301268 -263955364 -1024953029 1892043009 -659530880 -594914238 -553992193 -241779292 799273431 1341057459 -772167481 -1964190319 780892692 -2052987269 -1193133676 -1838394683 137463351 -130558148 -916916704 -1103848321 332312343 634135542 -2112269684 -222250509 
922522746 -710884728 -386568547 220093602 406330571 -126394229 -17708128 -605588195 -1195547305 -1945256815 -254865138 -1216713081 881184698 -152610008 -1743150288 -240165862 -523053984 -517663593 451217220 234891845 1261839001 2060608720 -555201143 -133876064 
1320351318 -1794100329 1543872131 1317417949 -1868504932 -1290553408 1788767746 410255092 -575856235 -682204549 2142431941 -1910162074 -1762990561 -103977673 1944798041 -143854528 1369425278 -1026831270 1200430656 1439687967 
144068380 -325890016 742962738 -1132351832 1971545342 -254864380 -1829452608 -584483710 -223259909 -528911112 788558323 -1409694109 1525528668 1095702340 
-1210612841 -1096470923 -572149468 -316697828 -1846776568 -1821477141 1810754948 1783824641 -1579636490 -1757912207 -605395166 1393849287 205790091 374731952 182740685 -1090602726 21475946 1126815381 488258239 1932126005 1644752995 -626481336 
-1908896771 -481462237 -812181043 1355232136 -1741626845 -443256809 -1025253963 -1324730504 -2146583731 -822277127 -1287320354 -787740443 -865042755 -2131722344 327527435 387986073 744081920 -1755125406 1500004148 -444389700 -1397642963 1250306557 685568332 -570359125 
-1308658002 -182055009 -1353524597 1240254431 1344308537 1516717842 -726500623 1373894738 -36842308 1612101763 50171729 -1619798063 463967118 -1220550508 1132403209 -75634006 1351085149 -392231120 1965833769 1853613232 -1253312491 250915096 -1819510662 -156037006 
861238551 -1417334937 -729844597 -1420713291 956016154 -93828376 -1112347915 -444011772 138362847 -637888788 -320648854 155760604 -728743133 738349684 -532257082 -1182657218 -1231465639 -718206084 -1827746381 -1894787530 654901893 -2116989747 -1123784171 -389177469 1299999865 -906999947 939851396 -1371134185 2101110337 

1969359038 -1022017608 670334538 -659488539 -1914330689 -1664455216 -1751445984 1283791680 -861489451 1316074008 1810800816 246299060 1034451884 1388346319 -1543301032 439036122 -1064929066 -566181350 -875956145 -259134371 1068266172 291033492 1925942424 1418441125 
116472473 -469929631 -733150626 -283605514 -576958224 -1911363757 -879311389 -2126428168 1334840126 1970813694 54505364 -1437963512 -1697179992 1878365230 1787527035 -1982934132 -882031165 -1677362799 1799576227 -353043831 -871806386 
737587247 -1673471826 -561039522 1227732046 862635329 -194676057 140311246 -1189289671 335737877 -164540998 -1645539671 1219853422 1264408706 1221933801 -2047306878 -1074190583 -1500028570 -2017583616 -334002359 710000014 -962335600 1080525916 1471095104 -2083715811 958367613 -1760691395 769613242 1187116144 -2094208075 -1999470938 -449035818 836618664 1804140417 1548769313 -415711572 1320848253 -1364430395 1540039945 -1751606290 1242828442 1874832860 892301120 -1800839899 
-910509121 194173937 1332641079 1971993746 650178845 335781684 2038106426 -189040477 -313548436 -764501490 -1331650625 381571605 -1269440810 -1421137540 1901500872 -586858701 1327419909 -1945418804 1649117809 -15799107 1728587766 1663242345 -327979022 -461074693 626144576 -1193341745 -274196145 1171622846 
-2120519678 1388234674 -1591599660 -481176733 -499195139 1520052996 1526346800 1198398527 768363245 -1825933591 -918235105 -2048202257 -111016046 2095635642 896223206 21679701 -1139486848 -53365097 1785481690 -124204088 -2062806193 -1430637745 -1209245669 -1556351143 -1647980899 
-1161063531 1437156067 -38675014 1431721723 -711020658 -397783846 -758310153 1370391035 -1063299606 853384348 -1749382946 -1438981115 -1794175268 1356661897 400165003 -1999889308 1400023207 -627750692 -827921991 2078970152 -877728215 1954380847 -339938538 1035721126 1138005032 -659360760 -37857178 -1111891932 -1327758937 -206897952 
-289897553 1458149499 697682840 829992329 -2048646529 2034189993 -182680708 1258968211 -645965579 -1330353072 -278814395 1773666840 -1236894351 -126044821 943633087 782812710 -621082286 436439212 1074307467 1647478808 1001783220 
1999550237 1346065266 -928189637 884270862 -486151361 -206603735 -847937626 1831342464 -56978246 -265458842 -1923120139 310505494 454407353 1867764181 -424030260 1512404477 276160969 384881958 -373982005 -866854557 2147100853 89739968 -1751943254 -1775798846 
-155095778 1295641776 -859406210 -78171819 1845638001 -904879482 1769554915 1512443623 -5160265 590905901 -270981182 229394612 -709839085 -76914548 2003809766 -1143470668 1107065100 -1911046534 -873566759 1316985631 1492485626 256410630 325074186 
1751649440 -953309688 -1108559212 1593295593 -1438583040 925674281 -1205909674 -102239623 -2036318074 -892391222 -991496415 1042318186 -785398856 -1671565203 -1277650317 -1096380160 583949570 780981445 -254607593 -170583869 -1130854439 1031187445 86741255 
-1839703867 -857599651 -1364979447 138588436 1668430062 90513644 -394800792 1272542686 -1555751348 -544691427 -1287744964 -1259567028 -2017069258 -320633074 -724396064 1283687220 533566293 
1028034065 -728803527 1158914689 1288452884 1927488231 225245906 1560960668 1377958087 785486794 1221420749 -1777652167 -598627297 1452050590 1124678700 1453947752 1667971279 1949181721 2087052519 1780919682 1885721446 1771323248 -1291269887 -482273425 334555142 -2007988800 100616613 -1532396492 -104373525 799746548 
-1815715755 2004845327 486948462 -1924868941 19403801 -427339819 -1816899968 1582225979 -1526736086 266166129 13076688 1428148623 -1681218549 -821585435 2143773887 1935346056 403342984 -761465039 -1024262271 -2110130391 1270907036 -1281465780 1338911085 1123990583 13360002 
222329735 1701164292 -948501166 -1289814314 -91503936 -155172007 267848464 -441419681 -1607996405 168287394 -409173303 -1290347736 1679079050 -1253927190 2066847828 -769956869 -817307487 1261549430 821595290 -1904096600 1986450913 962622635 1513636009 -2079880095 
-1691159902 -1294774858 -656731257 1182181598 -260487002 -731612424 1309190093 -355089724 970040065 938004708 -928768611 -1937805741 -1602438709 1559977834 -969339963 847315202 43949752 1359366955 

610792743 -1085658890 984366935 789194481 -158518076 62050445 641073680 2047042332 292326305 1743763078 -711895744 -1109210724 660349474 1987193914 -713106339 34777846 151066168 -1758913330 -2129845961 1488990446 -1284893809 1919331338 282667648 -1764933809 
1383208942 1393489463 95987280 347353585 -132667848 -588645583 872730502 1207788555 354176956 -12875329 980270682 1248934608 1997049842 39951103 2008127365 -1355678683 -773839660 1248507543 -2046055793 -1181085961 1789146440 496697431 233582475 2103753397 -109620675 
-1242519157 331898787 780200147 420567130 -1121717751 853053572 -264417889 -1016095750 1017283787 -123680347 2055277255 1133506508 198784587 -2022903928 -1749358940 1607184951 -133587258 146445301 -1436853531 710006634 -1356485580 1344150755 1682916272 
462219063 -469974999 1674079940 -1455321383 -1087002905 44801257 -1112491376 749993270 380051029 167264945 -809252047 -361202367 -872093991 -162371689 983568030 -1174094732 -1205744970 1859098142 -779252489 1186778105 51884966 -1192077876 -741559723 -269973092 593962553 

378673756 323464180 -170710493 729822104 -1491527538 929427768 -707556757 -1878795858 1404925546 
276445144 1877890980 -601929198 -1432338220 1899934806 497797864 -1957061778 1612113947 810867794 232053651 -2092617558 1427117310 -2147447215 1130027408 -637133343 -288996181 1855993095 1911628084 -893429147 -2079795050 451878402 -2011822140 -452952309 9162016 1949265540 531927250 -1032447539 1277983801 -2077408069 -613970592 1555000170 -1003755807 -2014999334 704191304 -1644448361 1010964308 263609221 994226165 41544650 -1234586056 295663683 -1941283362 1001328084 -946967185 461230471 866933000 1469342863 -2043989412 
-2137711622 -1774166244 508818143 -879093475 -1855559336 -305992824 1175224185 2057342391 1191426393 -883518669 -62714629 -1293904931 -1341924646 -1389467556 -1219137767 982039158 1160976820 -1125620353 -1986861305 -1423893415 -1017616630 -1304174342 1909917106 -588397338 1848117572 -1354935846 -1394789919 -1018420569 -1426035236 912614260 -2059344316 485598780 -1466585138 1305445287 -528406281 -1975047940 -2021776169 -1620515838 61130798 1669812049 -287306353 1312132169 478520199 -184510955 -1399360994 370138809 -1013380961 456153012 2034337023 -1537591215 1199352149 -410119992 49788104 1658443203 1843769388 1796886937 
1298501322 -705924766 -687167373 -1169204679 1468500238 1404801965 662584895 137716561 -418755276 238053097 -84717541 2035224641 -1288894690 -192583437 -1094056795 1142822211 -847557104 -828579657 1741538657 1767633797 -1176148251 -1828591397 1635572709 -487296119 -772315694 2079230679 -1732087812 -1818973397 1013670009 -552096857 -2038251888 -1971670854 1666410831 -1835365768 703897366 -1252033044 -1680127796 1987574166 -440435158 -837494170 -613658655 13329506 -1082562258 
