2045057574 1071964205 -4014696 -139317044 2010748528 33674214 1980600100 -1274026553 -2046141904 723192956 
-1662834795 154518825 1702612734 1550957181 326466845 -2137065561 2120986646 -918987052 -919218074 1272809877 1795722186 
-733840439 163746415 1094695349 -1014484445 844713591 -1319035477 -15146890 1580409870 -973817638 -1864242261 1936036701 -55347498 679210512 -444445097 697979705 1849246112 -1606318376 607769348 -2066029396 -133683690 396681812 1579189525 
-1562908022 -737441952 1019968982 125526538 275241609 -2091202958 -379820524 -1564111949 -707336424 -781794060 701743261 -1762422971 455704645 -1205964364 60927229 -1971350092 -1118014775 -437206596 1939668472 -574775570 2052263913 -1066548006 43554827 348991730 



-1025620347 833211145 -412763303 377065998 106131602 -274102636 -1686366919 1739992673 986430333 -733656955 1562719725 -311958577 630814645 627043737 -1633758783 370331196 839588030 -1187278200 1349722910 -1794338697 -2039486590 -714255997 1032168314 1866705274 
566461679 -1465474792 -196720611 12344663 -1800658447 -1131833511 -1855722990 -1076096251 -405899615 -1522787189 -126744891 -491464499 1428763444 1018365756 -578466583 419503968 325764746 -1745484799 1796082308 1570954426 -699875005 -1725326839 812506182 1786704599 789218764 
171765169 2066879934 -1279812582 1375000200 -840141724 -709133505 2044151738 827762484 933550556 1705967311 -1615847117 1926983784 -1964322210 -2112762724 -2033609273 -1463712802 277842056 2142243585 1852824719 -337706666 -279194753 1100662016 
1008250094 -2042420361 -549094622 644733652 1645269418 -1242263269 -34755269 -119107526 -510766612 -1525121150 559427129 1448940629 1636538836 -706041539 1723806128 -1221336908 -1568691227 1319111406 -815824106 -813501261 2052626242 -2133688822 810918483 812320196 575935340 

44963358 -1117512356 -136721872 1135404598 -754636795 -50331154 1951803627 -2033151188 -1108236987 -158821812 535772577 -986382116 318735646 643498724 1608522522 -1775628790 -783980177 -154905687 1764095791 493797548 -1500638561 -1394165460 1415834522 -2061526089 503679312 1841350134 
1346752613 -972756255 1979944826 98588797 2018997574 -1751122157 885318668 -970184461 -901550703 -20024740 1987260490 634541075 601529320 -994376902 1694208084 85147522 -194424817 -1705821446 2032799612 -1031011238 586513905 
618802965 1166600066 -1256994404 -1806846478 553150153 736103137 -1418465375 646921878 263794110 -1625132108 2038085674 121439436 37100741 1784396062 1130739609 342351540 1962508540 -351617493 -1784756925 -872076409 1434007179 -1618868629 -1685172233 -442585770 707428631 -911685345 755650521 -2058735763 2123497219 -116622733 
1794647631 1787802993 -1657821974 -304384576 1095144726 768506947 -472719304 -1637882791 582578482 -1710106210 -1712340987 -81674621 2052693482 995721509 -968843154 -264434684 -1426683835 157280855 -1751723717 -1108177818 -1756804748 -1742362171 913694639 340122024 -383107290 -919187118 
1345582332 -153233689 -63589275 -1375709129 320623077 -1265571129 208025930 737127700 1001800695 -1437544143 870062541 965064382 -132258081 -389727178 -1065497236 -408271982 -443919907 -2011702353 1653966156 1059197833 133085058 -1283965288 -716430109 -1631561562 -94767703 -2030616150 -1725838617 1187224076 -2104273401 1539853534 -1685506322 
404559070 1504748463 1106621797 -1378723250 -161132676 809766551 812473513 886987373 1480083877 1837551346 -30292759 -1025152089 1054732354 -1076881748 -289797163 1496128004 1522756368 -2013982485 -2124614800 -383472354 -1851968636 1528963348 491187802 -1623595925 1683013936 227723130 171308968 1578684386 20971116 -561467525 658648633 724375088 -1031810000 
-1052749372 -845413381 -1117501739 -1037629988 1369671202 -358773752 -1046748792 1484289175 -1671375256 1410733325 488050416 997787986 2065257491 -1198218610 -1576311643 -2067875519 1019455511 -186209464 1963802867 -1136981484 -1435081020 2101711112 941591763 -995509060 398531667 1963439722 -508868862 -211296230 500631625 -531251529 -1494718110 -116982110 1347097186 
-2119758419 1250450361 2100446280 -1153449027 -1243801792 1845454214 1454697146 1140120556 1459529747 -1243938935 853147039 801416101 68264502 -328835284 -583136641 -1590481414 1705132194 431459263 1841261291 -387806900 929919990 1364922853 -1531000968 525774262 832292387 -864762219 429832218 
-961817134 -599227377 -1617913059 1939889849 -1090298874 -135166616 -842619615 1159496699 -676693128 1512137710 -1014971681 -739083289 -802796687 -529558033 40026685 -619779799 -375772371 -1173487157 1640465162 1332585220 -659820203 -1563522085 608158825 1378611236 1012619941 1997447440 -289749844 -1872209521 -579272505 -1886296301 -1715381226 1812464851 784492793 -1271048159 -726677422 -448186111 2103972998 -566964608 -1637610256 
-1886520033 1327757688 -99368425 -358540688 188732199 -1001558477 -74850550 666470069 -430222607 -742313112 -918486628 1093020743 877547885 -1706828100 1414917911 -1178068229 665444811 561330298 -422963957 1475287682 -202509336 969125761 -1047400588 
-299920714 -424573169 -1320782130 1114538492 574020531 483940774 625373366 1289935941 -919296662 1303084298 1472016830 -1114944867 -589502718 -1581275361 -1418105546 2099618550 433440065 1776402438 -1423823112 -436846419 -1659285825 973033454 658512722 
-1138203118 113961469 -1871431886 134621385 -309623177 -1426266100 -493881831 -821431505 -1343562535 -1628268554 -289589595 2109058548 -999853607 791640537 1388834612 356264511 -1828702893 -1200786154 209755322 -1099317707 

1090970229 2006823466 598899200 1370638957 -1326700663 -1414819138 -514976855 164141314 -1362644308 453623221 -1207422291 -1432924427 747994822 2137814175 566332145 -389556267 -259815315 -1884342114 -367941331 -115791614 539468207 -352066613 
-1802815275 2143418832 -1572926665 1567494491 603949398 -1262924789 -151130849 745963359 -1838570375 695324799 1244091827 -265515508 -830408115 -969206966 -1687047444 272541278 1333741753 189088912 -1235772618 862192933 -257742351 -2123141668 -1280944251 
-1328742752 799956933 1408862694 438407517 -1945543937 1933798636 -344295738 -1314132734 1679142794 853800979 -533503705 1523679428 2051268528 -1180803224 -519947231 -325866859 96260377 2038270231 318004931 1093212437 681811204 667263501 -1496082811 
1364178607 1286865179 -63859620 -904923919 -234188328 1925871960 -1090073486 -323758521 2071442867 593157930 -702109389 2030190135 638442768 2042162572 797734480 1362416678 793597886 158630589 -350092789 -1630923063 351947136 -1338981450 -1648041655 53595295 1067042089 

1602519700 1190661131 -39267753 -279006950 1709198069 -514394149 872057332 -482437152 459561776 1319658395 904505733 230786741 1011302340 850400351 -1418766668 1603524029 -836476728 -1093648180 -1491961566 -1306301675 -1668827314 326431094 -175162395 -1242716877 327786678 2119967923 -987737116 1439580776 966102901 -1117838236 1329282600 -1276970181 2075833312 2141419971 1639015996 44717721 -428512931 -1974383074 -1372612723 
1596971175 -1074930588 1163419136 -1019310481 613656756 -1937892658 -1750304047 -25815790 927765382 -1691748529 603237234 -960066487 -1804979119 -640819403 1580208669 -170753005 806661512 -261318091 59720048 -1299405457 1540724918 1415948308 384733077 
-1410586901 -1709785041 -3705725 960692038 -758326506 -705166748 -627247632 -1927212326 2083862628 1718105796 1279664336 177295378 1938282923 1586013108 1038011700 1810105813 -1798071820 1427468416 2091902438 -1872033512 1288190482 -1240406742 
-1864120498 774241652 -66365011 -1500883645 -243944655 -87516594 17009759 -1622815231 -153523551 -1772875448 -1007777797 -645196102 39837428 -1459858106 -545739446 -21516172 1026169002 -91444829 -1705843955 -661043931 -691248732 640172364 -1230110402 -212708577 1305910163 
-1050477102 -514794912 -1159892511 -1819243618 -595439816 628171949 -211347748 -1802237229 578659105 46949454 -437217920 701468165 1028624751 -2097559229 -147087224 -987769533 -1650849532 -1077233172 -283211804 1784158931 784464106 689104322 525799827 226196250 
-1581364824 -761865655 335273166 559635948 -870223296 -1519741927 302447404 -1560102291 -1918617305 1492529790 -2090260475 -426874895 -404025561 426529114 -2133387104 -980571006 -1985535944 569381435 -111311003 -32938543 1255128135 -632926725 -470461028 -938430580 -1161933603 686397623 1628579964 511008094 1572681283 888945744 2126228063 1785516173 -179421796 
1041784216 1248447661 828061361 -933602158 346698020 769336233 -731765572 1708858380 445471662 11326685 715506091 -1868461966 727230026 1423980801 -841629916 -1662687129 -463809109 -101365420 -458691434 1937956151 671349355 2114732707 1692302469 175901656 1972782769 669242490 -2042645692 -2118656196 1991906491 -457382371 
239681323 1028434720 -1892063706 1803028133 1490270167 -2026665951 32425909 802927755 1904702736 675105009 2133028137 254157061 475997310 1725422984 1852471805 386951708 2100937982 1222142457 -1497569628 -1283190332 -675518990 1599796607 1433672778 -1968218871 365468601 -938077876 -1107276192 -1943553257 -606838204 562465710 320365203 1000204762 -1413678282 -1773420484 -1528233758 
596675678 813568345 -1153766039 -659474921 229106439 1271605127 307039320 327869590 506884430 -366940379 -1646288870 -703728204 335453002 1187078397 50789433 2136241462 
-1642580286 -143879377 1915500294 1977607263 886874932 1674387470 -1977578197 440246461 -110965919 -826827846 -26044098 -599008636 1988611485 -1412974299 1030331440 -421199634 1879864458 47650874 534087189 281255954 1160463266 1081961375 -1004341715 2061348814 1836888994 797020455 -1173075009 2122888813 
-1237028111 1595974106 745075072 783257998 -1399061570 -577845432 -1932066792 -1048919163 -342118950 -1587877751 -1404367337 692888080 1172600457 -140078602 279185881 118735997 1023628173 -860995190 -1453704466 -352569814 1213063394 674304914 -655781435 -1514972637 -1118325801 68702402 

-1330108145 -1174468331 -13672373 26844569 2076509692 -291756072 75004779 -64373183 -2131681936 -1720830345 1886389295 574010046 -1418591286 -1455137007 -449371427 -435972367 1714075538 1091964498 -274676857 -1654032011 9144677 417071097 -613203965 569163802 
-260983494 -481282898 -606459927 -742012556 -276263281 -416632597 -1948293523 1852936096 2066757888 1813885583 -1082748690 -1940557210 -2028043381 -769177983 -1540879605 893331811 337062563 1258564698 302295205 -1857506948 -529268939 -2081795166 -948485648 
-886211490 251920716 -949027527 -838184204 1252366409 -1655928262 -1897980720 -124903445 -181891136 -72490191 1435992982 -445415647 -775388406 1805195340 575879733 535747578 -940794003 -1054659203 1614135070 1623584346 -1060657470 1226139225 
-1379356813 -506375922 80066915 1516361506 -2122631766 -1636523755 -1861510472 752740598 1403688482 -186945771 1774568196 244644446 874179302 -1192468491 -1263586734 -802736427 -1102556659 -1881657376 136470384 113299205 -1688233252 -1825353473 -1233639568 -1971251862 -1539856492 1374093185 -1750280297 -773364021 

529697078 1832296910 -1803900378 -1722819488 192980560 1037914627 -359238435 -1074740205 1110762203 706649544 968540117 -1251666571 624235079 -19633967 418537602 -86043114 1003343508 -1539010071 1935381703 -1931327208 1834319246 -1323457495 -1213723035 -317046905 -1420899853 -2086391969 -30346076 -1831890388 
-1792690082 -669581967 1925659193 -757340270 -581893429 216107130 1371743478 -1727017853 -1605165701 -23471652 -1351572836 1275496368 -139671022 1212107626 -1642600295 -727922055 -2020740856 -1124183054 1841563305 1659971020 -1540496568 -1323476992 164819076 1060461639 -1518792071 -2064875386 
2139543477 -1007549730 -1419360267 1474006170 -1635852845 -991505717 756052917 -1602860982 1282715098 -793641841 1323393762 20516626 2031191038 1327292711 -353791396 1194564021 -915680594 -778919609 406475972 1468765133 -990015064 -1977561668 -1662023808 -1990548218 -68675827 -961442999 1087761985 -1285053352 
-1067272405 892508832 1048328707 370055554 1602037709 1095889740 -867951533 1519654541 -2010175394 -391752221 -1057886560 -1889610979 -951868277 1035434787 -309769221 1432557249 -1287361188 -2136052747 -885696622 867177953 -513154558 750497237 1439871007 600465736 -739211025 
-960575216 1152131127 562695793 1465569109 1000873836 -1722356204 -1395331803 -816899707 -2035217244 -1566523580 1610846605 -1590905855 1881129707 -312128744 -1136165953 -1704796689 -132861835 690837791 591839368 122325004 1562426446 551928855 1133720835 1425695051 1196782569 -1827594464 2045218160 -108468208 224986514 -691327994 1550758723 -357417721 362866260 -569349214 -1392071525 -686218148 
1053298552 -1204133783 -1129234531 1520799087 -105496929 1271066611 578480622 2131523750 824646850 -1972910329 -465006149 -2036318150 1728702069 15803551 2105183869 -2057730611 458384342 
-764597820 -815495452 -219933198 -471418714 266565527 259993164 -1265286258 -825420482 -140852459 1613866476 802328164 578241530 608504533 1750986369 -1731010849 859444935 -1560008678 79516179 -1089579164 1675660834 2038165093 -103942842 744146572 153328505 1900820983 
1457338095 635786555 -2015826344 1050201513 1339492859 1663852127 -752113297 -370058218 -1791771347 -2028599186 1315223447 222330784 1424159329 1048286990 -605075457 362576339 -575910550 -1908282474 -1667079415 -1557079310 1969916428 1167882629 237394196 -80443952 50878667 -1348543236 147915642 -1606199249 1014612284 -1106312623 -1144332501 
-1044883018 -1336391400 -1095139492 -1929765902 -1525747148 797142904 -1063468618 -2142226774 857831662 1316561133 -1487214486 48857006 -796136218 1161801675 1438300250 557175588 -489610524 -923670164 -1545382984 -144910009 1163582699 1351526259 396445454 -1350663750 1212814451 -523619192 -1532264725 
1972727709 294756223 496592194 1959531808 869689394 -1254574295 892592883 -1136675519 -1481315577 -1909491313 -861198670 -1848367370 -562946602 738995060 -1960668299 1283809446 -1953436826 228272703 729608600 -170531513 183505565 -1029603215 640278038 1629369664 -2031777664 
2060196196 1793951844 -1596638947 1741135711 1791219878 909981231 463056780 1494364062 1560387532 -1805676759 -405672245 940425339 -1333608572 1999314462 1447587630 -1010166499 -1909897453 -1892154623 1987946006 -174334444 1017206791 535659913 -1430121868 1197644232 -732477636 1547125517 583433645 -1864351979 -1348452511 690584610 -646940022 2057925811 2029120571 
1772490539 -760791673 719595015 -1205648402 -1015523142 665961238 -647205484 -361562640 -2003768710 -1863327550 1833980436 498515736 -1890313074 -1436310185 1612541419 1876977816 411842992 301478708 -1820687047 -684427283 -910106426 -1695959962 -298073080 -144774166 1958342493 1433285818 -825923365 709609833 705575646 -989808536 879613191 
327133998 -1978913528 -961363423 -270656220 1072573536 -1639366955 -739163497 -428602799 1294725376 -1006768128 964073449 631214026 -1885212470 1832527094 -973940199 73402666 173023813 708589097 1686672732 833060025 33435588 -2046337485 349364690 1371102148 
1806201932 -1627850517 151586120 -1444558843 -1328503823 -287852833 858777891 2088378408 -1370425905 -1427944855 -932035553 -1112480954 -1179602239 1426976139 -706964190 151886506 -805604947 687664403 -936784840 2083042841 
-1375699818 -1158181678 557520919 -742764849 1861014385 1908982847 -1517605694 -923620932 -912347353 537463369 983851980 -618526302 555991804 1519087510 
-375448898 60323177 1070272586 -905870244 -299134133 314706984 -934585523 2056790200 535873014 -451712868 -1677752840 -2037436431 290532747 798778821 -1168442494 -1377573722 -265116931 1045376025 1790923141 -699416995 192340717 -1133141124 
-251267968 -1185349194 514210108 296514587 480213892 1933949695 1965485173 1179662119 -732133126 1252327969 595005131 -120629106 1544112232 236803789 260029077 487546544 -1623144262 1249558922 494675079 -415103028 -596011868 1859796145 1834452571 -143898384 
-829375833 -1652370937 1091669084 565584804 4088581 1590244825 -2014821861 -995701673 -2044189914 -42702226 -2013541891 -1326473243 -1879731175 -489768817 555169729 429647217 1495003401 -1995415782 1401389349 -1365144899 625828216 1449981659 1168700740 -231987135 
1825650274 116949019 -430505353 -1983353580 -657834811 -384107131 2046108837 -216267626 -2133752099 -1667398726 395317746 -951393223 949124303 -658010235 468373322 -203972546 -8439429 -407057398 1700503262 -756321215 -1937557783 -2053049094 1299708868 1522851710 -569710371 -30873848 -1729521693 735376205 -233876212 

612120736 1252410170 -1039354149 -1135826506 -724166223 -2106926723 -1756631400 -391428768 1718997554 1727955205 1845950168 1734528156 -194674083 -273470580 189695380 2110206561 -442148084 235246618 1504793676 -1674044899 782775271 -462080042 -1305631311 1704600263 
-2013343670 182720356 14457897 -1454116298 1037357451 1196063770 -1083673747 -197199857 1387997060 193681044 -1694927793 1502967474 -748057614 -1426471570 -850057050 417779603 1507973387 -873909832 749675291 1673304837 -1577826680 
-1750268253 576727616 857814747 -1865519823 -1778572436 -1314512725 1961025951 1513823207 -1140205433 -1947445520 -662869381 1103789243 -874496554 -1557115361 -834323666 1769949475 -1168255525 1948115720 1728455828 -602431320 17969032 1270418424 1493299412 -2083244624 -632247855 1998213685 -1889963588 -1727879787 -1063403795 -1440259432 78366400 -1429929194 -1009842329 59176106 -681581105 836339411 2112203809 597400877 1070904024 1841450361 -1944147740 -2125449565 1961073338 
-2116060608 1445805749 -449654372 1542624693 -1760415831 -900769193 285480683 -980787187 2023217954 959282201 -1564843255 -1203852614 1430045902 477711784 893978287 401870895 839011113 -951474361 1383934584 -1586261012 909038923 -2089035074 -1623468653 1879021268 1671595876 -1271611775 -1584105794 -292947771 
-158545868 1060007986 -440514248 1853391081 -1905452336 -988157782 526828935 -2066261013 1022374005 1630879611 654360219 -1968221238 -1896611881 -1852156226 -1975613392 405819409 -704039227 552345164 1926249707 1522406802 913026056 120687035 975350529 -1376773756 -337734126 
387552616 1668531074 -1115975276 -1872468941 1322482511 1650103438 -1542971008 -5890077 -329528832 2049055646 1465872590 1515202431 483731166 -985111348 1064876872 586086787 -1316894421 -1420126417 -103258761 -80727425 -1552784870 -2122134341 265659219 169404373 222451083 111838371 987176384 -83623924 1484981590 -765933443 
-944244556 391187132 -1492953138 -1935032063 -1198523010 -1831653525 2133892692 -114744095 -2076190086 1787816853 -1163717938 355970451 1135941161 1869409465 -289426185 137868494 -536383819 1481696808 -1921672140 -1622981481 1890244559 
708243221 -541207046 -219507125 -1742102438 1711177183 -1863849371 -2102932825 -562475739 1285901840 -1591305474 446240501 -63011501 273469021 1534830449 -1008162920 -662975126 -332006730 -145606639 -1974048410 -596711981 754736054 1158441461 953508825 -703500651 
235495442 -1900119485 929195175 721536879 -1363206113 1603375925 1147234228 -1043335335 175274490 1560629037 -416702620 285565956 -281415217 -1177702809 -1355317210 -537188473 437778632 43123549 -822091851 -940203685 1750870957 1436434442 -1982513341 
-1572673124 260113969 1072173183 -1661076817 612506508 -209202457 -2246949 339094578 -1257639274 19339946 1502372971 1554895498 1624621901 977521300 1141431320 1582990802 414633766 1365729985 -706477639 -1787969448 1593972898 24292759 169548355 
-1271758482 668041777 317529495 1486478400 330701048 1315957614 1564961511 156386034 -289904659 15742175 1097829446 2136822760 162172986 1501012552 -1452077573 516723107 1933791188 
-374110642 -1478675169 -1945353640 -1767822392 -1031595838 1447281680 -1020079554 22882974 -430548464 -1773257103 1486469094 1351162719 -1571080790 951140157 1323336907 1856313667 -275660507 -1151837540 -1992049948 492539625 1266850282 277781820 2017190207 394841529 -422100125 -1919029795 837464674 -2046810683 817929487 
1700596592 2083551624 450799369 -1490794126 -1280161553 731584510 -1353766528 255661561 -1351044376 -1392690129 1839911754 1458542252 -1045586462 664570795 1360785424 114304406 10068868 -1211569155 1939411482 1844673671 1963586474 630745047 1450218426 1030196671 65244028 
-844185928 267724422 -1210660869 1352897350 1386770530 1298514476 -1532795291 989679378 20225769 304899211 -84545478 469151675 2137109767 1883266066 2064418879 -756339133 -1789004734 2015487796 -791729800 1374961835 1261130664 -591476566 747017786 1218787697 
-1345571256 1071619049 -1412250218 -49760805 -613060416 -2118104278 1205810709 1520696332 -610297426 1768824056 -57008515 -684913215 1973442047 1722798551 1503488726 1910337832 252305727 1490894296 

-423138712 -971101855 -1700327076 861727930 -1636684358 -1041462808 1908748789 -3685028 -66072492 -183305245 1407142377 1244419301 -1444129264 -581136364 -153034226 349923573 36834394 -561255099 945789764 1506443806 1347602216 1616080427 -124349578 657474323 
-556029387 -1844060791 1390382953 113895411 1556437471 -1592551031 1763252183 -1971823945 1656696904 1662664668 2015507511 819380637 -553118385 185662276 -678461595 -263015610 -748939123 -149508676 -834783891 1651209244 647582598 -426658022 2091802826 38443545 -1053021093 
1523951393 1028957189 757973451 -755631785 -736805684 -1096741930 2001611504 -291063139 1602401464 1116268742 -1872712527 -1154683876 805051622 540318516 -291150407 -921896517 28561857 642515974 169050751 -786158940 -399930796 1534560127 1370755267 
1034973219 96612966 -414426168 -1627833501 -1892572511 177854977 2084490365 -1659842720 -2142871196 1175215128 1134376362 -133087478 -253147092 2032572871 725850887 -1195745564 -1332122861 1761301741 702989963 -1332993453 1916994040 -1141659696 -20263960 1987465049 711721192 

-706378023 -2068740819 295076189 309982768 -516026319 -1844950826 -459142385 -1323485667 -920079355 
-1038186421 -990704520 -498629204 -1232623017 1487991304 -486476984 -1764600813 1494559525 -1298196412 2056180408 928760660 1817741504 -1603524257 1313948225 1965475414 377785580 1501354201 410614577 959818015 -485405788 -166224644 649177733 195349134 -1254783493 306558440 -806698843 498892982 1955019493 823073325 -870199087 1586011526 -783860646 -26469359 1564496132 373111228 191174157 -1159032822 -878205489 1049621202 2020464440 112135441 -870499056 -1616044160 -1098259770 1180949406 -1092397387 -120016171 -1766178836 
-602240992 1410664114 -1554770412 -203396827 207019948 1864135521 202332323 -938508873 1286837353 1166864805 -1757369225 1130925295 -770865579 -1005479999 1718664048 1486811700 -266282840 -1984113787 -1742250091 -261265850 1883901447 102019630 -564151902 1879478059 -1461526701 -335955992 1217372593 -736014218 1321278095 -1572939155 1301414158 2078894957 -1226002987 1035228535 460360811 35302865 1274418487 -289140726 -183172845 -266421423 548417581 1775601917 -1835086058 1147818443 -710195736 1689411531 -1767005053 1540306703 133115596 -1218282097 -475103987 -901306229 -1973908675 1671800684 -28021502 -1541656615 
400772628 -829272262 1747607037 159866366 -1738958130 -616940640 -1932496752 -299227642 -1701864163 -1900010712 943883920 -530444323 868652468 625500036 -1296922774 1671968173 -347297854 1726130593 1364521737 2050210624 -400002547 -214812539 825439430 -2043721864 -320739618 -1384948532 -1276024383 1463705986 1065095123 1875852488 1689599271 923937563 -507629766 1743763559 -147137548 480265224 875844963 -1631735458 -756118765 -226917218 -2061423082 224296631 -372729291 
