-413310520 -1379218709 1456241708 991583361 -1960978650 1891414804 1458134589 878595727 -1433627815 1615028447 
-14027291 -845498717 -662495031 -1437233904 -2011334951 -1998929933 1473133567 1348397230 -764338615 -2073759814 -940855909 
452589158 -102342786 -1950704965 -1483705196 -1034274894 -481965504 -969329423 -594275073 -408539941 -320258186 126797675 223822735 178168479 -743217774 -1125190747 -91674588 534161633 1761245931 -233730407 -1030762110 648457369 -196162182 
-1530385096 1863161559 -1221414598 358373968 731749147 -632903342 411745712 -374063936 -1917058255 -1429781898 -379529624 -817477211 1854230866 953903116 -1421228443 -1173699535 1612413464 -529540553 -1120439076 285158418 -1278432207 -737422169 907968732 -277366070 



3221044 -1744772776 280718627 2064932446 -1056464880 284161375 -1384912246 1873536313 2126422239 -1953068028 -1818307631 -1200120407 -1990238619 1858206068 -800412511 -1007392608 1585046066 -796740583 1513213025 -2054313186 -1979734861 -292880872 -1994285417 -797319540 
418096911 1682593096 1056384086 -646461221 1349456224 -787531409 -1447850099 1687592508 928092144 -1299775514 491743351 270661678 -409735589 1435746054 18596817 -1586532877 -2040125010 -1914243787 200008806 2061512532 -26789334 492249568 1815339452 -281566853 640682665 
1673881028 570123152 -324793033 966315654 -1193810439 -398685348 483092102 2033890750 655683861 -29125116 -1374300344 1202023146 -1388200215 -534554309 1351175351 1088096634 -1936277160 999814369 -988159158 -48096853 -241402734 -453524439 
-1533655983 -2040437920 -1214807113 979443605 -1567821338 -180526991 2090215552 -1033825064 -1544225995 1264257558 1672285097 723914146 406933658 -256280159 -50163923 1747416611 1629178593 1564829630 -315739134 306798778 -259590902 1944129174 1080666835 1914840747 -1980809896 

324306514 1465838558 -1855130589 -1614278735 -231191640 473963545 807174648 -1336540714 791650270 -1802840941 -1624444344 1342495120 753713595 -408801243 -276537613 -104934015 -1815824011 -511194332 -98183715 -180877481 1195754681 -1263739350 -252499113 -1957472682 127275782 -77905609 
276132480 820883748 2056727639 -2117241534 -471558879 1404576655 -1037889404 1392209991 1227568228 -1969761261 1098447619 -1935467302 -81026928 1183252144 374261866 677853355 425147025 -379011705 1212502359 -917804464 -1392938410 
-1192450922 635830223 -1550974200 313304165 1270806144 1864305081 1110729684 -108619528 1377095817 749128198 -1765657136 635890450 1869329221 -1341988876 -842169823 -1548623928 -313662509 -1687422477 -1817204531 -1486474606 2103319668 -911930614 414354852 522571759 -552720886 -295864711 1628502697 1085471940 -763537471 639491430 
2083071401 400002836 1229269114 -481766080 -1399030158 -572776340 -1363444849 -1834601844 2047621150 1592826913 -1901926397 2005087819 165927443 -773769823 -357864951 65477374 8291629 -1183469962 2143196890 -554266581 -333431046 -509982375 -752666711 -794965002 -922875471 -2059626140 
-1874382237 2017255370 1310992171 -1596954059 -239770891 -2104096054 1068738394 1761828382 1034446234 -1679131969 686701640 -1854419489 -670340114 -1673695805 1628901860 1287266262 -741576749 124423688 -1365900408 -1052902011 -76914224 2001788630 -448595353 -1487780209 -404327751 -1911660836 2089623549 903775629 1290593488 -1352212109 -510534099 
-945506280 879661771 -1389178271 -1653701779 1424963267 -2110018333 1633189524 -1034000801 507585662 -54957956 -1700968242 1071030482 -1743340417 -238091193 -422945171 536947740 -1237843038 -1042952592 1718731565 2096965996 1256140110 2097344643 -1688677251 2070265516 -80586016 -577104656 -731577324 1728814494 -1013538469 1099454468 -1490525172 1607520239 -1553471884 
-1945413027 -1576277595 -597041513 -2064642047 -1292060612 -1059282541 -1062084434 340171750 109615169 174764670 1249604406 -95032383 1286793999 1463286002 -1415948005 -522368512 -1755102465 2032497590 -1618561630 220265459 1123454053 -1729777539 -1884060403 291194279 -137357408 -1980477585 683695431 -1524282716 2052345856 1597029586 1833841726 -1154039714 -581345108 
-1556268615 -21645343 1128737373 -1833878771 380164356 962969108 298650578 1463649349 -1258987978 -275857639 1225399252 54154365 1593359829 -1573907100 2139941578 2137178142 -416557724 -1948072097 743173885 460814168 1097731409 722807458 -2013353824 231433384 1306539860 404313381 -895624376 
1024126129 -1946761341 1202195510 725292888 -1867309921 168200830 -1450092164 1273880156 -924337136 345271669 -1233479799 1134773744 1723916242 -1713702141 -1542925280 -2005811136 168348304 1736987543 -572046621 -554969686 469099891 2095491681 553544968 -1308182944 -554503635 -1464185956 1445575448 -473109978 1967463884 -1168590043 -2012754358 360080198 42708323 1058782469 492887799 1844022748 1241239203 1251235795 -1000993506 
609533085 -1676757591 923363784 726936168 700414945 1164352192 -552173587 283276774 -1670961860 757888677 653132055 1008113498 -1565329222 -832834669 102076850 1241348457 -1916251362 211505392 -945369472 -1310709309 -444149514 -1651080926 830221064 
272261814 892982895 1520807880 1617771567 1606010695 299098443 -16166361 -1155426776 -839858245 475377266 -998335029 -1673071150 -405578364 1968280242 1436019120 -1704861088 -573662267 -1248705272 2053621178 1564364897 429924300 -1811843179 1004273194 
561487315 -1506496863 -1236656164 1945222182 -1478112971 1695651892 277850814 -2015154190 -1019684957 2052526929 -986067561 2095144118 -806925710 160199934 -1065685311 -1961991008 -1810232034 2002544377 -1339695140 -1937515796 

-1532828308 544207547 1473570270 578629494 -208117737 1626652109 1067115761 -1736726159 2065513436 72064292 11416613 -1884376981 -1922200450 -1239190618 -335969469 1800423899 -1732158979 -551860880 -494972496 -1673349029 -1406191996 -734716072 
725658344 105558148 -1330225413 1529163389 371222439 1057241733 -1455682317 52137698 -884495872 -1117203469 -607384827 -1957493021 -1021171108 -743972839 538460412 -1280677049 -799370647 -1955485998 -1321201053 555767987 731532982 -102199468 1838927834 
225326762 -1670747011 326375743 -321024121 -277324337 1001659800 1542138962 -309070670 655825277 -1220299959 1681595617 1564027425 -1961046287 -895938351 -283840770 1538954542 -374161714 1820121493 -645931452 -1425265863 -1838116430 444721124 -1111694792 
-1222310917 -1406287827 -1743870886 1709541360 -386950538 -943764737 1308803326 -345794493 160201965 165154548 1724437620 671562625 -1057341540 -1302578755 2028268681 1884982282 2115098201 1407515044 -2079009416 1814259075 -2080182769 -332219294 -1424043488 -49992156 1163870208 

1126324216 716724038 590164185 1418321041 -1700673549 -725757302 -1877077391 -548849154 1012863810 -762697260 1733270755 629800413 -759374389 -1445808179 -1901477413 -2075053383 -1891828122 -1052042812 -584406080 1270167116 -766747420 -1112335046 -1753140609 -1817460378 -1805254362 -1726695914 -1604988412 -304270904 136775144 -450729530 -543262785 481058589 1969253427 454053879 -252638718 -1215656087 -541146152 -1892452553 -1617644877 
-726097437 -1250227930 -1184366307 122600635 -821779509 620431889 754262728 -35749122 220554668 1217122311 1067702815 1241537124 910960794 -1631966374 -264464488 -320097737 -2036410844 561693940 -857415731 -1580186179 1825177521 798240280 572373563 
-1491542343 1375653169 -1479340560 -1750057997 -831412694 1572120184 1706617913 300259695 -839182643 1219631798 1892985177 2000470080 1844582150 1701746283 -469527363 631716180 -1247206405 152038229 -306169248 -93066776 -533381352 2120134990 
2006799769 -441599320 267169913 -851168885 2119640886 -384202814 1325779846 1946525669 -20356558 -194669721 -24820257 -441444775 2076833250 1741350949 -360378131 1364290885 2125762155 -997277674 -1897477985 434221721 1569670572 -1681339311 -654093759 494012543 -413036688 
-2016802272 -987853208 -1249543557 249345073 -1749257590 1888165578 1622162567 235758472 1070827624 -1496894137 -1863107392 -390302495 -1897158654 262745924 -653732150 1470394739 352052566 708259348 -147294649 -1980179068 -930326262 1379628894 1016006593 1713577175 
347260997 -1991070541 -440237336 -212303992 -1859500978 1850781546 -438909429 -587475636 1127531688 984311496 -1005957118 -471564396 1951454806 1013110228 -857073038 -103012022 2074962734 -1093122873 1541630137 1848850393 1558914572 -847874967 1032506741 1349229760 -228491520 -2094080513 -1924091473 619782864 -687089708 2028522961 1371699466 1893540294 1286682788 
1447601762 -218043366 170022470 -1844505096 -84498452 1443091111 -1569802792 721843154 1308492848 1859408629 -1579827331 1850257922 -1807345657 -497179905 607089408 -1325441907 -1983820530 1611552426 642075195 -709858335 436023694 -1568471058 -1750612969 275270136 -276607769 387208518 -526637050 -616702701 -1926293901 2091501886 
1379680058 1540816231 -594809865 -186888650 383588725 -1595481039 531254550 92384359 1399200035 -302492836 -957317486 -2039673509 -727489921 -797832908 -2089697715 -171581250 -2028267445 -2099001735 -141442180 -686699418 297272634 -2020680032 23753364 -1540657500 -855740787 -1190839593 -674492093 639853745 1588924007 -203012718 453526387 1554890319 -164295990 259035099 -918362529 
663308238 1295088737 1386233 1778587705 -864275158 -1929929727 -1615885746 561156054 -128736551 1043287746 -557644767 140464377 -1609963472 -1036312115 -1050823154 -1376682983 
-82727706 516285930 -179930975 173192992 -553494993 1326161518 2116175701 428580375 -507203572 -532499984 -1551230561 2060469021 -2010904210 1886479002 1021045774 -1516163469 1167294577 641361599 -1423763809 -624617886 1833215951 1711028330 1393512982 -294412103 1319039075 -1169946741 -2083776577 1515162136 
1442751236 72193972 1005233084 -599105985 412744223 -765933985 -1078579344 -495201806 -36934961 -29626320 208686270 1989732449 -1291348138 470937256 -1100889166 -1924208519 -1735303937 -2140533123 1553639200 160531113 -700451195 -868277287 1358012368 1495961683 651404570 -1670728799 

1166726934 -238226622 -1465947570 -1483801766 -1624640377 -1143738814 153672466 -909341263 1158979213 1827835449 964753650 373548476 -1869775547 950484577 -258551475 1957079853 -818327659 25808292 -1444534358 -634432614 961205325 1153568041 2146116765 713094129 
375632866 1801453504 1424918854 -345152983 1324060005 -1825674619 -1337244153 2008104900 460803875 2099994382 -1400820949 1436190107 1962384294 1515785403 1367297519 -259506177 1728324899 324428778 -389482889 -1401039494 1174327770 1130084460 -860291092 
854034955 -449690163 119322548 459733151 -731816177 1505370195 2061983654 -1495675813 -434431686 1043707002 207860343 -1317243912 1737690655 758599162 -891946287 494464592 -535845806 -1386351716 -2013698310 -236063492 -137906838 -1103078791 
-1162849433 -1607697385 -1606358361 -921547240 -1222476595 -1887281239 -950377714 -546220760 1957668494 -707340868 1106833595 -431150016 -190658730 -121671106 1537358409 -961681699 -1811507319 1408933677 -524646272 -1033330495 -2102841927 -1448739597 1993895525 468268012 276496844 743927268 720460119 -431090103 

71913754 1705975091 -1656198928 -630083790 848970691 -78582327 -2009004955 -967135972 -1133673628 -357709510 1187302011 -1422730239 -619534032 803375510 -905063084 -91550633 -1150685681 1601536987 1117396509 -90214187 1861970538 -601766821 -703040644 180363670 1604054403 2070447992 -1585832432 -248167793 
1779805037 2073101812 474437134 858712590 -255906558 642756115 -1374062163 -1580377818 -279953777 -1027275064 -235476909 894259032 -1461550857 438176128 444176790 891952224 -1357383042 -1172384109 510370802 -1043470709 824620813 -494811729 -1927750012 -1770684649 574581269 463228462 
-46200034 1216168657 1940963893 1885644443 646125137 681658059 1736881663 704723446 -1662900467 51498628 -1485141658 1505644938 1828483970 1490776600 151947301 -35980820 680466950 -532625184 -1511351440 -933628410 1228972945 1988656033 -1908388227 -1826571017 -1102804237 -1934963152 -312580503 208757428 
1687173372 360049238 99893169 -1200474920 -1968986550 930131197 789565197 -1035987702 1166447943 1664537940 -1545527038 1597446841 -1513363198 -662441933 -369040073 2079286759 -26101416 1155286930 597593202 -1306461455 -1248966848 -1358673031 1607939310 -344025303 489100302 
-964935797 -490495956 -976113700 -896451152 1715192339 600897758 -1702344334 -779234963 1647838933 -1964160283 -1381479679 1195414265 -804492696 -1623315384 1476896319 -312858472 -390778485 -1280008278 1022823270 -526231473 1809892821 707215008 -1501641560 1957859684 1631218528 467693095 -1021111503 -227870278 24212814 -1039413488 -1625221894 -189172275 199378483 -128213181 -1619953028 1894441676 
1861347516 -68999261 -253558092 -1170928559 -862574138 1589258297 -1618846219 -1129358652 1786129343 -1983359594 -594453360 1339020817 -1446801506 5710691 -1178812227 2096156336 1587773067 
-1879285385 1364331507 1621821672 -1241725577 1112895208 -617794503 1864894712 -1157736218 271072125 -1758413880 960334825 -1342680833 1041051402 781738184 -882547796 140990179 -452442431 1201188007 -1514597672 -526375945 1555052353 2026173521 1984069746 -761717490 602660653 
-1377937537 -630206875 1126346406 271528169 -465735036 -1165355791 -4616355 1018355629 205160564 1744047013 -818389124 -1565936037 -586341740 -1376891585 2135930089 -600671137 -1411839634 -101933650 -770773921 888327905 1798896720 -1251399957 1378947487 1747743265 282923943 -992540334 -1634929276 -873147022 -789079364 -685789867 -851975558 
-415125546 628937147 338864104 -2116074411 -1140999056 266971997 -1461541830 -1596702643 1250609309 -1315507250 1607290054 -712860692 -667001377 1590991373 -1280927924 -1614109953 1505799025 -27027932 -1406333678 1010518527 -1945738859 -2019408267 361569040 2008107751 -165773380 404927904 -1085289126 
-1817392237 1787253411 -1683566709 89750639 -1912690666 57129337 -1175830004 -532985858 -394026335 -785902703 1785682265 -1687518873 -54852360 163324661 -1846152051 1830246054 -949799484 -273454093 -1382332894 -309071508 975628594 -1910293835 924453686 -1865631075 -1727432031 
-387229883 -360601835 477160180 1323901698 855235395 -633566368 -966650706 1415267116 -984935221 -1599750449 1779022549 -1634388307 -324317981 2029338610 -1517231560 -1253438097 -1593695564 2050741017 -756591064 782054538 -94342714 414686690 -1454535085 1405485031 -713952577 -633304886 -336759474 134266334 -577845368 1546148168 1044041999 1781417056 -575117566 
1373952827 -124345206 -934623275 1049677261 -1769968280 1816422020 -688839265 1561411281 1028696189 1181439918 -1229934776 -2018325480 1528782377 -606526515 -380742549 -48747183 100521755 -607241497 -1167835147 56429563 1773121904 -864017761 -714266195 -784997948 1328405402 1903700693 1600833469 1967522888 -1048672809 -809382473 1077489675 
-1950227561 -1623447799 2134705096 -1349824837 2044076547 -1729585374 -1063312589 800488458 413336383 -288444718 -571202510 86362809 1915215625 -268466308 2098323270 -792709170 544793327 -450396389 564006166 637895219 1716320157 2009575698 1548626483 -278712504 
-1902629361 1863874577 1478582820 -461353873 314834658 -1850564589 968977898 -1287217720 1935904017 -866386297 1245276070 1031074870 1229426764 1026958671 839288372 768906011 -2083807356 626240122 -1251005778 1778049415 
-396270510 -475815224 -599047782 -1944773875 100634774 963659342 926482987 -1546351025 -261435303 346074956 -539000170 1248642243 848866401 -1128032592 
-895982880 1811352084 -1478105924 1877151193 1122555642 -1666086294 -255164777 -1988140939 -892235112 -88543747 1415012493 722643395 -1267431183 1497896524 1533151914 -530409475 1729533375 561619156 -938649357 -588061766 1633806519 440029226 
-1415722518 -1856564456 1413423690 1305786942 -394582846 2033535475 -1730227049 -210054645 -30920510 197276530 1390971247 -1900978256 1544888247 -1298652450 -1569682814 298185899 -440443993 71936695 -778691447 1942053153 -1042904592 1261597485 -1396498554 -774714433 
-430737681 -1810947657 -1951569262 1614898308 802886696 890208691 -1447513159 1673970688 -1029328424 1940142133 -2023234708 1913359412 968226805 -948177265 1098097983 -618875604 -38630294 976834797 1041451450 1850734215 1785808320 -1213822443 -1017886682 -1619895464 
275792701 1472762552 188478471 1032037141 -245445947 -176785465 556130075 -1897013759 -1683175610 -683672549 949619742 1616439221 1009054105 129554551 -1913465964 -953339584 1293144719 -739547514 500978275 1876065164 1538333180 84450189 1329352419 -168703955 1168665322 -207503721 -727045141 717499784 1559896360 

-787415876 -1400030547 1190802892 -1891977073 628504822 -227099301 -883825592 834441489 -670160746 -1364962243 -2135184546 -1784346645 1525720503 -1828735962 1598060527 1620748692 481134154 -1934768009 -1511117679 -1478935127 -267540570 -1081007067 -1507257276 2001345910 
246344439 994572524 2115761834 1007260897 -58051431 -395784750 -1998467414 616151795 1256864548 -1907632860 -1146646462 292929106 -683990656 -1227708169 -1783797969 -195494796 395958506 -1013722370 301590048 1369901386 -1435269932 
-136787809 218361932 -555020267 705503324 440108404 1925838746 -2111484540 381379341 -1063221883 -217658656 1217409042 86257153 1326497205 -709808490 1861129805 -2024189813 919527028 1240544266 -1896983210 171399854 1949419859 1635611537 893108007 175125631 -1735491571 303590336 -39593784 676093083 -1626238952 -1963758482 1029423468 884209660 957404114 -330516854 -630307715 -272990017 1432099050 -1057844804 1102055408 -688486222 665076800 1135425374 1034834025 
-1298056307 1987401655 -1976712506 2014513160 303012304 549068502 -1270796279 -1758184792 1154578461 -1668528443 -1930852938 -1842048306 -1545552625 964010067 -68663198 310228081 -536012774 -1786999376 -713921844 -1867253306 511191154 1872650185 594774238 -1999670452 -1413635426 -1594351027 -734142757 1409528904 
412374599 -384840343 -1241918068 1389693894 1770303773 -1766624959 -119124287 1834978913 1292468120 922772485 -860278588 380645327 -767040404 -192042565 -2089409557 -245388255 214721766 1656351754 1847021758 -1566456810 1100631921 435131460 565338720 -185434746 1570979540 
-493027683 1049814935 -4774221 1738906350 -1562739301 844587712 -322489656 -1648402744 -678819514 -893894436 723829138 -604715839 -362702447 343514244 1584630043 -1967050695 470393538 -1049946974 1345906522 -1782451974 965199807 -1115907123 836617201 417940679 -1077025020 1310116281 -267387505 -2136300015 213601460 -330167753 
2025191118 -1653133856 -2090374570 1654167248 527759365 -1628786781 661274209 -1259174731 -1324887872 1836690576 -918053388 687084916 -426280468 1820408973 -496428350 -884817212 1596948836 949024975 980013770 86324612 -645828900 
-2132721103 1059434142 -388569118 1522213870 358992396 238985347 -2019489147 863436100 -1089498076 -824166938 -448440373 1359157815 1809239068 2125563162 1901598493 447342398 -1102042807 1785001951 -1661184173 -813483594 -1491164586 1919193056 1917508286 887812771 
2009436760 201330750 -1899285370 -1623269636 -529209518 -797240083 -1677427138 1631784030 -1348236934 -626670570 747746591 1505329400 -2132087628 1116589626 -1718912767 1033772102 47652913 -1702326197 935820050 -414282952 797437215 1654786305 -1633926739 
452060003 -62479240 1150842286 651014787 99724698 1055204301 1950257191 -1472316887 629841160 386596823 2074314409 2084338849 245493264 869062938 -789084631 419848692 -764992080 491036529 -216806231 765365414 -283509913 -325203682 571187622 
-208112367 365912907 -445776184 -1602053869 -1286793697 -1266228587 1735731392 1508705691 -163998001 -2104601402 172866562 -1097016342 526210747 323991327 593578647 567215134 -1568286723 
880382363 -605411408 1024540606 -1512930053 255329168 -1625373774 412313062 -862267890 1412517988 1914726671 914542869 1418050329 1181170106 -2044585925 -776931483 -1521924039 356621976 2076280718 1790589042 1433786329 1763617061 -1292884357 -68324193 1394605815 1259314018 525747687 -2003911344 -93222246 388530121 
1275509253 2030349522 375475763 339523634 82671349 1212274472 -45254278 -1287033879 -422027835 2023161012 -1539948022 -1486259592 1788158488 -196653107 -736607601 -1136701573 -895753760 -637983127 -575636778 -8245042 -144595061 62080718 -1258368212 -501851913 586366105 
834628782 1198322845 16743017 -618386821 -691484079 -372074725 1574930739 816474984 -786563181 -1360379544 -1262181637 -1422719818 2070069499 1600375701 152133251 1292976160 377009703 988002215 1619373447 1457846334 -1674516987 -249431312 1360899017 -491681088 
532425674 -1136433387 -1746971342 -2136801505 1661160603 -843818325 1795583005 1415825635 -1336271818 1971156022 -594881921 -2102359267 597574254 1971084974 435869986 704953515 -1107100396 -1234800874 

123175355 1762555385 433086262 1077161786 -213386078 -1068694346 -1602813187 -1697208972 2127824915 874013471 1657058681 186348738 1227185998 663610378 1376295763 -223579649 869386381 -910111646 -1630812103 -1385955169 -852935422 -749467345 -2018914562 -637535217 
1999354523 361470441 1444191413 349214086 -1972574374 993223057 -1465958821 -795248130 -8693935 -106229548 1343206591 2025292318 246179726 -1824718590 -684557641 805109976 -526047361 -572530143 -1971908009 -438568151 2028654299 1356994928 1291685949 -1214438340 -899204778 
-620822634 1647578051 -2117166524 -1419434429 1195710734 1185532331 -2029612608 -1638693019 -1136742184 -845310736 1221111307 232686750 -1002731210 -1673795294 1175922070 1356841102 1370351165 1019789250 -1254941793 613335002 1031966966 -330843769 1804692059 
343247180 -646564525 -773472221 -1270107564 -1086466069 -873999733 -240857858 -1969232005 11263326 -1748235987 685975688 -2019931071 -1420398068 -395774012 880709579 1343799643 -1022057354 263086024 -758035728 -1222118200 -1560733676 -1651784520 -925250450 1620382808 1783114607 

-1328054947 -20955251 78278234 -1436942941 -1519328718 904493035 -1733502320 119023058 964825951 
-2028878217 1679128864 737398060 -1151140011 -221477658 1223308469 -1290492850 2095265177 -1082520286 1514432358 -346459399 -1109100107 512721948 -414870062 -2033397606 -1183042184 -316128718 -961717849 1437628817 478016395 982199327 1480396986 762683265 749083851 1204932210 156315934 -836887586 1926174228 -1216713262 1641604673 249559342 452493831 -1080460395 -1437010773 1404141038 547619503 383885059 321816917 2078882309 393097574 -1995604307 622037964 1167348455 621905318 1000423587 -348812721 -456198201 -311885388 
-1649064398 1011199591 428664485 -2133232755 1171125771 1375659575 -468659604 871866135 -186000530 1241346521 -1877336364 -359001323 -14188740 -2019454191 -741715084 989769080 905092979 1365016194 1354045764 -1383490968 1858701068 -2073136549 -1230104759 -1255700449 161485145 889829073 -536788588 566275901 -1544585476 1715263034 2030909109 1001831460 -18915502 1497197106 -1862988664 1263859649 686136284 -287161194 -241935957 -1951691545 721399580 614037558 1766184775 -741949138 -662595033 1210552310 -1800889831 634106169 1269048123 1195327747 -257923359 -1081935866 29118232 -1177780921 -2138166036 -847490151 
899432203 1809185063 -1988603495 -142898735 -565782159 1047327034 1673712493 1015705405 -920907986 -93128823 1098390836 -48723178 1647656051 -329710263 -1036627915 1145376252 2031045291 -510271933 -19130027 -452726999 1410845878 -139339940 1229621733 2123041354 -1333756160 -307545667 -1891467646 59877682 1847491315 -1419894923 902123592 -1548859568 105787469 331800421 1673110875 -1949917919 35598900 380046310 1243504174 -1806807825 1017711302 948454239 -1256738671 
