-386116732 1758808667 -1245162438 1077943264 -1923226354 431835721 2022300293 1486284270 -1318381287 -2019485986 
-479915528 -1517805326 -1276005375 478302575 440981682 -1211478608 1444441345 1663426903 1811250862 -511650560 1151279066 
1191751773 -1270836227 -2078583429 807497299 -685771400 2033614780 -1942110031 -372146949 -1586729273 135988813 -182183203 1667630952 -949639388 -1187883544 535343553 558859185 817941785 1381386926 1328552949 -2097827121 2002563800 2146163292 
456807504 -1358929982 73631184 2098109341 1199318732 918733165 1480553812 771832178 -1451213 -49583376 487616563 1046186369 1128656334 1192610487 -1306270228 -699482583 -1621801615 1533940632 -1631003854 1928037577 -2045961422 -948198395 1475818118 -1814234041 



1843637533 2053124964 249526910 -1329146601 -844614261 -668509866 -1428215753 547592565 1675938559 -870163202 2008786565 -513495088 1292800026 -1711089221 -1917620152 82505493 1223605731 -1274082712 740651021 -1384386234 1895460634 2129107507 -1920910542 643187771 
620500444 -1979087966 -1943188395 -1472615414 1539578988 347717500 1883949070 -1797171236 -120778555 -2103198569 -1644170897 1925674023 -1877406163 -950048879 -1888151537 861540761 -850593519 2106953220 -2059780704 -2075411138 -730836559 -624003343 -543845584 1075953254 -1610734268 
-1788901807 -477277371 -573721803 -211900449 195732866 1267848287 -767667804 -1330740986 204649923 -171545003 -1264106769 -1624506988 -634533742 356740635 369575251 989259337 -612896851 -796181517 158232911 1766643711 -2141945387 1108471056 
1945536200 -1270441065 -1131388153 2019415263 880877030 1889593114 -108452543 -1238057450 -748102457 1031657266 -89554796 -1330043958 -1399068071 597262091 1330051371 -2054217713 -631857136 358109464 -1094841452 1180241811 -1356349216 900283769 -1821373145 760764997 1649388557 

2133528029 -803291140 1224668248 -47822115 -1314931812 -1907441445 -570309658 1514380363 -1078600941 -182720980 558227731 -1830230834 -455973596 729696791 -1190327726 -203332244 -2012457821 950713240 -1353221658 469429066 -1187707961 506664479 -356224271 1251436398 1691786305 1528803268 
-1483478984 -404071531 -154921188 178099746 -737728717 -1451333162 -1905443454 -1655165408 847195371 1339534870 -824037905 -1084130731 211522293 884570443 -997114077 -420633907 1837434468 -805839028 109803632 -1352973048 -491126458 
34891362 -1228730127 21759902 -899255938 -1821229598 243301683 -382881756 549512840 -1679086555 -663104099 1120219661 1935795871 -733745364 1523204982 1062358601 1313187542 -2136715750 1723669997 -1912840764 -899119187 1007906142 1429908149 816146258 1441994681 1883751574 -756826982 -79569842 -772621880 1713207859 1489607949 
1722352552 1978155374 1090317722 -1132955907 -625265872 -834295056 -1113161397 1039281204 1274540464 -1534507281 -2105996343 579329757 -9447169 -1237599334 932776289 577851194 1386411250 536077905 1873350266 2060993244 1821732765 451025628 -784559541 1091038799 -9278964 -1299534302 
-1927316648 -338782039 -1883948637 92120288 1361970589 -534591922 -1270444615 1397216595 -636360767 -66996493 730155831 -339195275 -2096907720 -1735811896 -2129708086 751444295 -1460760537 -1463944417 -124883048 1115311803 155713699 2004365439 -132705321 -1035058167 198531933 -84143177 -906385581 1718591650 -323847436 -909986687 530185764 
-570056286 1081945898 -527718688 -1239473728 -1929556865 1120680725 -1343776507 534938672 813557096 -1370466825 1165291399 1538281918 742848590 -1587081327 -181311053 979850062 218751558 -657867224 668131504 -577291467 -727159161 -1751989675 105496825 -341629476 2069847743 526182772 -1498943671 -1729801912 -998032457 268082314 1306523244 -694111652 -354814936 
1131592701 -630267865 -378832435 -1744546398 1406392146 -1337627521 1047889836 806810588 1950680836 -1670699829 -1965727501 1454498017 1623767036 1495358142 1596214547 433760662 262335303 1073256932 1164069043 -925566851 1737037618 -1868673214 -324907534 -697166615 1575507106 -1486948802 -1634407049 1863294340 -1813343862 -676148138 1543020322 -1761453308 1320263945 
199811224 930398074 -1364044227 -1295842533 493363403 1606151511 1517864986 -1558785946 1195522598 1530574554 -979192867 -454666952 2034260684 777290662 -1911793967 24581344 1784582408 42146162 -521873714 1374831142 2031998147 -1110401480 1032031507 639572411 -194357610 945741759 1092216011 
-1194174585 -1152488556 507183094 -508531042 -1017859916 176718175 1608381100 -1333398800 -819667088 1067211365 -2135950733 2010411187 -1433365503 -1486941354 1374519632 -1368480244 -1678994260 -1803125433 1185598706 1893632561 -2014217797 -676093644 -1398619563 -1679497891 1563916988 -939392999 -1438319461 867511977 -802040696 -1080359696 -162677636 -431236093 329640256 -848804557 761428433 1644062267 -2136327980 1375538704 1743574199 
-1540430574 -2114255701 -596552575 50573732 -887606331 -131402402 1517242817 1272723248 1496868437 1243704492 660527407 322446648 -47004025 2125854411 -1213725191 -556140456 -1638134616 -733117692 683157346 258680274 -1329683509 157543888 1795940844 
-1967509672 998618364 -668490137 -1288059851 1241849606 -559852705 1727926012 1880629265 593726384 -664814064 -1289231347 -522529822 -1449459994 769759878 1226225611 615218804 -2014303843 -905823166 848165010 -133569170 489027517 -1984027538 -1934967762 
1768902868 -1425341122 -1415757877 446618240 1619208006 1811778299 492826557 -1131034137 -2015117762 -1897602758 1617964444 -2146304175 -882730279 428744921 -1499787138 123950656 1506797321 844819710 -710921450 -69691483 

-1001165850 1510311884 225411578 -918132596 605627115 -970459299 1522522345 -592928617 -67176282 -1032851393 1916509973 1514308320 356684127 -1036276458 -1340513809 -1124745770 -1105355284 1946133059 1892886626 130996437 1578580992 -1668238157 
-99711753 1329703711 801806601 -8898265 720122464 8307464 1765847074 -199472133 -1591803531 -974195574 620640393 586731595 -929825266 2138621216 -859008982 -72278454 -966224692 -151066501 -1773218322 -778161648 -2120355390 -1262059800 786573683 
-772839946 1555136117 1063652924 39561819 -1447583930 -281089821 -1094227124 2099965827 1016888428 642810944 887067194 1350806608 461855973 1497764780 -2007990372 -2068876540 -285495477 -796665401 1751873380 482938410 130696309 -291085253 -2042480037 
774577579 469914806 621357230 -689990663 -1358619488 -1971382087 1564580175 513816442 1628952827 -1769922450 -754419266 674718655 1103973844 -72849348 153607301 -93140908 -705349061 714941007 -1599834481 -1987391210 -1481906894 -318585981 935121055 -1560408599 -292855518 

758223826 -289312202 -1059630418 -812760900 283705595 -545959751 -1843962294 19712882 1995789327 1490413113 352621365 596294431 -2082387600 1897848053 1285798299 1647892579 578652530 -489332952 -942728263 1063247663 -410255522 -605878963 898180067 -580872920 1836566264 -1752620562 713209439 105870470 451878553 1098468710 -2036562975 1047533092 246750964 -1310223555 -911312393 -1305018493 559422341 1278786641 1146526170 
-6372124 736160533 1815910040 -952301197 268946671 -162670188 -587487230 274308956 833076783 -620970410 1479876723 1033518313 -1073704137 -1572017213 -754473446 1980872576 942480888 -990153001 -1289756641 1909502741 -95765122 -515352684 74130528 
-1409653352 52926113 269877091 -2114650563 -1379299671 182246209 287859010 428061695 -883795297 73718132 833818119 1626772721 -686335265 1908760796 -339598946 -492968203 793298107 1045851102 -1459853206 -620967067 972518868 1463694772 
-989802544 -354334241 65840535 1873999401 -327459786 -859927675 -1955425896 -852742102 -1556370700 2147142647 208243020 -1918089642 106327731 -794204081 -657991407 703352813 -1930262893 574010879 1331367159 1958474078 1946856508 -266686433 -175431761 -1567628875 -731261769 
1425866979 -1488936591 -163034897 -541461411 -552899003 -48158155 753606905 -18749874 333562565 744288796 799286983 845725741 -679382305 -1484508331 -1676244523 576834599 -994348651 210332167 1697316045 1338332803 -1034439907 -2072417470 -599376680 978385428 
1534160282 -1396118293 1920709095 -2058237386 -1154527188 -1415379129 756595631 5829661 -2005638778 -542958404 1058280130 1477193638 630983024 320315377 1002403401 1279877557 924000262 -1835873806 -1932617816 -454226596 2044558224 -1989558627 144869242 -621243791 1427967084 -1810832653 -469442691 2044203021 -1481137260 1128856433 -1771942336 -1587930721 -645611340 
-83476257 1465432245 1708631064 1849446751 136779181 2052621289 2118504889 1140134205 1202615722 1466296518 1086163769 1335345092 1284146805 -1996827966 849955248 1535752271 -1925901318 -723644352 327387727 -667811710 -201756366 46204449 85808134 -954317196 -761777129 2110880582 -603671859 -927462645 128317912 -663698095 
1528435944 904197060 1620661986 -114914218 -538291259 1390219374 1782999730 -672073161 -549245614 859302613 -507020777 -1585359584 602288070 15175338 1958965271 -720986978 -2121899672 1825974157 283891135 1730034218 630446971 274397139 1923476669 731716267 -1157194242 654219560 828578776 778099842 -1482962485 5292763 678334411 1266453278 84727341 -702840380 -1272034468 
924417264 -118410360 -732790639 -381584859 1468987998 1601825550 1508870848 1002665758 -691847730 -1589272832 348559805 1150265418 1159185731 410148578 578241715 -1477844952 
373079302 -972326229 -431838347 -5777717 1367215571 -1002551240 -1695525369 -232071554 -1849864178 -324896595 -1454067810 -497449510 395130433 2040017988 -1816581634 1788952773 1342756159 -142170737 1955922999 -653012054 122461396 -203194772 133846362 1412561121 606332457 1570574844 1662256285 304749691 
-2049907910 839230357 -2008273880 -159963846 -1827998565 -1544018381 561261952 120071617 -2069294815 -2049198530 -943034555 -85453137 623745252 330074209 1547933414 -698323651 -221714928 -846868454 1162342259 1376279798 -2119123773 2123498493 -1301903230 -333563300 51572715 -1123846315 

-829135965 -324582321 -1346826268 -1492559577 -1767577938 -1104845054 -421246053 -1277585864 -1475983056 1283090297 1614823829 -2011069274 464310632 1198126945 1162069349 -1749198501 1991942737 1318904338 825678890 1287010475 -31692131 86607371 1771468348 -1837289551 
-1472395257 -1715628867 1895054166 1029827973 1617202393 1909501251 -553888416 1587665748 -158749636 -922365162 121095599 1314705296 -1802083908 1565909747 -273295079 58867976 -744796924 -1006408437 -818154049 1067676812 7248582 234136915 1245031109 
2126719968 -67661514 -1289822811 -593584499 1929282615 -1607524610 -948846133 -541106558 -562197196 736828232 -1486295463 -618703783 -1262094995 -317064548 844387523 -357160689 -1132134079 -144193200 1539883650 -143230356 897146386 -190861978 
532393145 -318957136 -527914214 280435213 1825894112 -2050551182 -611856884 1032982132 1371386245 1628083108 201877139 -562920141 65075909 -395522632 -438252635 -1326546600 1131860205 -896421044 -1739061208 494135787 956980428 271106913 -1859602288 470899025 1731565562 -840754838 -1674869659 1873821274 

1598919694 1290740727 313164270 174321471 -194221400 -144229583 -1016816847 623763692 82743478 215401780 -983525609 -1529343643 710077493 -422286883 -518156312 1082751024 -1312962617 -1796360863 -693160479 -37578157 -547289807 -1543356239 -1993760553 -1262841895 1409530404 -1242279048 430577003 -1343838976 
1359876289 -42153180 -1417258442 503984580 -602002233 -46075621 -385918252 -3912251 1786619920 -214364446 1098295041 -999414153 -1105788206 -397551960 685887047 -1099153890 604257341 1510815000 -1723694969 -1984339450 -272556247 800326334 -1953742259 98191900 816674299 382626761 
-1294655518 -2108339558 -2128413530 1419024459 876137339 -2057739963 -366046935 -1976160547 1823663501 1534369894 473626234 968004664 -1247504307 -2144204029 1324256206 150013889 -167624310 1576176453 -1872374239 -1212210472 846960676 -859405607 -250755547 -2055659642 396398241 -783302123 217210884 -895818578 
390418408 503160520 -392703706 -476171769 1803357445 -1098919238 -710158618 730667374 2125256395 -1621191696 910758483 -941806669 -2034981363 -1770501393 191154687 -357301255 -767661122 1962957633 -2020480882 384384864 1881652716 213132964 -1714583932 -533766005 -1561056200 
10323398 -138288759 -1006076694 2055480298 -1977808814 2065594259 -1681406313 103548392 -446729559 1032105769 -14269966 -1107434070 -116588171 1231162068 -803982746 -52353690 -1540175129 -1357196977 1304231443 -80764891 1331278978 -2073623376 341883469 -1941786152 1387691704 -1426563867 -1678149637 -1512171053 664544932 178622824 1054286461 939641383 1595420955 1035152513 -575028220 865547446 
-282701662 44145957 -2035514465 2146484929 -1955600712 1365974332 1766454318 -1889016258 -1437010617 -644651309 341127756 -607270533 1265376824 1310076910 -805312836 -1054727588 357240858 
190926874 -1543402918 1901254033 2002890256 -715513509 -1692856635 1810716822 -218754102 523528331 1692724625 1776605956 -670026999 803098848 -42232167 -988092166 -1319665474 -1557036133 1309239544 1585220175 1722672153 356454223 1027418718 158936796 624626855 -115247005 
-1213051615 -912132314 1024200878 -1291011179 1376865988 1151255089 77492725 1964115421 646884228 -795492858 434582588 981545334 -134149311 1927821462 -220087306 -1506181427 -599850053 -33436542 229874739 -942385087 1074702955 -1541288769 1714769401 -1582862249 -286318707 -1177887918 1551465605 693830485 2057736491 -904420207 1777860717 
-846468774 1611037154 1658704575 -510541552 -405186512 838845421 1267102434 1173858675 -81809770 -399398725 -250476102 1247170572 -189577542 -858908456 1227248040 1589979881 -1804134466 -179977776 -293924070 1293351916 -1914410761 1541928935 -1077299849 932122119 1120532951 -1530878355 1757662462 
-1713000250 988437934 130112384 1472921658 1513340651 -1191554634 1541914684 879542615 -1559506552 1091176710 -1931539447 -1086161894 243156420 1029928370 -54028395 2097667056 -2093326017 -1868845370 950176750 -507640134 901692772 624720706 -1651162614 650858979 935820093 
-129637325 -502112086 762693935 1412499221 -1290321440 372601198 -149552542 495625816 1582497496 1820289972 1530325384 -840731289 -1320802006 -1377240181 -759227977 522869539 -611712019 2083121895 -612471461 -1592817373 -1338837989 -1318928833 -1572148179 1273801377 -701133709 659051864 545166739 1947658850 133167681 -1077438075 -1788920441 -1638092451 -1488826935 
-1743702523 2047386898 -1583995153 -1685140523 727410059 -1877947774 -1839769693 -425748412 -961854181 496286161 155161168 -469434961 -522459217 -2048633623 -900657823 927705935 -1406897418 1105341143 -797924750 -139844785 -422778338 1738309340 1810270898 1320526084 -1848442971 -353760189 -374167461 446221623 -1405700666 305101419 202035211 
-27299156 1791076602 538838866 781853352 -478435374 211327815 1585314167 -77340154 971613845 1997144099 -869419635 330690142 663888314 622008153 178582129 -2086077143 1861396622 -885148718 1925974850 -2105513701 -1342862476 -720809293 -1224378891 789794504 
125071446 -1203650497 1043288337 830802525 828966814 180245944 -1705314239 -2093714892 -1702273722 2050835406 -1555752634 -416577498 524170269 -894580014 -511972480 -1329370435 583214777 125666036 13950278 1876650992 
-1189539904 916723393 -392386754 -1707942246 -1937910696 1383201771 722116398 -1268156119 580656510 -1210677875 -1657783274 992107668 299379278 -735997715 
-903598350 1241609010 1799864962 -713144698 1623235154 -352527190 624695878 -1095005566 -801478527 150838662 739665595 800579840 -1235767655 760613141 513862944 -903465870 258022828 -1268883853 -945880503 -1935062784 -581694018 -1025974208 
2062626361 648853044 647412071 2144615312 1758012097 -466593291 1036182522 1977159597 1077852264 -1003562861 -1858134045 1317899559 -1822744030 -593751614 865686063 -1378245779 78523216 -965456014 -1574845785 -650491805 2028837194 959597068 1466352852 765125322 
692352779 -1316674491 -1742265658 -2047326318 1275946511 1367608383 -598021184 2139143821 352315953 -1825939057 -934431310 -1592208954 2056688906 -959298061 -54981334 2086978278 -1612206732 821547390 227640984 -772592935 261235404 1392854006 -1223544429 153425268 
1761222236 209801620 1287673207 456423370 2082513278 -1158097248 1340166563 -1618863960 -2061110048 -509738206 -546073122 1918889709 -1371842169 -1541503903 610414077 1998430715 -793340580 484098132 648741858 -26136969 -1420386235 1270408164 1555945091 732757436 803096618 -1434570009 1522638341 1506972551 -600916721 

-466535986 -186228484 -1917854992 910734600 1757459913 -340360147 -937844551 -699808071 -1421238574 1690049393 -482419271 14569577 2048476581 1778694000 742089999 -1225251045 -1574058888 -380260234 1052923463 -2010860522 -1362978675 -41769103 -1339360099 316544091 
782528065 310775191 -1180364981 1424207150 1054439864 -452694677 2064922063 340775008 -756860486 -1057416828 1364411446 1274735794 414613930 1455041053 -2019283488 -1576357468 -1748552863 847407490 -585542510 965817776 426102280 
1585760225 -1475214881 1326766342 -1150040886 326533774 330504130 -553178021 -1621233192 79346668 165261020 1674451567 -1264953391 -852886741 -543265998 -1973917051 165196616 488100064 391820311 -2021963259 -1595116515 1928308180 1367538339 -1462500041 -512811882 -1697614872 1775047435 1893112764 -1015374667 -1070589026 1480635347 1515639128 -1730456539 738444160 -1707189457 -1955683953 -838770125 -1821065971 108501711 -982382133 251782226 738582754 612925638 -1361155851 
1315404603 864003113 -1785030171 -802746413 1034196934 -1321434703 997527896 -601359843 -1074925706 1959486475 -2032183202 -333228496 -899620325 -1735930374 1635667626 1958487942 1842683661 -2029278764 983382202 -660193084 -2116280384 -177102914 -706718448 -2047310185 -1955041561 -880184867 384646502 -1753575116 
524198664 1000144332 1777104839 -1826156611 -1541259752 -1770752533 -560135725 1437438971 610367346 -886046466 516984907 -1085822678 -887448425 646170173 700915751 -1276215311 -246514330 1194460374 4482141 1462722491 -1028492452 1870664216 161622008 -1379975952 -1141437355 
1108863096 214891665 -2084208532 -1488095597 -1919880396 -1051150581 1507928659 -2092847888 1509502691 -1600765328 1533712115 -1985203220 -664307350 637349632 -509091538 -1697556727 -752442378 -1008028789 -1596909834 -906407673 -1767877672 -1477860443 1478186769 -148339880 488516568 -218053579 1020512674 -212153860 1123483989 1075815124 
-1928061383 -200687932 1930708599 1888140161 -401435851 1309281600 774149860 2088264642 -1816424531 -382241654 -158465258 -115050358 -2006974397 1546943059 159608386 -1380414599 1998159453 -2081042171 935698269 -1178388031 2101993982 
-64564557 -1882018856 -891767539 -2103850198 -2047874640 483575706 -1080322694 1984327922 -125527274 313697300 -183171295 -1749807950 1013080033 2110912029 -1271973167 1951441401 1703843780 750037736 -1466557261 1159628980 -1129469539 -1719442942 -1670031635 1207752836 
1220118577 957908454 -1916489315 -1221093675 -1246610586 -1155733822 2119054810 877705480 -1374176606 2073069535 -1885692109 613296730 1872211186 122130927 1135981021 1575469248 2102843033 329758232 1401064895 213179370 1709294724 1803824259 -278565142 
1429114659 374633555 -257769020 1872309622 2059943156 -1040897096 409959390 987293269 1505686358 -74760203 -67731315 -1000267428 -2142036612 -563249234 -996059104 31842124 -332972443 -1764062624 -1716677108 792477299 1216006739 -437855717 857714092 
1952110743 -492460753 1936375492 1868011094 1664842663 1990008267 -1843566363 497017795 -497713172 2091063655 498059822 458974534 370698772 -20326623 176416336 -1341076566 474151375 
-537478328 952944578 667342584 -680956924 1237493850 -474737721 942058790 -876814731 37482480 1054452599 217431703 -664602331 1097488877 1264243319 -1998354621 -558662714 1069900125 -808582434 -1985336411 -1564986382 -707923807 2122414279 -682232978 446222699 -923329977 1762769452 -277863476 1030507438 -1506681028 
-1034491892 -2096614188 830287698 -1643051211 -571029734 1130785726 -2035868127 -1127439610 970605454 1373192350 1062206516 146031107 -274897160 1019666870 -1713460896 -1223055597 487128706 607834219 1773587662 1638782702 -251345075 1002963252 -236454227 1206739234 141735306 
202181779 2032939235 2026850588 2051685329 1286721384 -1765758791 -1145702333 1448379123 -40708187 -1504130053 601950816 -866563377 742381794 254004587 177277032 -1264722734 121143598 -2099752098 1358351757 -1399987420 195758877 -29639968 253865124 1971378806 
438745238 -656621102 2008101690 772500675 -2081150002 1308831307 -1404039262 1785756494 -220489951 -1721658658 1815500628 348795821 -1052107364 -2027495371 123541355 1940788650 -1639696567 1960902820 

1709869745 1016972961 1889876837 2138771110 2129894060 1355305111 1829800261 -2034417564 -2093689208 -1263188683 1660046097 -665511313 -1289639465 -1464982912 -465852854 -1882184599 852968644 240703078 711346517 -564323755 -983352957 -1305026076 1593961116 -1731053070 
-1297689559 -1276809772 802548078 1017640958 -215402602 1614941918 -1547689121 2039261135 1118552314 -79104788 -550879164 -1658026620 -796537699 1993395614 -1569434677 -1375308792 -1024147128 226586164 -1823683471 -1058656647 -1276569844 2025503820 -254065970 388001183 833034924 
-1428140893 -618355112 -768200647 1461125992 -270494111 1566847141 -1068456581 -434805501 1242857153 -1971373049 -1269416695 1287759112 738078334 527750024 -2005904642 1961313421 238881444 -889307842 -621949572 -1385120042 914228224 -1061704943 -1748124399 
-526651788 -1769584669 174375620 -987963158 1235321740 1676708825 -663830630 -504113093 418470400 -1206688785 886964726 -1886530426 -1035459993 -1643582207 386164005 -1915055380 -755331877 -919144026 588709890 828358524 605872903 994128808 -313213347 57706448 1928210312 

1127982210 -2059012527 -537097015 90129967 -74946981 1349074406 -1984868140 402164858 641696337 
-579303602 -970213004 -1325867128 -1952727629 -1214224728 -726038314 -644209568 -1193004600 1287900233 -1292608213 -1658186015 -1024601656 2021406867 -1618272687 -312686636 -204121601 271544205 -1524637096 1193976410 -1438838148 277917553 1903387965 -1159070822 661109997 -1955208807 544238164 -1872234986 993784477 -1018404182 -79323304 -607397870 802343642 -1460375686 165391895 -448062212 -1276341939 781580536 215696930 -1553800923 -624485534 660864000 1616720537 -927926844 1251079722 511142941 -7565343 316313459 -144511232 
657821848 -2010008184 -629289437 156822749 -179189632 -1768761398 203867696 -406347711 -357822965 109911183 318179679 -1692767461 1934852101 -1031319868 777260126 1909566325 1158481110 2082354566 -1211333370 -589730971 -2060806725 1768919388 78947440 -88805209 -1501358068 1693507312 -2097440328 434015662 120413215 1359640541 431243578 1333782530 193710228 -1535008270 -1896452517 -225252997 393450807 -1924231208 224194284 -1698222514 1477053914 756302607 -558332139 276632754 -1499877104 1632460253 114700962 771460727 -816265650 564087249 -1011645565 -201267759 1948814014 1424740446 -1217805024 1395452875 
1811306352 -1445023071 -155346161 1522888794 -1998892791 1579397029 -1395244445 1916498262 -761045059 1348453471 -194259254 -136154238 -1908554826 1623070551 -537174262 1924755551 2114910473 714580631 276953623 2033638010 408739685 -205850019 1143502658 1778364763 -1989520602 995590389 -1084046735 529241321 327394644 1339434187 -1701303691 1396087933 830295832 2016364363 -945207513 -2124200330 222196715 -2032383054 -186461970 -984251979 -1122585475 -1701736333 1767277163 
