-673897233 -1393106579 -224048105 -1340048773 1708806623 -918271444 438662715 381674334 -756989958 504654125 
-1908773919 1586661316 -1623084456 -1626966115 -344465948 -1838302975 1969421762 2143884510 1912533012 -1570451279 1468551359 
1800487496 -20330700 1756086539 1276856966 -140579038 1111238867 590544398 478991970 159766458 1960477344 646895413 36715993 94585353 -460243018 -1970804437 118557025 -669287187 334982350 1457495993 -806060190 -197983580 749395121 
161903883 -1380060839 -1684754922 -1920353089 -700945287 -2138671536 -1286344474 -798322321 2127369468 -1021043564 -1631493012 -1069421127 1489493917 870358617 2116890950 329780177 -1210606219 66212349 -2046690628 -5678357 1538894082 1546981175 695253059 -1225395152 



1784684926 -941831245 -1887704279 -115004367 982018980 -1230083278 1103621343 -132846118 -1681800872 -1662099491 -2039310382 95646491 649705529 686830230 831850656 -570553870 1570680363 -767682706 -2076827695 -1762800681 1321649115 2112900880 2107387522 -1649442740 
-171182793 -1136431374 -1252362167 -182823477 -1758210088 -167526920 -932926368 -1608210696 -1027285399 -901627899 -1104643320 -1286243979 -417863640 2134447055 -1268373681 -1792792840 1879561915 965328037 91930330 371129144 798444407 878298675 -313378133 164489065 1476310262 
1350493529 561571537 668152130 68322804 1915547985 -1727160282 756198480 1129638217 -1867640435 -572338736 1574668404 -821315817 1809163550 824832470 -947936728 266140475 1012692666 -673329851 -2137024062 1845818576 -1469702274 1307757765 
-284701238 728208116 -514607004 2004224640 -8306177 1155056252 1023584543 1012920538 -1430988877 959339276 1474453438 591788148 -110275310 -1487968655 -399655557 1350467337 -1922409565 -1431039436 -901113150 -420111501 164310189 -839741579 1813451195 -970782600 1243911739 

-1891858978 -434721180 1770269036 1490367218 1768019697 -1492603267 -1443430034 1734132284 1597877702 1310116369 -57826956 -2052842670 1302957111 -229990424 -1254941140 -2105684841 325911785 -1057893689 -1040291374 -1082732803 -1654770225 1092115808 1050185757 127020979 1766434686 764620513 
1642529224 -889107257 1384027485 1384220660 1669060218 -594136187 -783903769 468095813 -1906193706 -1077119537 22956752 172987888 1408364299 1125630577 620124563 1704872111 -1615011329 15751191 941292040 -1370799443 1030956585 
504228924 -304475215 939378994 -413535935 1404290488 -346157870 1450915303 -1484469119 -586004043 -1212783343 -1125990630 -201967090 -36048645 -143866105 1479900585 909890614 -1989770881 -1550873949 -1769589461 -431186541 -2069243881 -624335056 -719378664 -1364549121 -730914682 850363723 -1901045906 558068425 -50872240 1978032769 
-529366831 -913568549 -1836151776 190266827 2002269718 353969217 -608451330 -911313329 -567864387 -658698352 -1064717712 1258147637 1072302972 -1589650059 -570483802 1692603239 -657159273 -2074609809 216052975 -734081485 -1347563836 -1931726487 -299200741 1855167888 -1939122322 -327001842 
-507189804 -388323007 185061637 -501788909 -469825366 36622642 -853789830 1296055106 395785204 1248477010 646858743 -1934146395 -1681664009 -537828491 -1022784148 -639746085 -887613811 245889455 271338604 2024779382 678609840 1253205262 748385344 -440094352 1303583262 1316024376 -2083648381 -1852042810 -739381242 1246809421 2056364691 
-1731841232 -913259719 -656470419 -699492186 1884722607 931652851 1883462861 573329888 1564131609 -27811762 505345549 -559774794 941383692 -160928209 -1441981823 -217672644 -293974026 1858584411 -1746685870 -1434953011 552778751 -1969700833 -1550296648 -1753488965 1854411396 1922657525 261734097 2026496449 1899851449 616567927 -1178980222 -1481429920 838954557 
-481669247 1153136081 -1978185224 884586607 -707074677 -2090803103 -525800326 27335947 -2050894657 -1612090925 -750328064 -749772791 427260777 -2043782168 567467174 1760176192 -436749977 -777494668 -2057104515 -966169560 1581316865 -1048471473 -852051545 1238080263 352738543 1978006103 -1448041935 264845123 1508065658 1496351217 118396799 1431254633 -1655532645 
396905024 -958968182 -1056600383 -862872756 -814466821 458495731 967133255 196335718 981987107 -1592358883 -685252963 -675650259 -339070295 13469810 1310710529 -1614423733 1641543312 -1396633938 -367438504 850475424 -1563710081 -1971984874 1173247843 281930285 1738387621 -1216876312 -1278073404 
1465543786 289258430 1499077040 -89343488 -673284051 -675692099 -1579097453 1065153354 941663860 -488893456 172363663 -1340614130 455222819 1843702584 -1060104194 -1526718118 801109237 1268786169 1809480774 1249396805 695767432 1197551217 -1574917952 -1851830645 -1565574650 277276851 -1025091570 -778650845 1892639913 -746187352 2125838900 -2103001020 959631187 -82357122 1142791196 1112233414 -52386467 276924850 -1738721354 
-2091694975 -1335791925 2032861874 -209249846 553247810 -683592999 737685071 529483779 1936155597 -5869300 414977960 188481431 2005763660 350814981 828462016 38025949 1478589111 -141903126 95987312 -464376242 -372967679 -123792498 172184882 
844780839 -41724975 -1915863648 -1373630545 504132666 1390551299 1425227759 -1229910953 -2025445064 975041981 -1038327529 921276103 1755946453 -267460341 1135593818 1319831476 1543993020 2077456965 1709550934 2054693530 -361953948 1929938411 1542265677 
256268802 1872485714 -532589056 422012448 -543357780 -1363507679 2028242800 -886001767 1891300804 1533690188 -3941857 2100091722 1986668634 -262170017 -922712266 423773060 79382458 677410944 -1102657392 -174918599 

1851259448 1499723406 1886321380 -375332184 -1497891295 683478242 -380426300 1327020167 662643062 -2080697171 1181960738 -1061066926 1508958822 1103061212 655192487 1258736616 -689365640 561094373 -1495366677 -1367282729 192247667 1035504403 
-1105843392 1563911969 -197574417 758101057 929019641 -1032490473 1349969319 -1808413689 176021702 -502696651 1831906727 2066395601 1561907047 1510320384 596505656 1396698222 138393944 -1329048994 -372373481 -1033879362 -1609896418 -1418516842 -1781127331 
2045289988 938723900 911379843 1108136657 -46875968 -1708418921 1816125692 1660982368 564161756 1185666763 856221758 -1534831578 -1697722596 942999541 345643793 1505768500 1225685042 1311476986 -833543311 -748048692 -2050331029 42164555 213351353 
-1808666695 -261798262 921663535 -248215011 1270241128 1977436661 -594447946 71982385 -1910375685 2087529852 -1045194252 -1058661714 544546145 1531335719 702930769 -814036945 1095836551 46101228 40641678 -1590097076 -763904432 -199056761 -1887190819 1745707288 -1843713814 

921420006 -1562227964 1582454018 1928795993 -989738629 -1724880144 480370813 -2128537670 763469226 392647156 -65080608 -304102479 -1085056346 1646261094 -1959544920 -925304994 255352701 206523483 827920281 1858967944 -645411552 14346990 -1085929727 -937088932 598712617 -1222233087 -1020932590 1912030363 -1107392852 -563133997 -1352267932 -581607742 1350681334 1657866891 -845793816 948750575 2132513100 1363020319 1626124640 
-1624064806 1185069739 -2113075155 -2070641418 105555312 -266445092 -872903475 740988637 -1275449463 491090152 -805398005 537441063 -1002242191 -611079356 -1315046539 -161008229 1617284483 113320568 -1966938799 1966974316 1663044367 -780318279 1737286800 
-1168210516 1260914457 556880784 -1607146975 919658186 -1654609799 -1333226867 -1896286918 1663425964 1534743779 566878945 -1185344989 -206067128 -2007926465 1592696869 1733837655 -794619288 195130431 -1088847310 1830850289 -1256029393 -1195065339 
1624745290 999928209 -671141625 42548764 1270128494 -2022257784 -1974894876 -1630882704 458978727 1681259233 901713480 1239023205 -402507565 1036730326 1751873642 569143173 -1669744389 -663863368 -1301574492 2716216 254117123 1586016699 -2071305434 1974165366 -1314702191 
-2125902975 770965282 -114738092 138244150 86859699 -1280453161 -1807263910 -273787600 -2128460438 -516682349 1475670265 -227215999 552884993 1840692177 -871555400 273741348 1792668010 -397964124 -773731599 -1214448238 675524380 -972153164 1370462234 -1300627114 
-201480152 328606655 -227421337 776694240 -1487933285 213386917 -663904856 472102377 91539274 281071117 1800179945 431485744 -190276811 -778707424 -955909324 360284344 780620669 937094249 895448198 -2100211046 983416604 -1293859440 -1094933313 1449885033 1716530329 -1399221623 176660042 457502784 816981664 -1222002247 -806239429 1225290147 -1209306722 
241320095 -1989715950 -126693544 1418435316 -228634618 -435286738 339353750 -302723189 -1520191249 659110163 -108555283 773001629 -592190945 -1429932692 -71559216 -1842992308 -702393054 -298682353 -1724423801 783731680 291326390 1592785044 594028265 -1641413793 -1474137855 -410572773 -1059953822 134272177 578966070 -310098022 
-1389215760 183648618 1469755631 -35516720 1873678989 -369932858 -824400191 -882584419 -93499203 69637511 1029156218 318868676 -1357072586 -170079541 752427013 219369442 -1842089131 -444890068 -751050850 15521191 1483537419 1452756118 1312924968 2038516045 -804403587 1342504183 1057305799 1068626849 -1481879070 -614326265 1991826456 1199858396 120360896 -1781177996 -1740478801 
-211812081 1931814328 -1496634729 1049863711 -1582399038 937068853 1920747138 295842653 941523233 617841932 2136416946 -489111892 42791871 -839637212 -2026532046 1225154780 
-1669041338 1078612771 -1814256321 -1838058213 -107997896 545693741 1507619927 1157921187 -594477364 1422039523 297980926 -1076550535 -283292951 -1813073833 -1510829188 297704759 434606999 -1202778634 -1080659738 1572438403 210635629 1359980818 -1487989138 -2109885337 3263726 1315832548 -358177836 1955709514 
-2095262838 2105456341 -1505350972 1454896505 2127069851 -378272622 1520175487 -1377409091 184756802 -1044726421 1968955717 -345192986 50791968 -1954025524 -1438917697 1238369986 -1706423526 -1278473996 -1059843260 -1627346899 1760111373 -382975777 1489566075 1914627482 17746979 1843735098 

145832481 1384323239 701998184 344859750 599077184 100223088 1329508188 836687072 -571178438 -1064842115 -1413267026 638901066 -1131116238 -939879066 -1509230678 2074705680 -2077176092 -335668927 -185440456 200003957 -1148946756 1344094220 1570217319 1309545426 
1757593073 -1833944528 1931568273 1736483234 -1032237016 1106893222 900100735 -698873741 -113246386 1653880194 -153550953 -2060484810 572778545 254036792 -1639902639 -1128087793 1122990417 -1403492919 2115769358 127409173 -178203732 -55407590 61015788 
-1731986723 1834788815 1893096676 -338749880 -715872720 -1805378721 976592978 1860617953 160320759 -1839742953 -229304001 1400562015 890060326 1964174620 -1750076112 -1154009911 -463211449 -1376419735 1707430909 323839577 -920541568 171783410 
-816722361 361209883 -1013594147 1633636270 -77506056 -1871086512 1231242432 -139887418 1728533775 2064939984 38201761 193392593 962266349 207142890 1855557342 -47929653 -450833942 1898859948 -632269220 1259279489 -1904131387 -1292855712 -2134211810 1325917552 1923096634 1058110407 -354611451 1425744791 

369600520 -1245899466 1585569877 -1360612095 217361835 -1999846947 -409318219 -1409820638 -1059479585 -1888795 -1601159962 2069281977 405822586 1215811170 -1852540872 -1404100067 2082689201 -752051797 -1292071318 436472193 2046783085 -918764884 1679547820 282654032 2012934479 1735354418 1495418999 -1820120949 
1693245253 1979071050 -1857411357 226172581 1683165019 2017648510 406156362 -191672981 -1564620974 56867219 50582688 -603293257 1436625922 -2027688270 1890001776 214083207 2079167267 -1137257068 378439611 -1600199670 98710060 2053874102 -1541111942 1856412180 1368725342 2071642757 
-1307141415 1521236209 1374063197 733515800 53059278 706372938 -1639579352 806929022 616467818 812823109 638580375 1789802821 1650673218 -1791673991 1504046627 -1703228411 -82779583 -1030225032 -1997845933 -215234575 1700303379 -1662319945 -1445897587 1401866143 -1829742215 1576775188 357582861 -665034662 
-1055456233 -2104953990 1691504499 313303135 -1017218411 -770158315 15774638 -264022324 1994057820 -1618999286 598932963 -1776236942 1572089186 1787052771 -1082022285 -576367899 1273901671 -986716045 -1879576696 -2007169225 -1490738649 174250329 1843955211 1886502471 1899451432 
312704052 596282820 974274746 715720264 -1327953359 1947593753 923600795 1647483665 -1502484908 -899772411 263499332 1822646476 -1109976582 930627300 1159665087 -2142239694 1731550650 -1269006234 254560007 451253400 650713353 1261440958 1724312571 -722540098 961156191 760903525 280258144 1289965188 1795220499 1181774409 827727241 -1317888649 1556567871 -2144444977 -1272226039 1228210715 
2146083128 1286937032 -1527422912 -1708611746 1524922907 -1054709814 1649743807 247551330 492762270 1589126723 1557485915 100396689 -566478082 -615064667 1339149424 -1859661923 -895250586 
-1101934743 -1647547304 36562365 228570564 1675247681 -1379153715 826744428 -856850845 179043928 -310100750 -1232083504 -2056541381 -2071819169 -224560871 2079881046 -1602877868 1030987630 1050211435 469186379 -678285960 -942592617 1794237101 -1571139453 -176896615 1559341676 
676065006 -203088993 -1899397031 -1368669466 304227198 1883538803 1116798133 -1976156664 313251159 899506890 227804741 -1108090228 114361248 -1094749396 -560228274 230635198 -1168857388 -1306199371 1175547401 675761768 -821599038 -2120674317 1000656154 675600665 -248981024 -1511830082 869038736 1098069666 89334921 -1737449822 1304298595 
-1198114657 195467032 1272924864 888576892 -1176213805 -156592103 2094265519 1610332612 984575189 -54926289 1272156854 -591164682 -107084792 790014626 -1069003056 -1702385148 1064527852 -1137771830 160570965 -1663618766 142689540 -245019237 240656618 1154912411 1068759322 908451810 1903341891 
-1342739294 653251072 476487501 268458773 1599249194 -1737392484 -1406579853 -624585143 74701349 -1722594588 242669499 521594991 -2012400062 -1854140130 583788322 -24874793 -2131354617 810752342 -1370072968 830778432 1045015979 -1964964323 820780928 -843334654 -492082367 
-960267661 -560807497 -982746553 -2131556291 -791814564 1208111527 677776140 -1610937805 1167547432 1191317907 -526783850 1951338088 550715676 1461336189 313808863 -1355134112 -1117873328 -1911371307 1724963891 864012459 -1632525804 2086262088 201048597 -854545774 -870601779 -772637816 601400625 849803943 -770060933 1396170763 -1748719652 -495044557 -713452831 
1875692326 -413363722 -1631854962 1242238581 1338265945 -558705739 1991630910 -1968376603 -307942166 -100944637 -127515121 -1380344762 -2119981304 -1975302953 -1388462912 -561395489 697104021 69315200 -1083116509 1445353058 195052294 -1550374058 755474110 -912773366 -952605717 948135793 1688515921 114463016 -1762430134 1254620858 1903402225 
825326898 859029698 894984205 -534859869 -12992266 195529998 -1854058140 1919848125 -604975974 2033934960 -1733550445 980664397 1778039672 -508174157 -1598062737 1159640184 -1660954220 -1720179532 -1251999968 255003158 567997921 1891794969 -1757406924 1389394745 
-955580888 -22919115 800666886 -1885782341 -535984800 -1097398896 982727670 135608719 -2031771363 894265558 -1986818480 -729339412 711460226 1858028412 -1424844493 1782973242 -47578079 182334049 -812400818 1594725053 
-1016129035 -1612081706 -949661599 -706966572 -849529219 -923960725 -1443702619 2132779006 -245036638 -1242794827 -773465590 1146362328 1617067326 1478054283 
213738628 -130111961 -1396449852 1234433534 929052370 -595291794 1195833646 -1283007955 -1533069876 -1540288196 -1446156710 -1181188159 199405422 1017743827 45132678 1016522573 -426300565 68564347 1008429021 576804774 -275084880 -511219374 
-226902353 747547835 1512836613 -1469511770 1180233336 -730557403 -1829272564 1247844718 1480781574 -1741195365 1325161428 415527971 -1013965131 -1145654527 -24181191 -39000170 654760399 934721275 -1346103397 1819940936 -88780436 -1948532009 410666441 1589942318 
-789064898 1797303301 238104157 357477469 408576633 -257163488 -1641534212 1492264100 1681049008 -1031300079 1411500820 1978454775 -1112309504 1929254656 -287439223 1083922871 235971961 -1500933117 -1071275763 -1109281539 257424224 1032387361 -1872747047 -277535366 
-1943988935 -1667312228 -195264446 758383372 -244785565 1861184927 1283257182 217246742 689403537 145395850 -401834745 1374195483 1778859895 816220434 594840189 -1469817486 -1556805530 999338148 2106131971 168132361 -1773894805 1553645930 343286810 -965542988 -1057372381 349272638 1464189546 350680207 955673081 

364090456 -357676807 1207052273 1747311570 2070842542 1211003003 -956922976 -1374108417 1503214143 -761315681 -1674409969 -1034520509 2023334331 1688074073 51898104 -123266938 1012798137 2025678755 88896830 1506207186 -856640318 1250893542 -178485347 -1273477577 
820846250 -678793052 -787387336 536902287 1866982458 -1327469476 718291878 -303727462 2069913181 -1465340908 -845650646 -8127949 -2109434287 -1362802564 -1972277651 1321696820 -1398745497 -1583330757 1821754367 -256587123 -196430415 
1975422261 1671780103 -2037153737 -789455585 1112650250 2096211094 -1986926429 729728731 1773412296 1052536783 -1595808327 -850777390 5074270 508415932 -1492848173 -706852105 -1677047556 1549222417 -1008174937 1100770271 126658131 -1771164728 500337193 867239964 -1345574516 -658605688 -567066697 678512673 -1639691184 -55236690 1484080819 -120288441 373635760 947907875 -215737413 1450525760 1993072902 1143327564 1718439657 799306814 1688509629 -1142764735 157620551 
-287588695 -539803935 144608967 1221539745 1585523413 1015231144 923079801 968228809 -608568343 -799014311 -1472357355 924530788 -1892196158 -496521389 1421050143 -4201721 1539012933 1112412682 -1641975303 782737497 -1110849098 648096763 441402286 -1176976118 -1059991984 726375891 -940072943 1579655472 
-1570789162 -1240219614 995241269 937454059 -1916656361 -1450441449 1007382275 -434551403 -1067851158 1104154020 1262765644 1419879081 984768883 -1498750788 -1715044990 -165407056 584093287 764413973 624186837 -664728353 186111100 1215914821 1255527855 -2035109709 888865541 
-1636596445 -268072835 1317243365 -1985404886 78632575 -10180991 -850332810 -1287336538 -728406753 -14410760 192351710 1899390670 297641300 -870363014 295244495 -938429036 -1286290118 1869808793 1531343889 59251560 1009888327 -1259313191 -1212570406 91014233 1030428589 -930822987 -1266423149 296249049 -579543652 464097388 
752755575 322477005 -1826000367 443638841 -697123814 1127687649 -841946141 2114653604 -519779199 -1753186577 -1300776100 148584617 -325397011 2091659185 -1325541950 718966762 -1593138869 353284047 -781292096 -202049759 758151485 
-1633105765 -374400826 435992296 1928909418 980792774 -1381622793 -124080993 -352742639 985329365 -707016467 -540912486 -1914920765 1645537844 -1818860717 -791677370 -1097154020 1144237204 -1296394248 -941896425 632558203 -774249240 849202559 -1238035762 1047944045 
905168715 -1398000217 -2136699400 -1959145637 -1614816078 -1953688394 1212499499 -1215884163 -1605423100 747523605 1673038330 -1902565017 -28286741 1758468228 544203954 2095101304 -1804941409 1764785121 1426452767 727038470 447097648 -661802755 777972191 
-1363123964 -323688738 -1595557800 1707912901 1122977189 -1548453555 307822186 788290904 -849940253 73145893 611062540 -448915593 -1827906627 -1999297786 189659567 -1861704697 112641601 166020359 -1985698553 1286525130 590773695 2078233617 -1129079317 
-497792819 -225466408 -1153238281 -237634258 -2121488913 493885129 1229484082 -897786033 1894677724 1503819527 68222509 1282590399 998912272 1680876475 655499788 -935105048 601530256 
-1172923981 -1462448253 -459362248 -105697063 1066150954 -1316594929 -728407858 -1356905847 1964723917 -463077822 1424743703 -715511254 714808942 1795444286 -1548701159 792712323 -176258048 -1629474982 839523246 -1374503857 559618953 979355379 1543860407 -395095166 -1440480708 -1346347799 1516457087 -1641433674 -828108309 
-1852492268 -669403531 1579849406 1652949335 1863321069 -572709316 1666001841 -1594822900 -1663815205 -89608967 934731962 1990827503 -1279289546 -566491620 1800865377 470407207 404916528 -1021894864 1864652586 657531332 1066575127 -1646288568 -2123697397 -1260823399 807008542 
-1181278402 395885039 -847877154 -2092988522 802443014 -1411699693 603310711 545410282 462754651 -1597383706 -959015760 -1750814792 -512607905 -1484480541 1655330663 432681261 -364366903 -581125589 -2120627488 1127574960 -2096790737 -1852470295 1971845186 1419817568 
-1635775308 977260292 -1256126756 -452964780 708318398 -1125104328 -1094047136 556849973 -838236175 -2058198453 -1706875348 686886996 -432533318 1687912365 -770207683 767718138 -2142938188 1508585227 

-335256994 2066759112 584365807 -386710956 -1435893078 918609902 1221168081 -904953640 -1810805296 1254223238 621485131 -1987330574 -1306055249 -798312322 -2144837701 594417740 698831869 1304870268 549310001 435669628 1152648531 11279283 473337281 -1083270450 
-724181280 603972687 -460304777 65418320 806163703 -303746695 -1167397201 -1511506647 -1153413835 -428288271 -31389003 88493044 1143841325 -39876011 1748058977 1783730161 -691238220 1836626404 -2044999471 2103922485 760189353 1551110572 -1773503205 326844868 -102299983 
1478307448 2027814402 -935126709 -1387387546 245581394 1838415481 237510162 -800686174 725667928 -1649942025 459778995 -944414174 1461865108 1825617713 588494729 -564542922 797918072 -2087474773 -1808790243 -1689733852 2032042333 -800256061 691704085 
-590782196 283674927 147649853 -1421888442 1930021285 -1774616461 -981965227 -1250610491 1354151076 -1552517868 901949895 225567038 269144948 -1308636057 -707931215 1488466907 -324854037 -1659567706 -213046066 -290520356 1284839658 -1319367592 1168522636 378230332 422121232 

-2081360670 1208138766 1197085460 7254265 -2096568689 1556976588 -1651907106 -1000196 -1921165393 
1446270809 289945503 2101928207 2084777629 -1342854994 1946023578 -1769296419 -1423765635 1229762385 -2055984107 295787386 1530854394 -1956633105 -1159154532 1914309647 -1941200605 -1098138426 -1881135574 -1080013180 1327566246 -1873172310 1644816094 -1611068441 -274075041 -94879938 727145433 -1128455892 -612453982 1885387101 -1481089562 1522580158 937564359 1755441548 453104864 1580492250 1806086428 1913747560 -2019722123 912190137 -638378261 2081274306 -2080623236 -845681258 -265020610 355528924 1269162168 1227083632 -435940674 
-52001884 1030073144 1074031844 -273791242 -1133403822 -893837772 -353279494 -1653147010 1040975673 1234565867 1908763807 154592330 -1127520672 17448549 -554252150 -1016918156 2069500677 -814918787 -680382084 109639869 -1820291443 -1777087724 530662726 383282529 -633188534 384862055 1288541956 1087000559 1294631289 -1802460182 263003956 814729701 579983286 -2136797649 150102703 1240541900 1499951956 285460317 -2038406713 -806919902 1251855378 726757036 1184294327 -2101262802 537101609 -1147048558 154758441 2102359277 1599049560 4016904 1584450937 -2086639289 -1380505004 1655373399 -2061825839 1250450731 
634106566 702408870 151291708 80119633 -1210771716 982534248 188799186 1666478374 296567612 -1918472534 476622740 1082756248 125891248 1499968892 1623527674 327099364 -804321394 -1115400859 1640554085 -1597472039 373959490 865024405 -1312661093 -514080685 -1260565301 -100134942 229707009 -424231772 1195591246 260639075 1490775112 1579025297 -852875127 1248429171 -43273496 -494294223 -1326383731 1466219807 2016551498 1471010484 914211578 1675280278 452790979 
