-1200131187 1578543537 1350984883 1459249637 -342415921 -536929064 -264493257 -1048423207 787977979 -1113614393 
1545263032 -1324860002 338685056 1931227215 1094588119 909980763 520715019 -1822266443 1013862246 -1780215494 861550216 
2095822975 517065857 -1078190627 -1437718000 1605558312 -1312804367 644577867 404669788 -454610832 337349261 -231651396 -54670835 802770653 2036242594 590274933 -757481658 -313451253 164535930 1367965818 -770716886 -483047222 -2026741285 
1404334347 -1201180919 1516767039 -1051214649 338461346 -1786077244 -1069687140 -1664419116 1376162703 -1126364359 -1338529423 -1279995603 1496438720 601109697 -235924116 1611939434 40886597 -855107969 -692437260 784555275 1980527568 -811703199 1182741854 1864354043 



1502004357 -1154638085 -130315735 1527730967 -1108416016 -884461521 274183704 1907127548 1961521325 -1463527803 976258415 1265468072 1802103712 -2100391792 1523016119 -732605630 1968429682 -1809670977 83119744 1458175555 587697562 -1029272726 -1143173296 -1399662479 
-86265336 -698680800 -350352148 -992613175 -605748532 -1051034943 -313643749 1073173090 -1634181835 -356454376 -446680037 1107158708 -645058034 1124388027 -25211631 -867053816 1190474418 -825230923 -2078003220 -1387058417 -929741075 386006331 1643074144 2040535841 -1100634168 
-1502676084 -330039255 -1986935928 -37855414 561243558 1353291623 -772051248 -2041213770 365563091 -251394329 -928172705 1302170748 -76520885 -24803752 -1226311727 2054766727 -281258246 1609466647 -1257355662 -250844031 -168475648 -498430738 
-1900874818 2061457545 1761907581 -1561078824 1944807446 1894007696 -184851043 -452427002 1338531650 -43659321 196978263 756021895 -79285151 -1580873274 692282301 -1539871762 589959286 427067614 -271219740 -981939677 1565991429 1324312611 682986908 309335214 -1837927260 

1528831228 -1384347061 -1479159119 -93131869 1365509949 1181667724 -1429208710 -1726863049 1830104376 -1748558782 -1664845405 -2119047386 1994690090 1423277684 458900047 2074032753 1928347869 2029738876 -1575344183 -1478186107 -897728169 760141408 -1025025675 -75387239 -1075667271 189113028 
1989566185 597661715 -2035484924 1919967989 -1619643476 1480911722 1875292793 -699605426 1626811007 -865678392 928834855 46549542 1374698748 -1823646021 1258721434 -278830778 -694061694 -1304091690 1480432522 2072578923 -1397591043 
-1781252669 1207253437 1463825043 978262510 -1571281621 171477692 -69432362 -630345763 743814854 -293721584 1436834732 -948579894 -736466739 1359174568 309494840 -1959806535 1171955937 -582217454 1075887796 -480811573 1786201200 -1475132095 1621758668 -1113083141 -2000149661 -1312222306 -1896081282 2028881600 183551854 -1535975087 
126284881 -1426625400 438232988 -1634011488 634057 -1188534817 207808496 -952312772 1679392590 329494848 1733586404 243035944 -860386941 -1792954914 -1506981079 -1698904451 -97355164 -1401550017 -567276943 -879345950 -1513225641 -1940850425 399384182 -1300709708 -1384373000 -1302262011 
-1051337644 1169812064 1016645550 -187118544 -130597545 749050461 -1840117196 -1128657887 -1284960225 -1138762928 -1636534503 -1200740803 -1150764221 -507003276 -1326245631 -1118193530 636533813 1099634103 -1929719313 -1668831779 68815277 -2055070878 249959243 -1099560165 -1805131967 -873170760 1246161294 -1866048590 -2038716564 -1714004188 866908411 
1447482351 1461945012 -1021315383 101426697 717954003 408682140 1012336619 655977484 -121127205 -453456416 -876838441 896970504 1793680414 171504427 -2096191385 -1729001066 1210656063 -1915990327 -554529363 -1525041906 560636011 201868161 1427984507 2057049408 1153574452 326493177 411118576 22278062 -799824531 -1346333586 1766755685 -720324362 -980048676 
161606712 130916187 -420092015 -1310877399 317552465 1529489917 240260840 -222533891 -1868938874 -1165648751 1259978270 -1609179795 1473789950 -1790869348 588345295 -1824112694 -769558812 699915110 778663872 -162202118 1578083111 633018577 -1839837555 -530301889 -1563868238 746837544 491638807 696295837 -1722281118 1885280189 -633133821 938352039 -848334235 
-1782381017 -205552997 -1068965234 -45155289 396756694 1850815484 2022997721 -641075417 -1404177464 -1196136957 -1999368216 -1286944788 1686929600 10354473 173172639 -1842530140 -1078016398 711147194 1703553496 -1220426505 -349360865 -786186958 -1779448464 670451359 903027703 -1042820407 -822932156 
-2017341139 677588128 1995927277 916903174 -1723710054 248509578 -1986963971 886564575 -868031260 1526162027 1088817122 -2126582648 -438407093 -1987537672 539275376 -1122289352 878583789 -384150189 -603256583 338561351 -1265014708 1105956596 -1524760092 2063135246 -642507850 959187016 1748655932 -2070696438 1163942987 -550054266 463040270 497041877 495706829 51734233 -2091420739 1679718005 -271435587 691391785 55501640 
1096399962 1383360996 -978117142 502520606 -869326238 -114121928 640323846 -2046160199 44792613 -2123145917 974514932 483328089 1389005441 1072062978 -1253757592 -1664576834 791505346 1099577672 1419325102 -468626882 -1909688750 367279401 -204871947 
-50830183 1946120396 -409153900 -1575896805 -363022379 1410182382 -1497177168 -1656123069 1938863762 907268685 1275188285 -1785220324 1527519548 -1309726021 1901035708 -2121451211 -1862318470 1421842235 38340528 -1448293989 -1606625052 872177443 -1344970088 
488063974 774082862 -213721687 654280955 230745233 1719325923 1884690174 92389448 1532782705 1607654202 -1975806533 -696415049 -145257341 1294607644 -187098193 1787659278 -1944713303 -476178766 -298587290 -150585720 

-1806708830 539697 -1515095276 471228309 -1622153029 -304853664 -1396763832 1069877786 168866421 -413260465 1397546543 1204957693 -837545815 -2047117888 500550222 1299281360 -476287662 -172095191 -830599335 1191580166 -271211137 1278827557 
-882552933 614702150 -825519810 1533435042 165904834 2137720112 -553819744 -1754852575 1564602827 -1188834246 -1892435901 279167468 -404548988 1810534763 2033855398 1489538256 200301757 -255923239 -1686511317 969733354 751603374 -497193338 -92897366 
396522968 -1191826296 526996910 -267136141 1622238442 -1393205764 1723170418 -1416242979 -1540841225 799350483 700112153 1085931857 1620411125 920619733 1061035229 542881130 -696339900 -1114495798 1376623355 -670311585 -1424600668 -373458230 148625940 
-1977762746 -876298464 1177190158 868841623 589885171 1032717247 -1595613222 -1116320091 -148633216 -1737837191 823722198 -1750700141 490744505 936653535 -587034196 2046128492 -1327978911 1413734266 393034536 -1695571812 -1923588770 -2039256921 471988161 -729998552 1294500104 

-1173049780 -541657309 454143584 1322411402 2074976282 -505890237 1053819074 1907906805 1368714460 226974031 1979519614 -1419197541 -2081774322 -919977570 -1006318015 -1177624044 1075848466 1695199320 1999110222 598562727 1533610058 -638337134 1811327285 -1441358838 1770942696 -1481919564 -1204238173 -515407286 1280136545 66289272 -1306781242 530126399 2146409449 452144854 -744292564 1953848527 90667126 297624398 -928177319 
831919557 -31296422 -1089104081 -2034143170 1821429804 -1958043573 -1641132970 -733768949 270002058 -830307916 -1763644808 1211585211 -778300761 -1634765864 -1758438695 -413198714 57118136 -1943652866 654065774 -425617810 -2095716984 -1285807198 -1595745550 
1215751250 1388465921 -496568906 1588317091 2061726787 110675643 1066122720 1014399992 2021880396 -2098010018 -1951529276 1888130254 1486348617 1594284286 -1240561928 -296654351 -2094396283 263219807 -708872289 -1108573396 -1368290203 457448417 
-10611832 -1085566091 1559482237 2095339963 1593652485 -606441110 932424480 -373219898 -1608621775 1561780150 2000347568 1597680745 -178459930 -455466127 -1238500524 -1537705968 138821924 -836521067 1018655327 -979553157 487172680 -1091271280 -286979352 -163510768 -1234616780 
630535987 -589940214 1065132632 -907259053 -1179929045 -2083405874 1947595016 -201544365 -468320930 -1488773900 -1777785151 1150547396 -338455103 1562463301 1010322808 -256763204 -1163901200 1011962927 817652769 137930167 92128513 1151366233 -66433226 -331274242 
881527962 36423772 131547745 -1529692157 -563330518 -121955304 -2067278468 -281384262 1718496624 -1577651670 -105561182 1434482149 -440671581 1119551428 -251850145 1287520149 531604728 -884046335 1377246463 145957037 -1145524754 -1957755030 -1176638758 -936448165 1154212931 533269208 1422344191 216006519 -1425118323 -5923407 33543365 -1019314947 -391437141 
-211070379 -1489392783 1907097016 1791465596 -1734109166 -919060155 1239957991 1939200413 -2110410834 -2029409863 1926158266 -1899246695 1023560264 -1281237956 725216805 -1499846041 1446300714 -713648312 -282728326 1355846909 -966923985 -1945507758 -1895822275 -1837858036 -591355661 574792565 61977405 -403816007 -394316028 -1337418957 
-1582145124 -1454562679 -1798100980 177541599 1601653944 2034954760 -647388581 608541510 20543795 -354622030 -744451179 1925307702 -897556165 -930257910 536392139 514554569 -1905820420 -892680177 -673458873 1545147992 -1485589294 856286941 504728496 -2138338100 675171400 -648740238 -951030558 1512029583 -327195818 752589221 -1026559638 -814476652 -1621283834 1721152184 1035764996 
-187415858 764414711 1801162947 1340322317 -138698954 -516986102 1358745093 1192528608 -1746893554 -686954805 614980929 1165299847 1392649420 -206135266 -272885884 -90523054 
148584425 -1516618186 1345126230 1443751826 757821109 -603322467 -1839580801 1869894011 -1057277681 -1131975994 -1604118895 -1138392975 1213439383 -219865856 1587281576 1856433515 -253870244 2047144323 36791057 1774044922 -1367318870 2078279429 1852455346 430388407 1732568649 1295636882 -894843400 1373525187 
1980810110 -1926589359 -276809274 -1209803074 233225598 1606914866 1611526676 2063160023 -64116764 1994730752 -1359673527 16129467 834631451 -647034376 391219844 -1602059113 2126270831 -495934567 -353259688 -2073950981 1450705902 -506334481 864631882 -381472213 -308912992 -749750815 

2099695049 1125174764 -422776656 1233827347 1895483502 -1623898027 1091001734 -1938592987 1892870995 703512081 -1374385590 -250335643 1237237516 -454112590 -1579967651 504185244 -546553948 -531162656 -1454998499 -1724104303 774251051 468218602 894002034 155205895 
2134829300 1211610454 1747378651 -971347426 1062638240 237561008 1847493648 -129262247 -1483530358 555112328 -378056792 -1027301028 -1228011175 -182535077 1495050049 50890431 -1372887886 2053247614 -1756446277 -1589855395 163642744 649307150 2061383287 
1490381406 1781452084 79328274 -889461973 1196423789 59004468 -1998459141 2048772295 1917353349 1489992186 -585758418 168965658 912455198 -2039102898 -346610589 5904195 507727835 1480643318 536053388 8724456 -1050430050 1595132119 
233661335 -254783453 -683528913 768496407 1845353111 368214533 -782477348 -1724377776 1778752746 1410311911 -822059943 338006910 -1899041407 1585384785 778040434 329628149 -871607065 480669517 130808389 1596298383 -1984338579 -1847230993 2144045979 -1570911308 1773385710 934066876 -1541204701 -624645879 

-540751996 -1516485500 -602555813 -328494014 1756101156 841811667 1316212057 -354421854 222638969 -1590547741 -844735754 1444622968 -1192954823 447578642 1008353503 -1710910129 481889129 1178912964 661694110 -1261678127 -1130225778 744227004 -671778055 -1249120418 -539612112 800218518 -515274697 1037206881 
2011945456 1067355294 -1842499293 -846710046 1458646963 501824116 2033485532 504773083 -400085460 -234214444 -1408896314 1870007263 -366447677 1081553713 69241316 1818715207 -1277271821 -167587665 399707390 983672664 1526533209 1866056679 768571222 -1263251597 -1710969244 8734739 
-1368273445 2108148907 -1069342857 1876073068 -454982053 781616521 -415351207 1507719164 215386683 -459519489 1905561428 -1774109459 1430225432 -840443545 -1091075670 743321054 1703946953 1604966424 -2102449085 1237595392 542960636 -1068416223 894768858 1239548981 1935152484 -767765014 1382597135 962865710 
2014090667 -1761207679 239487444 1224261980 -2096513028 1259009554 -1138549552 1439316375 -572427593 1344086771 1967453051 -2059286251 1016830798 2106229573 -1377213507 -129765279 -833217031 -1355166993 680235828 -919588715 1811098049 -173397826 1084363864 -115938186 -1942757772 
-646487584 1640799622 572970138 -1951506549 115083004 -218241382 -645539981 -1779103756 -188184492 1035226389 -1478564327 1027361933 -943344669 1393506952 -1876342815 203073641 -1623424456 -2101370410 -842312549 719283670 -2077774677 900919622 -125967237 1957786084 1859954694 1865540806 729448360 158507639 -288535278 -1774902841 1623869417 -713155082 1326709978 -1523382744 -2026344052 -1861453454 
93862041 1541124837 868105677 327984299 2094175105 1667292576 1416888437 1289254950 167301961 -1908351457 1164829188 -467942110 383750114 -144882801 -978834258 331546362 677737307 
-190372531 -578156274 1612619716 -1274388389 -1088232433 130808332 -724601325 1772289930 -1213102275 855131731 2026808476 892276608 489348515 998994935 590648403 1357937209 1613314981 -1356034515 554180207 356350684 2058173472 1187669109 -1751681338 443002433 2025549951 
-102330975 -60118404 -843590562 -762944111 -1489745082 -1392502552 -450583891 735612059 -2144064696 -898080464 -2108154754 1183513527 81441318 962687885 889626664 1914672458 -472113433 -1859333358 181428226 -262862393 1646512226 47080260 538692338 -922798717 -2104390434 -1077479446 -1646865130 1976796338 1821119456 1001806978 738857211 
-193546623 244557511 532591049 -722479812 -383326865 -1610863022 -507310358 1476856848 35686296 77238422 1864462687 2091397384 580162803 -1531616191 338798866 271652655 -1628381517 -1523311492 -322017070 -1456372884 312151085 -1911104138 2009152364 -816107049 -732820425 -101606132 -196248993 
-745382727 -2123313635 1723670587 -1483705974 77484642 1820888813 1493819203 70936942 1474078748 1350053419 -994144711 -2088461374 1782671794 -1853287820 -867155113 796808716 -1994628297 -1720586740 -150616323 -434888819 1540007726 -1263918394 -1163677246 114384397 -1276129715 
-159861430 -1156753487 -326239625 -515129715 1893456989 892784230 2101270585 -721671042 -720428702 1350399863 -2043078190 372991287 -464575196 1414788005 665174590 2091931781 -171238738 779000534 1877231362 1248695063 -239668892 561961704 2087671675 1443342192 560421680 -1806538034 448917064 -1141034934 -192058883 -1491761588 1710621219 171855521 -1421454694 
-1362798122 1051272636 288911378 -1224308847 -539830547 -1890116584 -945121584 -1867543003 248172841 18200973 -907900876 -476398026 1792337209 1353189381 -2043965412 -481166265 -1070204632 -1417543773 -1218684054 -1085039267 453551746 80387535 1071652761 -1261103958 1648419883 -453814488 730213237 -1253846205 -1289928474 -531030989 -1189620208 
-394087624 1133805100 1138011665 -160662038 517308705 1633746953 375717817 514867061 659812574 -1455232890 -696790805 2064761115 -1076369922 -651580315 889308689 -1236282318 -1310028684 376870201 -237478781 468163627 -1602804522 967474977 685120079 405887330 
-213828867 -1596491380 796499859 -3641337 1250411336 1280956868 1143837701 -294580465 -2044915178 468294284 75122022 -1199251837 -221240152 122182985 -79417066 34468879 -695647669 736450321 -986251363 -1537904797 
-1036427990 -1442085253 -993599253 1913735845 -1477968073 516737010 974556473 -71032324 1175609472 1042151375 -1295927071 1301154654 -1889402764 -1061190967 
593042087 1574859552 164550029 -1109965997 -445201292 1835682936 -507567678 1053754300 721754052 1422047742 2146125895 -1487045153 -287885451 1462032420 -1427023231 -1848279988 -850734632 -1126531362 -1428027726 1261551693 -1701269758 638128315 
81594122 -653178544 -1325776834 827579319 1784214909 -1204077229 1411449605 -192788678 -1977124162 -2105075665 -1025289804 -1599331321 -336347633 -1049579156 -1866311265 58831578 -1323893854 493647286 675013388 -195215678 -2106353028 998543980 973161327 -366451594 
-1848833566 958185962 -983230460 1191205928 286196461 993258228 283091698 1814485458 -93997924 -1050978733 -1482038052 2088215405 1277888472 -820304074 1751483618 830814273 -1161453022 -555525570 433109726 804319126 1273004133 1781691707 1658997667 2126854912 
-1054787497 -2121733166 -1935990823 -741114607 1341618727 -162289756 312514437 948973060 -142208758 1600941318 -980704746 -1880423376 541179760 1349228463 2080751704 -228377074 -772694462 1661099653 -141673963 -496933856 662670478 -1036440209 2086172290 -2081715148 599691042 938615296 -2107966306 1213841961 1110990206 

-407115389 94828315 -1526429794 577957410 -452133714 380541542 993963715 1043395430 1353983934 -175632579 1552559459 1933124493 668961076 -424521692 -1609241476 845783560 416709420 162542825 -1569620396 -1081229296 -1801429825 1529667490 1583744936 718157797 
-1550490638 445970780 1910043356 -1796468500 1400659458 2136387874 882062112 503423598 -1566459451 -778506686 -1409091307 1115916356 -1299944885 -160698500 128185370 -957365042 -1870315381 -2055635955 -1720942463 -12586407 -1447217461 
-682288610 -589229437 -955348759 -755460147 -990281208 -1972260826 -508647158 -585918799 1006746602 1674539855 1769560992 -891904361 1560417654 355638662 445262087 -1640517979 -1420972604 2002465711 2052061682 835689687 1421029609 -1297491150 1912012904 -291466655 -980670507 1162249216 -385654796 1212012634 1864333694 153599215 1052451291 -2009443969 -988670893 -617807497 1467636195 2143153642 1068213108 111327461 -302369782 -2122267191 1968803373 -1330732516 1261965307 
-2123617848 -1018399911 160482575 -1186943254 940095887 1016639810 1720930147 1894654635 -1461033599 -1105392846 -1153817311 1474808865 -893779198 -1260000400 1526306251 1176827223 1334732074 -771259312 -357009374 1344027244 -1824805107 457395904 -488457165 -2015151223 -1923310841 1618592249 -1407966004 185712794 
-1135283427 -1943306928 -240282099 -125826308 1739597125 -832517089 993074520 -148022333 1229259750 -1636188064 -1219330387 1778920521 -1078847768 -1360780402 -1501660432 -768561084 -1605184815 1858568368 1181898052 2111918570 -1258099638 -1365519581 295294410 -1397762050 -250087958 
-1768356466 -1551186728 898990172 -1690891518 -700813546 1951943965 1465659317 -1656244629 -604812998 -1226752860 1139791449 319365433 -521831412 384333742 -1309801773 552921633 -1623865047 2063028608 148190049 1382273986 -273257590 -1342342118 -1028193631 -711428636 777045675 1771703888 1166219722 681914464 -652375914 -164171380 
-1792584993 1364839681 766737652 -1713494117 -501366212 -692213026 -1339982572 -1439278434 -1664108628 308072464 948658203 966496344 -1866953225 1695321368 -457913797 -1693126453 -1045799404 -1676294299 -1288772303 221896834 -1253984564 
-1155795082 -1952701745 -349482775 1236571136 719693334 -1949496425 1759508966 -1124300552 1604231969 -241266558 -413310388 -1960624608 -1467901030 1321014442 -1504151029 -76365552 1901140781 -1694882469 391920630 -1313070842 -1712937657 -2063158954 1933416504 906497070 
463488319 894882847 -913306279 -383909831 1440460546 -855757384 1933428691 1117340603 -2076716968 -810422066 1100749896 -318667249 -247160267 2114804818 -1702140137 -2133744284 -254131345 -520374825 -592511301 1471999843 -188231439 -234603265 1422516017 
-2128644352 -1356589940 1130425605 -217016641 110405427 495434690 -1081427901 84503902 -546113681 438100293 1333492980 -90156533 -1834834237 552844556 1250815178 -1415314841 858828934 -206042589 -1344093242 1916113790 744393463 -1443819378 281164807 
-2029155885 -117307848 715568411 1524004621 1779679198 521187584 -1948341646 26571835 1424546461 -2039677382 253588743 1560129030 300206195 -524691902 1983198948 36282359 1895037722 
1784579962 -345000450 -982216767 -1863593373 -633749294 1237705882 1999856741 1872577584 420479544 -274574543 279042976 -1855892849 46059144 -1898319895 1339412503 -95174187 1693652979 1633177427 -460373339 1412166949 13099540 1907642821 -1781178467 -1545299005 294435798 196758876 -826437093 -697886005 -1035741221 
423129166 -121900248 595026267 -1066749327 -46365802 -122713899 -1905676599 1687614599 565640383 583597394 -453270180 -1818463244 -1151106237 1973736261 -1975603706 -728643416 -2078047591 -406464472 639196047 609875058 921366677 -515936471 1170359416 -979188214 942984523 
-2028301746 -420038529 -675131745 -185614195 -2079511915 1658093113 2127311241 1848726252 1270550810 -832261529 786186430 335537918 405792848 -1974182786 -2094422935 1399505552 -842522139 -1052458495 1782737293 238131094 -1784832262 550810336 1259182558 -223759564 
-84043034 1429840407 -1121624233 1537494635 582151893 641563946 436369911 -401863663 -733484037 1995794075 1452109748 1661808136 1662143863 -1949654771 2100816335 1310198426 -2145727245 -1800008960 

-1157200554 2016473925 -469179562 -2011456297 623330901 -2147098001 -362583098 1573112763 1142919038 40739015 1391749626 -180072235 -1669811700 193041305 -1406141010 -1342044936 510118513 1203078931 2137177360 -1861042780 -713867890 1919408617 1583754958 -1662699218 
-908848861 -1029835232 -404354120 200938603 -1501465085 725563723 -870090339 -2023719823 -206205176 1550028737 -1244167588 794193109 362101001 -1519397779 -1298107999 1016820939 2091688159 1577452981 -1719542219 133831840 -1049363481 -193217802 -575579802 -1853636276 -1606319600 
1843233724 -311524341 -298359674 -818540105 733608699 2034120911 2139842933 2131524788 2035003747 -456197317 2027423438 -2122140585 1649791183 1632382605 -215603259 -1080544543 -60158540 1312601645 -457897589 106091134 -845874177 326233340 2128075314 
-1788361157 -1277687617 -1589061211 1054896432 390391733 1571167895 -1512974587 -303671535 1087001314 1728761573 -1567172698 -1416422125 -1077208454 -814086738 -789374920 1107275722 90635373 599796928 -411375218 2018545504 -71364680 879314416 -1424726254 -9951380 -1465256022 

-176712437 -413718889 1140002656 -400331405 -2035764765 751932432 -880755419 -998366457 -569222864 
372285213 1804701311 -283167777 -3274052 -130617324 1236866394 -1644436957 -1761771930 -1187570839 393334108 -1350871002 -1930989876 614193296 -750895795 -1158140925 1820800394 -1019676502 -1216846000 1596801982 -370714984 48125121 502835773 614270476 1463934229 205350152 2060005106 263729151 -1536745025 -421901053 665539589 544618145 1368822184 -1531006356 1384729638 -1972418979 -2080228282 70644155 -1035639984 748389490 -907451308 -633371999 1542822078 1910686518 -1664378869 1440586465 -289815105 920836852 -68104931 
-1070356053 574566024 -184440620 -1633670925 1489545464 -873667811 1514424029 -299683460 -1250440142 81759586 -1480963922 -900242580 467795464 1066160617 -388392944 -899968701 1808859561 861365710 69454942 1410651254 -936537680 -1495218210 740565234 1259859703 1815024498 461966699 -1367718390 -532948181 1300602480 -840072984 276956713 15934269 -274020358 -601805547 -713559274 919098316 1367914704 594475671 -469936744 1178381651 712678836 1220505347 -271254187 1057844407 -678187885 -1601567178 1809788876 -791718021 -749220752 1372669885 -1493697907 -736276970 1507860911 591304345 -676296768 -192271794 
-955403995 777042444 -165560647 140205299 891493311 183455034 -2087528052 -754152058 623735852 2044293158 1688032473 -50671958 1497653378 -1097852006 253394688 -409479025 673171700 -1782224696 -926990066 -2006182152 722039942 1682842856 152367351 -1741099344 1208978332 4468008 817723508 -2063953842 1674416781 2059553425 1407522538 -1214590794 -312078559 10336752 1705639912 -954392734 -2053012816 872502540 1902036988 757425439 349446511 -65802997 -65381497 
