666866524 720870131 -503327712 -1494698307 1097375763 -779518739 -887238395 1764905362 -969011407 1393983683 
-854738439 143102724 1007882958 356716630 -1230620506 -1881579612 -1867746963 -854026077 -693162926 1071423397 1757611988 
1260448073 274552237 1910510616 927143663 1388901039 -485406872 -72288078 -205362909 -800126296 -561861714 1714873780 998367708 -100584181 -1315191859 -527919803 16455361 1389634511 634971001 -1329954436 473784506 -710643104 -566064757 
214548317 1467077605 -973172098 2135945187 -1223988903 1342623711 1029408589 392904039 -1934291630 1669472944 -829168373 -978308061 -392300909 537482963 -853305100 -116362246 1921927345 1771300533 1995697560 1821422122 -1299903033 -558424882 2114109829 -1458760461 



-1315351023 -2142929797 262293409 824297170 -1514574010 1189025726 1366480564 599331915 1288444811 239364080 2095565438 -1667857859 1289701609 151423317 -380257731 591546282 -463949017 357426260 -696373280 1060599401 214747197 -1373658320 243589983 -1351945043 
795907430 -1995298719 712459760 -1570265509 -783094873 -556057 -1739758918 -1365751345 2044950497 1307816528 1758655181 -1356417304 906683956 418741081 1600886637 1146778334 -813951994 1088224147 -109780755 -1378242444 1361724682 369478590 -413703967 1691920972 423358197 
-693730795 1114372645 325377312 1151301395 650736924 821301674 -942994603 316222651 1992768675 1891539311 115335544 1073284250 1634039851 -1175147003 1357655014 -1457547562 -1303840122 707538372 -361793910 -1411825789 1351323352 76003496 
386702849 68652233 -583286232 1788294976 957164402 -839352761 -1416253227 589038487 1848778289 974395633 1579199877 -1274451168 -1169646082 1391992282 164609221 -1404015631 -1133723868 1795889322 1007144409 -461126845 1682624817 -779639484 -1421379666 727754578 1816899838 

-841452174 291099279 2030860833 1135030712 -2002841897 -1564555312 -1717481914 52172507 189733906 -1903649510 -1045596779 1740803936 1355748382 -979861612 -1378042063 1012617816 490329881 622806692 -1907079365 568023517 -152415547 -941948595 -693948269 252158674 -911404208 1223519982 
684117629 -604188612 -58124040 -744361594 -2065697748 -1397228699 -1119034873 -230285322 69036427 1818664815 153710497 -1130808952 71652173 -576314910 963118864 -1316142019 1718979825 288579154 753789504 -1453627026 2137136885 
-1743494416 1158332587 -1316121819 1976437066 793265856 1950165200 -1379044157 -177095238 1421424158 1382770390 2068878050 2101344486 -2032717868 834898632 1523681727 -667309437 1830449247 1414661028 728953812 -200989211 -822232322 -761672032 -1192516901 -1064964706 -1006450127 1365127113 237983037 -872499822 -1857346719 110227564 
2091968581 672551997 326797207 -1655976644 1150890753 -777116161 -1388911159 -2064843818 -2061714724 1611616323 2129556317 43643009 717388660 1943138254 584197992 -1141178341 -584782251 188710645 1936633313 1362423528 -1278941006 488150130 -1556206671 1214772140 -1960360148 1003230206 
1932441151 -117043932 -706074378 1721456873 -323919839 657904993 1913288485 -199822794 615650682 -1853169053 1852577487 -837578692 655703138 867010777 1764504515 854546430 -514966109 1909876519 -1182321769 1190885477 1300685303 -1464636816 2037830750 -480282399 166485519 -962790022 -1730555011 -233996455 809823454 191111735 -549985071 
11135613 -1674231540 -433140204 1732842540 -2100080911 -1043102925 450441372 160596789 -12108369 -577714783 -58642357 115764752 1597459487 828493653 527169578 1369879836 334958091 1956836256 -1951800349 714056191 1363789424 -877031126 972201852 -1933043938 1110858418 -181301583 -1485991478 -1706894881 -1213440964 -1153145264 565771961 -295833566 866948779 
-1248161322 1153710922 1449201399 2102754470 -2031161624 372805728 -414792966 -1167999048 -1069067745 1886714282 190369800 -979511035 -1628077721 -1479482874 -774329713 -2016421258 -691739536 -1037346487 1014203646 634004222 1575178756 1627541133 1121555298 320948874 -949198472 -341288863 -373393058 2038592683 -1555135757 1206744453 -922192120 -517070156 -909808426 
-705637215 977994495 -605409568 -1793397330 -1508285762 -1106123378 1628092732 822863461 1486594373 -516014901 323598180 592299366 -2101199524 -1928712571 1480142359 -2021401992 966872342 -1989451907 -914602704 -1581498389 -1036906997 2076597389 1775237920 277171247 -833681934 -1871541229 1066649483 
706652710 -353964175 -1783699109 -1675116275 -1033286026 1212128643 -1080182863 -949689737 -2142057044 663156506 -807032760 -522067557 79927829 1937488777 2113263489 837613083 -506045716 988103641 -539442746 -1957013067 -493778666 1831064994 743085984 -1916533991 -2134557962 -1046912127 -2036503929 1373021723 -347548478 -1538953405 -114938056 84747053 1776529129 1256928396 1152093669 -301756363 -1326420320 1220431544 2145885161 
1721139092 1015008601 -1995084355 -2099974932 -1315673980 -1397949298 642709408 -209898398 -367293349 1781768895 388025545 1049734520 1813305099 1449864820 -868303371 1786337458 198943774 -1412277543 416921172 821816235 -817889819 1737605489 -869033274 
528210944 -269084431 -133575292 1201827943 957676476 393134329 -1813664162 -853589121 506012356 -1707149412 -1887232297 -719070900 -1959947307 502206974 2131336094 694427101 -500547995 1803364631 -1584636502 -350299632 -930374050 592837453 1480837127 
-778863822 -487669617 -1052408227 -1550548747 1977631962 -1415112418 -1877001037 1366501190 929542672 -466919220 1239611649 -1257982705 1427714866 1721276870 -1574206290 425634899 383487036 676232953 -1711298855 1346364620 

85872093 714257688 2112888221 -1664591661 226572149 1332030745 -704689088 416522663 1355746960 -1870597722 1651068956 -1796336099 310059174 -1037393330 -851549010 -836529894 -1566033501 -1004125003 -819843918 -714991466 196610315 104591155 
-1180247623 1226418131 432176484 1683244957 1138948214 -563759872 -279659346 1034530384 -229824925 -224049665 -1648393503 68570984 -505857942 -198229774 440753750 1633845383 1141316228 1343436799 -890751822 434739346 -1639302845 -557419933 -945264704 
2066722921 1328494080 428364580 -1241731433 -212026976 -417133065 -2124406949 -563802799 1094577105 1040551975 -836162958 897158519 -189767632 -1846053501 -1419520706 -1661527824 -93548445 1667320436 -524796011 -1806475445 89366096 -1371419021 -528116158 
92982877 2145203306 -710697864 1723144530 1349164676 -1957358149 1542863290 1486689531 1321835041 -2055376559 -434161462 -1421436922 -851803739 -1054604101 398112125 589608163 133905401 277162264 1768276531 645494694 -1316735516 -2110124148 106304597 764064870 291217680 

673373644 556614610 547214629 -50830577 -460794182 -1456960675 -423771964 63498669 1506830212 1019185886 -1194462678 -1054739678 365196795 230607214 1570747626 623562243 -1609942043 -786041777 484910086 -820863450 -52060757 -86877606 55033822 -1858772622 -1755133566 1585631671 -2139097435 -1718319809 293394802 -716624601 -1388392575 -798371673 -1288960323 -196382824 -945486878 31601085 -1280226027 -133836793 253720907 
-1317649764 1345428076 1246983883 -379146100 -1020833718 285496884 26962026 -1505502977 -615020468 423443121 819798801 -981362805 -1219774595 1261770819 724953477 -43307947 954094277 777991009 236905517 -2018792612 1036715821 668792942 340389925 
1098987414 276425726 -449480984 -1141807541 -1169115434 -1550112240 144663671 -1898090384 1542556254 1433046223 -978663884 -57172871 -641279803 -1989990138 1292303967 -528768676 707841477 -2118308154 -1679261756 -372059412 -1874422030 -343645997 
-2006301325 -1675253462 -177911918 313725350 359938732 901046153 -1037102957 -1648846841 661729831 -1311591126 5880531 -1820933337 1689536833 -790488929 962707612 -1035555761 974557731 -1873754784 -584838591 -62881038 -749469659 -1909059970 230577695 51336078 406730250 
1050214280 1059681572 239897428 21153360 -1476699529 -536232428 418721465 -2143633243 568885063 694837315 1061470144 -884544949 -1624610374 -1681257991 2086705368 -1612913768 -1104104546 -1405026891 -1191193156 2036305339 -916470962 -1142880533 -270347348 837122324 
514893083 -520466334 -323474357 -496114132 108826935 -51413643 -197587115 2062902137 -1127678274 1962304276 991707156 -1478377219 -2094842970 -3432990 456293795 2052359701 -1419921815 -516475718 1020960877 -1990082072 562171868 -1651249474 -1657096803 338291612 -2057942354 1586108661 1233859522 363464228 505272095 -1775685584 -1953838158 1409262107 504326087 
-1045116930 -182938727 -1424281026 -896612020 -786884526 2000878052 665552384 986660166 -1370487387 1577748204 -810288703 -1000252087 -1606180187 1810797287 469198894 -1399899131 -96828232 1364467946 1701740341 -494081002 1388673543 -1439371546 -1247618861 -106116099 -1362294230 2055716237 624715528 808647905 -302968028 -1514631509 
-90710902 1733491635 -801437499 294781837 404433737 -1348989159 291540029 1734810352 -1603461881 -1699790063 -154644368 -1184949230 2063253489 1284032497 -496347030 -1682199289 512717947 977498781 -792766498 -1928669821 -1754256959 1503461417 1518538635 1119207732 -1817395736 -270103540 -682588741 -1417756896 -1603328769 806039751 2069188992 763818737 121232857 -330905089 -607778207 
-341844089 -1887220390 234712085 -1164217746 876141054 288244121 -1795245232 -1783295657 -982675833 1413751210 463132773 1862477639 1405995234 1531883878 1452232167 102162697 
-424384569 1694318178 -1825105481 648428173 -1281483539 -1063177860 -1412376329 1450427410 1547064845 -456882114 1700380674 -1763538352 -420230898 149193045 1286454507 -695607424 -1301638559 544824378 1435489623 1150948329 -1641607452 1596243103 506936590 -568740207 -214504609 426062166 2033793413 455496118 
1622995847 -1412997901 -295163870 -1547527754 -263935736 830040863 902081074 -410500531 -666164640 -341275021 1042686738 -1927750917 -606917174 -765277043 1477127842 345987992 -1440629256 1998832237 1549026797 392152216 -869670091 367890064 -1564615545 342951800 -604120704 -316555592 

-586651879 999379689 1745617432 192131623 1041749607 -1714734512 1179056903 528850797 137758232 463348675 -1529893357 860870061 -951712189 617331283 -1533503840 -275543077 861916213 -636577909 821731320 781046118 1513567091 1813401596 1805271208 -2111131513 
438456264 -1200603497 -528052082 1851021519 -725221956 -607950921 -1452746451 -1796461842 833212717 -63382320 841955531 -473935957 -1100037463 -1169021663 -602824451 111791269 -1553640982 -1526115915 -815039524 1311560677 -1274794064 -2094613112 -673028952 
-692738701 327690507 -1300603976 -1158375721 -886999975 -216863578 -1386228425 -1919950694 -135440883 -1741858935 -1831010894 -1141075519 -1201629567 -1528279019 1695331349 -1099625608 1436187175 1311587931 1469629327 1987484994 -841976684 -714308460 
-1274136163 1936494142 1367493860 -923202700 1997681825 -1961729174 -1841812664 -1773998099 925676531 1493631913 -742475333 856473412 927095486 198029688 -217364647 -1427992572 -1020500940 -98571959 -1103436840 1422545264 1466620210 -1942159888 -725787844 1050203254 1290466334 806538339 921477583 -539999284 

848258534 384683519 -430414964 -1851279151 -19939971 101923249 -987393579 1293724548 1604255393 1535428960 -531700083 1056100946 -1525108232 -1150728184 -1349161989 1418716167 -948477300 2071542623 -1681604876 -1209282628 -2117179064 -2037082459 1641523018 -2069900002 1143735575 -175112296 482882523 -659474119 
677943709 966251199 -509200334 -917595288 540712545 1383602184 -1087026772 43083228 946712716 -303096535 -2062798931 -1045022387 932716881 1596668545 859661675 -10269580 -1382605356 1827821613 741397275 -1682238139 264181306 -202174396 -607312005 208103530 54804320 531035813 
982967429 -843591863 -148261505 -2127102480 1850399464 -811403552 -1740204704 -280932184 1827175802 1848902957 534915041 -579696125 1751585915 -1494828992 -1756347490 -1512476159 1907016706 435699254 -1273866437 435709432 234445244 -1275830324 663735438 219405183 -596464007 1360054771 381527736 1986117909 
639865211 1165200972 -800972602 1052841596 -1535833709 -208548813 -569480764 -456230927 -1674213965 -1062646658 -918148610 1505088991 -527691403 254682906 -1746840183 -212484620 2114618900 -64802428 1778022207 324897909 -603195081 2129900502 343434583 1498089995 -1898194759 
264823431 116400022 1825162164 -251580114 -155286149 -964686614 -650614681 -893319801 -83522235 1446801168 675271339 -843996021 -197862805 -1026563475 -1565521746 -1000830653 637219846 -512541439 2055681159 -327458986 -1218526141 227619360 -514338489 -1152175750 -1359833395 596916005 -646291044 241872220 -718652062 766860191 -1328528187 -1478805015 -1451715052 -1334521405 -1214483357 2049003561 
779006982 1927675564 1062791825 1007824098 -254017020 712065304 1924466604 -1712769121 373395032 -178712881 -2091608401 169790414 -201492938 -630324396 -1179332343 1426865766 984456663 
439523495 -1978744132 -1836738959 -324869116 1970569750 879036227 701211976 1931466230 1381925747 275057450 -70962299 1220657232 -93046988 1168288782 -1634701935 -266672308 -586429609 -936006522 -1720605921 -1468992140 -1712138246 1462322709 439312468 1745088961 -1842089265 
1739978069 910647055 -1217095718 1219836676 1009607675 -1806030108 -988120711 483917643 1645352614 1240523433 1435918943 -173326863 -565558484 -661139256 -1997723915 -1747103086 -218582473 -528954389 -180640046 1520951997 -1769762682 1197381391 -1847747417 867473716 -118239576 -22945377 -739546204 112279265 1247686181 438890935 797287566 
1714678509 -189713508 -1147163619 -1263079550 -1880091356 -1554970625 815808997 2064590431 693074352 1704782294 501822284 280343797 -762628702 2098261500 1446398455 -1194246243 -124158547 -1502700967 102784367 1174938498 -1057549385 -176636246 -1060610635 549741749 -1867241589 1586300669 407314718 
705820106 -1853585291 1594894936 1109764315 -878724579 -283147207 -1754751890 -1598195511 -2015461742 70786847 -1250745441 1200822380 -1431212573 -1274215479 -2026893264 -406750042 2145487378 322188992 421240196 1269175059 1623440608 -752696673 746604926 1131124584 1921381836 
-1623171683 1179650073 -804196639 -1969107719 1935205704 -386812330 2103538916 456928384 -1858680216 -247945413 1312453778 -2045974765 -111514516 1655010992 -826742535 -973399356 2019782708 1868345802 -826607624 238360389 2064917378 389284846 -909811163 358947971 -451081508 487250817 18375179 352765043 1180390210 882864013 113866053 -1543337510 -1641825687 
2070799718 -1101264483 417293989 -1210706785 2133517456 1304870620 -414903959 1452146458 441436922 -631557391 -696567850 1519356317 1161446764 1155950168 524577788 -1186032869 -20057834 147687690 -1624375452 736241928 -1533356326 1613992386 -899176830 1990026659 1585392974 1686796591 -877069182 -358520392 -1361591681 -324908927 141304525 
2127346011 885976939 -662170182 -1135623479 -1951560595 1283208724 -1784890749 -1803753773 -1118439091 1854852604 1131744687 -1768009472 1230703610 426026849 -1315918666 -2108964464 1982237779 637567738 -1341634201 2061630838 1180176715 -696110179 -147364109 -1235299033 
-562570460 -1344615302 1700768804 963088331 1744406275 2008111031 -91105701 637779257 -1447274997 134891448 -469244596 -1442804989 -551952176 1183184755 -170722661 1201347512 174764881 -2093903059 495453940 -1488881874 
-772523659 221207485 -273494130 -1070708865 364033964 -2010544416 1435115941 1469770787 -1130067088 -1093301299 1172508272 1199603716 -1872484414 2063857606 
620450590 -559930265 1765297618 -1659751231 -6225598 -267446813 -359469817 -246189347 146603111 -921936772 -747081962 1818697268 295496117 2091942854 -1765672140 -1111940275 -1094624057 -2040967852 -405298383 -472622775 -374197129 835112080 
-123795663 1593529067 1974312703 184069856 -802290294 636475790 774481659 -1674257523 -560416369 -450442286 2086337162 1182987303 1814862808 -1138718022 -1719654022 478849778 -656777835 1836865807 -1345230519 1902955562 -1498209478 1054814301 1089191088 -1592188529 
-948593831 -332578964 1603622382 1444280535 -1804532914 -1877038402 1629003278 -572518706 -1463433362 422042972 -1050489219 -1589433235 -1417902222 1329447562 31000256 2106081808 139799775 -76068178 1454388830 -162220679 -288776596 -131803971 1589703686 987488297 
1842345854 -1124645465 -678306940 -70482238 -1683309825 -244286996 132674626 -1905378185 -758295564 643729614 1339639720 -722122321 -1027256787 -1479770958 458103141 -1603900393 1970914603 1642217698 478765422 -2051256603 958653182 -1226859212 -862722406 2057136787 1433136518 1760774673 1627034257 -1911516585 2035321394 

174817272 -1374662483 193115340 1194227969 -807876332 1548191634 -1571209503 1604360873 -729691660 -747769515 1719165106 -766981615 2015931135 -1059219386 -959155703 672964323 804329487 -212661371 -761652766 -53462777 291580095 -783635291 1005714834 -1213357519 
1212889807 583780441 -1524677790 -1093900532 891592972 -1901993383 -1711644226 91942372 -349751940 -1569675315 -1731464838 385363817 1524241453 -1240321971 848662762 1822483136 2021695729 2055401640 1344370162 -1582711448 -726394551 
-1534597616 1325542331 -911455841 1113002240 1350186666 -197063809 569043252 -2040486441 2020832622 705700973 -1971130177 -1913762241 -172287341 1857226528 -1542652528 199422911 -217062169 -1791992526 1118069318 -1823294939 -1401718084 -1870445258 -1069501651 -1789230269 -1413329601 271273447 -387163999 167980685 81001988 -1788447226 184394261 -759683002 560770913 -1152335570 -1623134712 199357923 -2111663912 -707198771 -264115751 -391906311 382607537 -198000165 -942225859 
1506799705 -329315161 661265609 234158516 -1911173366 1883928320 -1656930602 922020657 1469256388 1349767319 1587869078 -1594411470 543292755 2058532481 146607882 -2090695085 1726620438 908944237 -1572221407 -1079496940 -1313007238 468294073 1076361418 -756532812 -1544521246 -2140039496 -1010210505 -336731996 
-730327841 -277036157 -390606817 59749521 1731399695 -1049521134 -1657514098 -33115283 729192619 -1165128720 1454002605 -1114989114 1545161929 -1982858903 -1995430598 -2001716358 -1767724847 -207420857 2025363393 -856973623 1820526251 1593138951 1690637019 -1637038449 677255824 
1413444475 630662856 496708638 1019125698 -1844648245 848663279 1324470477 -281738444 -1957502143 -40812441 -684585535 1966616369 644060228 1548853619 1258907430 89310457 820327423 -2104396053 1638118559 -1585149699 1394839273 -868699929 -596652002 1165706641 210853160 1093185070 -1897754689 -22424431 -240786483 -1917109937 
-965156115 2072719070 -1716777309 -446232906 -1058545329 751261500 1456769445 1812886297 -1283109721 -457149065 1966057741 -560519828 -1496724913 1518293799 -1420380574 281304428 -1970064120 1515025606 180847360 -986780225 382254232 
717503467 -746488909 2027509385 1735621132 -1896304637 1737775839 243733957 -1635846841 1206599975 1564924236 854219861 -143785952 1590378415 -1836825246 -1171521917 -1650736177 1361499061 -1214452212 -1115364286 -1419888463 1309622756 727175583 -1931905428 584368396 
-1849009555 739738792 -2000486952 -2020391391 -81670547 1521399029 494112678 1307997521 -1141252340 -1330768877 -1834655671 1492920843 1960341693 1320507101 1888387298 -1388370588 -1297697458 -1394086825 1373496974 -1100255602 494804227 -1722935921 525850892 
-412263609 1224501403 988329010 -1493476612 -1006954609 11000482 -976245124 250756198 120343590 -1080120630 1108821974 -668317123 -975456725 1214568102 1706230891 -1919503583 -406342894 -1302658197 106489477 804985412 -283624284 -863350890 -1530258824 
1124913846 -1773000758 456138583 1813678525 -1277132695 -266830045 -1927381375 786073607 -1035207153 -173639792 164402471 1050863480 -1957152150 2011998780 1193538631 -776662941 -1302887423 
-1762685058 -1327016373 996554262 485454240 -1834251937 960981817 -802897639 1957182039 -2086688738 1964215625 -2108234664 -1701485569 1315799939 -1674419718 1263474851 -407579703 -1459507220 -1158535369 1349262675 -1293012008 -273780352 1216610237 -2124427274 1684752127 -1328677636 1289937901 -1764175078 1637323364 -1927260312 
-2102219015 -510030727 1571645014 1433230637 1385627428 380454849 1687271419 574146692 -346527581 522612432 421697452 -1412193728 -14202017 635194201 -1321337470 117659814 548098958 2101434675 -789556239 1880898857 1284507156 668971198 1604722817 1124242616 -1272638868 
-2003629584 774641450 491920005 1437864820 292831043 -419610775 1613358420 -1248163334 1390155741 1947723921 2081308151 575275701 69747127 848080612 976907303 994470659 256276064 -461598431 1591029632 39082849 733398190 176117751 -972260716 -58189675 
-1627886607 -575528272 1985930504 -385372223 -1939317167 -2009280371 -208668086 1264133667 918722577 -215328956 -2093858658 -1858073777 1593117527 -767109376 -1668446883 1991998298 -939308151 -913491522 

-1388416124 -1746377947 -341842465 667565117 -378384441 -425585490 1075410772 -809787193 1968960941 586477936 -1819859389 1482075991 -1263460042 269878127 50363442 105393783 -2015396949 500408874 -597498154 544081623 1015145819 -1231390999 1055902159 -415666623 
-1297548527 -1905011358 -534011174 -2015512748 -502669298 -837759074 -669551325 673669295 1683485640 138919667 2003012542 1259633330 -868791894 -1231039013 -1261172194 -2130331297 1703928490 -857644762 -772033435 -1931077763 64548618 2053036716 603207885 -634570089 -260661971 
-1139990876 -133176484 -1972456422 96292780 717760881 -269935511 1148604468 -438955562 -812941278 -655185525 -821493020 -689818763 2050176150 1929135398 -428436411 -1567859071 -2134030667 608409918 1921508597 1577005654 869924357 -1444609391 -1707914949 
-483182608 559034282 638191010 1076250584 620035140 1126876885 -749269641 1322991857 925466138 -527568967 1141760066 1088367930 -1410645035 -1855432803 -1536949553 1650031831 -1083669393 -193692005 -2014765372 136293917 656931492 517650575 2060130662 248701684 1489962559 

470806323 -695523029 1308954034 -672604753 1662178214 1066347806 -1201585985 -590600632 2109858826 
321452048 -694631916 801757198 771900599 -579943236 1604134445 -694941672 -1257078037 1892883490 1639773777 -1786588090 -102114664 1209478111 -1110909298 -431458443 -1104205830 -1557379494 1673157112 -251309794 -597632326 304933090 -1750170583 247399666 1333410662 1945776595 -1834818960 474343074 183928643 2038652239 -1534912237 1439648660 466571471 -2138384547 -386271264 -180774511 909132736 -1575098955 -27212936 1918042059 1784416486 -2027439893 -1705712433 349363068 -739860072 1909733801 1915349269 -1103013507 1798377275 
-1173237811 -1696237333 503756714 -800947401 531904386 753376878 1183909991 -1309907358 46103369 -954161745 790955552 48039603 326798238 888463038 -1647744939 1243570621 -44620589 1827853895 1057859666 868487601 582840937 -712434075 158177781 -346933056 -1180717107 -197852898 386683633 1919245349 -1834880616 -1552698152 -1112819172 -322503027 -69097701 -1470935150 694488902 -22945566 -2043213506 169500878 502900012 -1151456601 -848124607 827830850 -1143218237 176965857 -1429219857 1611463569 1686725465 -1103161087 -1444628214 516638625 -1128202634 697527389 83303903 1522537464 -1514143036 -920290683 
2064954030 52342805 541852176 1478203710 -1177145685 1497411093 -535333167 1970718236 -477093243 42843390 -749747729 617130879 -1842796871 1710425016 -1407786543 -41871221 202248483 1689117793 663813257 -1426448046 -1122350385 -5338340 726297362 2139465758 1173611673 -1407460010 491383455 -1136895199 178193128 -1295472280 140833895 -529479626 1512078359 -201815499 346345190 -860886869 1848626707 1256251581 -1242203387 -530486212 1215818476 -685210001 1094105495 
