689398955 493713680 1670951272 1452655477 -441363186 1479421175 -884437265 375962015 -1624496963 1621483289 
-155258323 610695267 957808030 832562262 -646461981 943478202 764300947 -1012469566 1336161146 -806603134 -1994274546 
-1046900913 201466990 -842883536 481474125 460910451 -182108649 1115120294 854962487 -556001583 -75545464 1685312029 409956252 -37339396 -1491486754 -360676612 1148406408 1680618647 -574713111 -1195632594 -736077540 -1720508726 -830774821 
1810603472 902831784 -1863974870 1211876171 104576873 -2010663146 -1849182487 -1393542856 446902864 -63184277 -796894179 -74541523 -293384618 -230904705 1840721810 1064875156 1428480679 69550077 -919995630 -440901367 -1954106820 2117740721 336430345 -1102783572 



769174390 569297892 -1393906478 -1552853998 -264244763 -2124438745 1552825404 569504785 323878934 -802678128 200399096 -355023365 1866244621 -30033594 -179449051 481465627 1354240536 580585286 -771914776 1948101538 2081390193 998857727 -1160764375 -2078055671 
1363363942 -1379898362 -1409126826 657078405 -505388637 -1792110106 682967679 1053714524 -1977733246 1114502492 -830441575 -1892729453 1452583853 1367181744 -1207973989 1721688837 -800091074 -976298684 -131288990 -675881891 659138401 -222574719 -683863561 2009572653 -1464593364 
-1644573860 -1747235986 -524860056 -669284494 1877150559 -1474603979 299762881 -776148232 599121724 802371996 1234465520 376611275 -59187717 -717915963 120294762 -540404736 1245731604 1811264857 -1389236517 1246822769 -1956155240 -1574916405 
880273735 1178181431 908468235 -480020106 -1418346983 1750736266 84632830 -821815411 -506611137 -1870232088 -863934750 696920639 -958449570 1670319880 1021749822 138784511 989573059 -535776872 1546595824 -1513943688 -1894558566 -1023868714 262963180 1645609694 -992726746 

-60261332 1657618819 -1544700440 192948777 1824265190 -1231652864 -823891033 -1838279336 1698108356 395564830 867235496 -612708448 -1387509558 1228308352 -1761187608 1676091897 -568409688 -698647054 -1219833313 192395726 -557902027 -1690956407 -1759796156 -966010755 -567533725 -1117589402 
1981488783 826395920 -646784112 532041266 1912123111 -1014674865 632461045 -794471283 575739197 -78648541 -2071510672 1078038450 -232593838 -1410350775 2125366175 -1110190853 73890863 27066909 1910455280 -1585367414 -1910066097 
276557281 1426480661 -331071392 1784163708 1352856223 1856497911 606711513 1649608332 163347076 1699034889 -597240882 196179520 -648319625 1453160121 214844980 -106737763 -2055031493 967353686 -90915604 1324839580 -1419235272 1166560364 -1584445697 -287153886 1869274563 -1902378819 -246807056 -1074057970 -1597694852 2007814684 
-1194069778 -967807362 805048187 16439106 924612171 -1844363965 -324711450 -953729049 679663493 1599417133 740021058 -1716214755 218203544 -1135426414 -782339364 -1183986172 -1050036526 84514505 -1529282355 -475264319 1639265830 424795781 -1685901246 2104703127 -2033708715 1939979467 
-1781623846 971719276 391400808 -152319895 -493924411 270777133 506292409 537005928 -157192671 -444080199 -126139342 -1373416391 -104380919 -97123000 136156174 -1375151294 307923684 1942988176 1115463656 774664315 1848492526 -1081425101 237841774 -917029058 2107630836 1721316501 176158864 -518757188 1756382940 630490463 2005413532 
-2086523059 -1827827901 30509169 -342060326 -206640049 -840072472 -343831200 18122968 -220792451 1127341328 -2103371409 1547725761 -709626013 -13141367 1814202762 1252178933 144460563 1944960452 2109865663 -1049176973 -1170824154 850577424 -423159756 1725854308 -2080775497 557562042 2078383944 -689975021 -69180272 1924518613 -645214705 2146534362 1831952456 
-274745130 740797387 1248517205 -1952861120 1992910544 -322134249 252349523 -1022254608 -423563175 -1371771003 2066104294 -74790627 -1293104206 1825206984 -113646782 -531681755 -1729052588 -2039998966 582344692 1268652084 738179900 865813347 5681678 -1498728506 312472493 -945431394 1363344148 1475240590 -629962087 855715455 1524487974 -1393327880 -1962634467 
-524020166 -1946744758 -1395979551 -1499064739 -2100421451 -235086785 -2077931456 -177055968 1122739892 240348762 -1891908754 1418203716 -170607077 -1187288703 -1489201437 1093110594 -920069357 653815803 1009671714 108091559 -1130385895 -814464542 -797266660 1267779999 1640998007 1756186517 -1145555998 
1497639392 -1972828719 -1659857724 1043150544 1195693674 -69944323 -256170322 689281793 2118285079 101451780 -273202636 -398441915 -1606719778 594983864 1408059720 -78577844 557216577 233545909 669150864 -953866701 872435493 181395760 -607635125 -1380212262 1540428075 2064022490 -385041359 332908786 182804900 -198466864 -1647710683 581091147 1902088993 -1665926207 1634272347 -670204841 -1653295559 356072106 -1631249898 
1038727054 -1875182798 -1681697739 710261092 1020644965 396721405 326483719 -1532383423 -2139834719 1620253276 1358353461 -151075845 -986129949 -107633696 728187749 -1857284625 -527640086 -1166610427 -535447128 -1025570963 161223026 -339098781 -310132947 
553504564 -1230495237 2000472429 -1777455743 -166449670 -1745363121 -1690978238 1021098731 -1341590764 1497320306 -190063493 501323622 28742882 1411910856 -141566164 -454378192 979423921 -308577931 -1970706241 492123760 1252468575 316751376 1018206181 
-1391349933 555328026 113616646 -445926963 -1348388861 -712688991 823454925 -973022705 1236847260 1635333838 -419313223 -202111420 26734230 180275352 -1731311364 -919016139 -334499258 -776816927 -1686099705 -707606159 

-2013309899 367807706 -70113744 -1141793116 2061234701 -1482707675 -1255274810 104258250 -434694929 -672469345 193672167 1439338213 -1343986235 101175234 349195818 -846551151 -1618698092 526833736 487435723 -685341255 1859966877 -1924531080 
466765381 -526347049 505406138 -540575514 -147112392 2059439983 -1411170865 -193435753 -1770930189 -172936648 1767498003 1789899113 -2142095755 -1097087701 552442819 -2143716048 -550292428 30216756 708313367 1149520767 -1619972754 2131708379 -490652596 
-989838336 247978027 -1012676225 1008567715 145394096 -304503991 -1259251408 -1622355816 -2106751099 -2033235918 985850972 400369219 -160395819 -1023704936 102919096 -260020555 -1913909639 -920710548 -1397868908 -607293149 735174272 -1114421758 1039872633 
-1208214166 -1294327603 1484402077 -478946452 -1864828792 1200242353 728037021 828312600 -382686890 651287504 1390547982 1671284453 -1849353872 673725158 -1738660536 -2005594645 -2134179924 -1327324983 -1863588185 1906480312 -1490483859 -1039007052 1562934322 1716103058 -1450905436 

-355614024 1489182568 -516395585 2144270977 -1834083923 1014452613 -321209281 934660148 328731367 516179943 -752148811 -1434830470 186807459 -40245770 709909982 -1237601094 -1023249199 1624857559 -1198011587 457875860 1767582003 2048679060 308546161 949514874 1841023004 1694643640 749754581 -1808193695 -632569487 -1014897939 -986135277 123465621 308126277 -2035136112 2020096261 -43626474 1822165045 -580821691 -1960507874 
87373945 -1752819479 -907085934 -575872168 -684368741 1328768080 124692993 -1691210836 1548081680 1537267684 -1638474061 436985338 1970081595 324261023 -1170505986 -128859343 -1668312272 925947472 394105113 -353885186 -1613133558 775384903 1220018329 
1871423181 -174593419 -1163018768 1665461333 -1079928036 -1977083840 -1033795307 -1883292307 128363534 -1634009576 -1052395375 -232912786 810511484 -772326420 -854177626 1010275017 17688626 -773364379 -1978212864 -1738774257 1106276142 1465198475 
816443061 -141385213 -621516458 -113397713 1773220509 -352018187 -80546619 1361483438 -1197846237 968192542 -1325819437 -900910265 -839637683 1036052076 1328948069 -198191629 547667734 -1768697926 -1429201172 463974503 -1097283004 -219846690 -303629509 1622813959 1548302080 
487078775 631849218 734459126 1023109414 1101960208 467317387 1343200952 -663848123 -1011683125 -1251528362 -318945556 -436875160 841165985 1305010828 675732204 890742609 -269915381 433543238 -1435797180 14487249 1363401275 -435739351 -1306935503 22936842 
-637474656 -898125527 55972642 -1225533833 -1955388849 480781478 -1447056353 1478549813 -243415338 -913805891 -881597425 -2031850068 -1371630014 -853502816 -922298190 -669132810 1794206025 90974130 -670052491 672347629 1307842746 -1634512791 -1239060990 1449283333 -795772585 -1382482722 588784627 -102987688 783102623 -1104710266 2013067973 -699795187 -976136767 
-2036617092 -160105948 -888160404 -608588964 755591698 -1379225963 -965024515 763932971 1995430347 54530597 1043902828 -879469676 1979348247 -847431401 1049719054 -1989079550 1018049420 1639442773 1334524959 1238086673 2022615178 422285151 -43062462 -1190941169 2052322899 2013797223 -1988045857 1669853905 -629302492 -781872524 
878420695 889374134 254033851 -1354675334 1165753294 1050248365 -1717196737 1733913274 -1083212767 -2076762929 -35225348 -1357247546 -301844131 -1774674291 732263484 386321385 1207054075 -315833157 -83677012 -1840036151 -1738576131 -1813950575 -1842575713 1593498260 -240780073 1475903227 423697033 651815329 1942230184 -571152979 -848961690 1078868022 -1607587718 -363864802 -224044628 
-704643490 2083559911 -2129961525 538822613 249523078 -1778138105 662597090 423083102 1114033876 -1749030145 1277077038 -1417326228 -553416175 715789952 1157724589 -1850876735 
41196495 -987575481 1392081524 45454767 1260873593 -1709855372 -204154659 -1740716876 527408486 1247704514 -1919652381 2018766917 1629133458 2071397709 364527282 -165615584 714610644 -484437180 -162909375 318419605 67082639 1104907056 -1257927006 -1133170842 -891554823 -969426213 470714536 1195801880 
-182894441 1163298071 481824003 1335872615 -1627531881 -99886806 -653256558 -794052650 49374476 933492698 502545882 1280473774 826860762 -669505826 -1049577535 1148543080 -1819205069 -1820859806 1729396828 -171389307 -2094221493 -808880347 -386059853 1150270817 -607769902 -1981056076 

1341057224 -1963395599 1750714358 1900586732 -770764486 -1979714734 -1699901468 767167108 -1508949590 381385099 -2110142955 -1996054043 -1291705293 1496050950 503283550 541103193 -755866959 220947250 769456807 -1659147496 -1025005235 1414742233 -1462429394 -797912627 
764162273 1321247134 532092190 1841969920 -379474644 182199146 333619554 1881859031 1738694001 -135823205 -1178275320 851219916 13612763 374695558 -1554003917 548313199 -825892009 -1172939552 1643541323 784772372 -717766017 273702901 -1676106803 
2065105497 -2013938543 1503911011 1073003125 -599359044 764727964 779375738 375430651 -2045639317 70503557 1373637277 -761237086 1685092669 2020944638 -596807732 -354295244 1581641857 -1416160083 -1892561809 -1092554338 1276810150 672306154 
1033443559 1518556697 1394035381 597991505 -1522881217 312409995 1087963630 1699640712 445795073 1071521942 -37708390 -1527188034 -448547635 -133920401 -1182945971 -2076477361 1627319740 771654473 -454163728 -1953713082 1064600330 2119974015 -1387475000 -1876985514 104932104 -580376868 -1823506008 -1407325017 

-409533247 -1356223099 -42425708 1477873758 -806481632 -1382468764 -1546482807 8921349 1281987119 -1621790485 1287013749 -1597849721 1059861459 -830104698 712395217 -334150064 247607210 -1920572149 -386062859 -2102355939 -1638195458 -624645058 216769909 -1341041570 1275292768 1744950741 465844299 -2007201074 
-89713294 1214967191 1383286495 -1473575025 -1113139428 1169005864 -1387410861 -771666918 -1519786006 466244128 783023591 -1922364520 -438488263 1997348957 -1479247555 1620734007 -1283743926 -1265437907 -1891439875 1305238812 -1081616664 -715927961 1873491477 -1396387445 -757822826 1661835093 
1085790968 -37812936 772537400 -555304454 362964033 -647591608 -1188884366 -1335164024 1386718749 136313462 -1211936896 31972190 1631853013 625540675 1614201938 -362707618 1078890722 141552478 -334856286 782520157 1891193518 -1173445826 1063465492 -1886224763 -2043341742 -1437443632 875604106 1828712396 
-194366029 -1708222805 -1287878567 -1351436099 -1170729431 -2136994122 -1261872205 -1187475253 -55875984 987748069 -816890672 766421675 -278932045 93714733 1394791085 -577101008 134910190 1243522882 -407529709 507856019 724992364 -588558649 -387760306 1476284528 -2129927821 
1010139218 984408473 483574851 -158265881 -2631998 772676122 -1691254347 577397593 2138304506 1150029615 -1765388519 -1610886727 -1303007070 -403397560 630653583 -919738894 -1610809376 1925031524 2105239090 -1707226365 2589376 2043824285 -140068971 338122363 953676674 480238036 -1166932801 2107851212 124622954 169358406 -300043561 -794375910 1252817853 -479487895 220116487 -1761416505 
-2049716871 229169797 1694290900 -1669583133 1943316417 -595223104 -1358079305 -1683030930 -190701081 814135234 1370347375 1435827407 -1867595360 869969451 944768335 230968363 -12935489 
1102504405 -1276489724 -406230715 2119781225 1177141051 -1015809577 411667360 1187861545 -27587089 -700580583 -911591245 356660479 -1923251848 1031248227 818976223 894284425 1447240696 1480441278 23188204 -197902878 458720687 595189257 -1853119183 418549182 175792765 
1708052348 -621124077 1607216309 -909199206 -1390498656 -1056390918 -523584030 1418736508 -803833226 -1852114281 1300218671 -1205597289 -2015281009 -1484429622 -1708078508 -1683996830 -168968979 227400651 -1398771196 709745601 -724632920 1678486548 1042778159 442137716 -1963871843 -2128493827 587454545 1581094354 258243674 -120836531 1961429228 
-1081184968 1435226692 515393447 -1103338065 2002810077 -511255841 476415866 -1254966105 -2131082909 -309651185 1519589739 -1920258249 840839852 -1378633958 -104069788 -1944558672 -832489965 1579723806 724754186 -1275704147 -1418258796 -960441132 1824755532 -379081985 -785787256 1334950687 -2091361327 
1160540703 723733104 -565788621 1427978960 65446020 -1425579916 89190621 -788836588 723568522 -1999206646 923760237 -282358483 -940110367 -194022960 271633350 -1530400616 1703410872 2005421720 -2057106344 -1138886245 -899128298 1373521187 191993181 -973737499 799142783 
-1142639414 994922387 1765238130 1753412700 355172489 510426620 -561381450 -67593644 356901222 817177197 1359987114 362111753 -2039364916 1157510753 -1672169637 -1057034850 1792659808 895518746 -1504402428 -712020460 -1639284706 -1840072972 -1690259849 -994484104 -1596650443 538891568 330897079 -1955399008 -1319069706 -1158921592 -1379839795 -254092755 1406494878 
1536358905 -1593303661 296131179 -879020030 872417994 544542416 -1140940280 -1697243978 -967261705 -108335927 158482682 1063516697 528593801 1716269909 -538273431 -631809406 -109205443 -1003136523 -298767940 1003007517 226001167 851931131 1745049340 -1516515770 -1383570918 -1706402754 1073902799 310132269 1417132539 1746843758 509326202 
-1524823360 59297669 1298818068 -1996325538 888679758 1683243893 1734605522 17466657 2073714272 -320229065 -1707205740 -1755894147 -700428033 -9326467 1089605263 883939534 -1386065498 -905996939 422513676 -2053568523 -1928628648 -1203726905 -71607744 -598448118 
-1615165209 -1668479908 987768514 308468147 1213346602 1774710986 -1438029696 1510752287 -528050029 -659034726 1649980550 1460841357 1720108997 -1554745883 1283407635 -1089997487 143702096 -198650866 -1156375389 621083141 
-973676244 681998502 -1921975844 -1661150795 -1256850729 1347316790 1029817477 802495501 857396659 -1187401700 1155710752 -32510619 1199042815 33531401 
1876689890 -1301520603 -1345168799 1249902239 1145055332 61580928 1412838807 1173747567 -658163061 1810492889 -1395462038 -1037466978 1595882120 -1880334465 -326045564 651807925 -1096821068 -1465024111 1959251816 114583790 -811577618 1754005615 
947373919 -153374827 -883009219 -1961945999 -1226367033 -289575115 255638311 1970790011 681921288 -1005374034 1642388289 -292749473 1425896280 759955554 -53004796 410651117 1661668593 -601965365 -104070625 259736998 1462892928 -510394428 -1323400056 513858585 
-303146744 -927125625 -1583838193 -1736600457 772075977 -786040466 -1298806937 2001594105 -2007418876 -329508463 -606568618 -699005393 961219024 -1412841990 1389600668 -1340670480 281050774 181686319 1742261921 -1714243205 -517528210 -302299057 -557160604 803402925 
-721319629 -1748077578 719638095 -1092336135 1816433094 424011000 -198477712 1324107330 689566266 -1718992569 1531033647 1730598935 617889262 47557788 -1103646611 -1265412381 742007197 1275190814 1113094371 -1251446245 1275971059 -371507331 344885793 -685069136 907416573 1973652912 1740584442 1056281285 -768088699 

-526769956 1993275437 354877776 9781597 -1944341391 -1156247981 1991704290 -948384509 -734206286 -1474645796 -1570956363 1145328322 1558793491 1591881967 225057018 -961374 684203072 1036967960 1865896449 673863020 -357144761 183340889 -1585552444 1944373970 
1875322592 -855382050 1124928441 -1746711845 -1783679646 -1732594746 543258250 2062497654 965473295 -2103058689 2114330012 1294130441 1917930893 824319244 -364653726 529272852 1646018114 -633820777 1513330825 469750822 -412272541 
-1103823469 547415007 1852824505 -2077886080 -677855946 248058702 -609500770 1230269055 -1193309998 -2028781155 -747239647 1838494466 -1605706318 -341901472 393739147 762147973 637224933 88091286 1277514278 -1968886829 -1859300699 1583954476 -1907744213 -1633129823 -1698499883 669238956 1980580758 1032240488 -174331405 -699681354 1759660384 814606418 1826312394 -163063578 1165845637 32901293 1431897691 -1514796373 -107700436 736238117 -966707409 279964307 2136586616 
223988631 -422725436 1437725930 -900163030 -1256827247 850398227 1401133499 -418541676 -716873064 326318695 1494006381 -1202709366 -637363888 1557297516 708975146 1876862270 -2022131613 611778933 -1324942000 -567848826 -375257245 617535869 1418234995 -1490861857 129444140 502015623 -529282566 418456345 
1439360003 -448664709 515163992 -82012040 2031080270 -2028217663 2104638854 90198470 -1541560976 -1090945451 -152074818 2021123118 -1317976599 1590101874 -852882928 1837157159 -1599884491 75576877 -693715245 381144220 933381205 -1033209572 406244992 1095899147 433652915 
1809015191 801336995 -1308048840 -1795538487 -539426828 -777376380 1592115288 -350653925 -2137001082 -333212870 1598146128 -713894570 -1598319370 1037087127 -1595745472 -5437787 -304392329 -1792831202 -585933190 166488169 533429999 18995684 -460227557 1173086247 -1719174442 -398465315 -2086156368 -2118071527 1607923403 -486133360 
-87066188 1060452998 971571431 -182847986 976560470 972838747 -320673696 459092212 -1047457582 -156107323 -6667868 1617534487 -1471895621 -1311189822 133966381 -1259533845 -171007412 -1373769053 741247582 -1901755805 246405060 
-313278533 -1098311200 -366608145 -1476230333 2098311160 -245926059 1215059758 -224989157 -268861168 -701564770 -454824613 -1617433920 1954930052 -1061283572 -503802690 181496987 1665166573 -962862592 -183035579 1676524975 -1786001195 1224905472 237606854 -1365568118 
1829536940 315097459 629117721 332316353 259246555 -1198299400 1290469257 1518345973 -197720552 864011073 283351808 -1367247180 -958672343 -2091976441 1409627417 -1094109913 -1305274808 -313970140 -43228042 -204373328 476105880 -736015985 -392128274 
820676806 2049556455 1542869900 -1894623398 -1967876357 1189852586 135230935 1594203880 1203198206 254220294 913735603 -717006191 -1335046925 1523949909 207840738 1566802511 -530855899 -1137493558 -843519886 321712544 1279981421 1146852022 1038726128 
-1918361100 -933257134 -1569731998 296896013 1699988564 -428730838 -1860379997 1936947489 -1582147120 -818712602 1519744750 2010590943 1382251824 -1438737367 -509753751 839783192 1818842646 
269097415 409629282 -157419422 1751131344 1328750609 1091075470 -1516026006 -645747630 -620660418 -133403427 1775861907 1118009663 2106379716 1856397490 -588054171 1023493835 -1025840956 2116517563 -1677803479 -1202724480 98628425 1506524714 -199636484 -893969631 -87639298 -1653280081 -525869504 2116247554 224850495 
-1372628887 1293193574 89380439 1577345006 -988089358 -1528438778 970219266 583978277 1407783632 -1309336456 -1681266684 827891108 -1798855506 -1707867949 -530456524 164094591 865080339 1085808272 2064980032 -325258881 -727605920 689791801 1006783217 -308724559 1681118318 
1290778319 -777315002 552151959 946312334 -1461165041 -1583799381 -1788027478 640235576 -139215432 1629593000 -568753370 1180274375 1910023954 819932668 657541911 -1293543854 445264193 -1043152823 -793546519 1942296947 1071279313 1973819841 3302251 -144391703 
1178201483 730507126 -1351933052 709828812 -2086087774 -471707957 751538104 -1010141235 45670177 -309890931 1976253214 -229323057 817970771 1935930876 315995083 -666274078 833164830 -11100891 

1472291816 1878904704 1320527511 -1821741583 -189599067 2088365610 1897210638 -78085380 1343311434 970594003 347092208 -914672746 219774344 -73209658 -1604377144 1660244344 -1443874214 -786122827 -1640384173 -1842950298 637550209 1974318851 898842781 1137464488 
-330604638 755379822 1486188377 -2052769736 -1219554327 -239247457 -443484151 879250383 460994199 1534056314 541286355 1433709674 -868964703 -2069566331 1035715242 641900144 1549811101 -1284843497 -1501798211 -211583788 675516352 -1430952531 841367420 -1172369113 -1572969079 
-168526022 515429146 363885300 1740195677 -1449228407 1332288205 -1693791218 918017503 -2084481331 1687449966 1462416126 546350950 -329532360 865637863 -477656695 -1714779834 2139248881 -1029621704 1702573469 1547821445 -798546728 772355072 -1213314116 
1841249896 1300554595 1123778478 184707582 475138345 1219312703 1775727014 240270236 -514775156 1657285571 -89072930 1693689972 -32227437 268088308 -748491768 443473151 1351669674 -1092489014 290219655 1100492018 2084452662 -505508834 -47208108 -445993867 -1555864758 

-1119050350 1578749026 1977874191 -1087186747 1446674770 -1528839979 1912133764 1170225746 603499510 
1425120355 -188300051 1730391807 -1996753745 490129505 782473966 2005886686 1983587859 -1532983776 -1780319490 1030514117 -1397304659 -833002648 -1773564798 290093026 -1670128544 1497088286 -997085401 1154074641 69022005 834333679 -1676184831 -780001371 -503016568 -1930135053 -1016619879 843998586 -2087922965 728441094 -406225581 -1230374630 611564324 -1304674570 -879467101 -214554601 -1993518581 1723207509 -163807342 -364020559 -808171859 1246533810 316060884 -2047044630 -1353163631 1749524189 -375735515 1208924810 -305341194 
1801695066 -1377467571 391475366 -1169791325 1548073043 866987350 -1724747591 500735638 -767043546 1484491018 99346184 121221284 1125268961 1276858649 867839987 -962935834 1524926310 1735286836 705201208 -1331596106 61256598 1403290489 -900784274 828375646 -1542335856 -1938048632 -2139004280 -806389442 381474269 -593795951 -528515976 -1977160831 1389996706 -1632230439 580220812 -484826438 -231453380 271479248 -2062508419 -271990788 -506764815 1304154948 1184202284 1627684410 409545329 256347854 -1436064191 -651985151 691075296 -2128534480 -545474474 -179910823 -1284763410 -1123292241 -1287036692 357203754 
-717812143 683199445 1406855841 -1324264873 -263285045 407323157 -1871153294 -1774577678 -816194628 1839477416 -1364057599 -1138503210 -487228948 -397708754 434838796 109415188 950644372 -2024454944 -1624642088 -1240302250 -1759285432 -921752257 614664477 -470897059 -222835669 -219406966 -1774582958 89393722 397228807 -1852484284 879021331 2046380347 -583073456 1855636017 1403981667 -959326490 -1593134914 -1494795480 -1898881078 -1596561971 -556211162 -436692688 1042947324 
