-1032679892 -527974552 -1123114470 -23917312 -101082657 472624658 -139491258 -1101064675 1583864142 -236192779 
1095742989 1767728274 -928641462 -844863725 -1433097832 924503111 -530259335 -442882272 -1930875210 -1440325115 1030451297 
1960791610 362591924 1895245970 1924922200 2056463061 -695609900 -1056660267 434004565 -1341920805 274644174 -651324608 1322033023 1096032650 1082407819 -923807990 -1830646920 25714822 1196799084 -1063260413 1174997701 1778917599 874779735 
-1409214445 -1939914392 -253285666 -1197652476 277889300 -1155218995 -1090880502 1440794860 -2083610659 752498718 -787569398 940629575 940856062 2041947481 1019979768 851950931 1211328484 -1847467941 -198455308 -2033773485 -2018032307 -1714292630 -1473593069 -1195946798 



-1491653541 -512649939 -1498227961 1327719576 -1392822979 74810569 -149570232 1682285588 -536431154 -1883667029 -439916523 -2080886902 -1012068562 1018617494 1642174747 -798193380 1185893273 1945416864 1734732010 913515801 2134671120 -921167533 1989018776 -44775476 
-1617979505 842435545 888203493 -204621281 1116314793 -142859367 -1759208888 886735174 -496046942 -1822800844 -888938615 553415043 -1730474760 -1114987905 -500717869 -324710482 242118220 -1619124439 1806519499 -1747596204 1726873231 646783384 -1571781475 1726816322 -1547400836 
-1296791264 309522417 -26476050 1465000980 386831794 153183960 474423447 125174526 1322586899 1136710060 -292353608 2038693015 768083929 638261657 705900451 -1919034835 546762965 -1012486410 147624028 -948506654 816042288 -1037454098 
442826918 655764935 -1990220724 436476169 2064958527 1233228477 -1008595720 114918696 1535304579 -1215016508 40842407 -1400438778 1497947788 -589423517 547825244 -1683568166 -1504502612 -376823891 -648777772 555558810 1646431303 892375966 528481561 911869563 1683166968 

-312624947 416461988 -1380235136 1895907601 -1916438508 849632161 1847764820 -554572504 -238337710 -324803291 -191080595 -369354501 -1552277190 -620597968 19029130 -1553484784 1266728643 1908395129 240732994 -487208381 -58624246 -1168322009 -1579476666 258275740 843557999 -1340889650 
1836948362 -1448268831 930504462 -1543115816 -801010309 1815261924 -1303551583 1842558003 1501062358 -1945907128 393128449 -184447950 947257722 1461582843 -262367418 -1479684844 -653426094 1962227311 1191166805 194482216 -1889129525 
2001271428 672778908 -1116656522 111703018 100129712 1483179726 -308173461 -338090677 -1438958572 -610987319 -899409541 -214813026 1371748850 1565196511 203236558 682115343 -506787411 -2084396349 987947996 1850552260 1119054652 -1933725027 -1714645736 -215592410 -415591542 -1314092959 1665630760 1159232869 71676964 -763211795 
435245808 -956859422 413260936 -126900840 -966274891 -891496673 2087116021 -826809405 -1553430903 1054578460 -16755616 676679051 -1045212792 -918228846 -24230136 -1050343005 -743157046 -802348660 1284484892 1536970507 -1992624891 1208194374 -404813430 429072130 -1799576274 1024916560 
1815211720 365103505 -1190364375 -167181520 -1060528767 -471115546 -1487936821 -943571935 1276436169 1046762321 1150028092 1621777331 -706256668 554201625 1538221216 1996419595 1994710477 284795594 934609630 -1889792804 -150260854 535669337 11518332 -1960213835 -534201864 856965577 -1855116110 216147289 817854649 1431736810 1496898516 
-1739705663 27355019 48200471 2035500263 -518507783 -508739857 -858763695 -684854858 -1731352070 147212078 -671221090 917750968 -2135772410 -2103116251 1020218013 1913198307 -1308373080 -591826633 1628710055 -1718802753 1117509218 -716943517 -80547766 -1363994737 1387473042 -1236469460 -2137954888 -103932142 2093879193 -227450695 -1947655310 -714976605 -919130048 
-588026261 193646885 -1942513733 80623479 -551074094 1201950140 1636475931 1841202941 -592066122 -1783052801 -1886612973 1915165530 -481563953 -1529551562 1864857396 51404975 847832589 99167575 -1074147608 730385171 -611639372 22646970 1206606041 -23183371 -40126418 108627670 -1847656126 -110287708 611270261 1737956484 975050951 -18615978 -1116107662 
-2052487328 -261850156 -1822145617 -1976391169 -1377159451 -1842117131 -715597124 -2045193274 1641593821 -1618613106 1600814825 -570206567 2074462762 -412795821 796067703 1546776840 234993531 -327331348 1693027057 1857195251 856631550 -354864900 410988847 -1653152240 1929616282 179821678 1195892250 
-1475654022 2081026603 -1877004466 1146057043 1904631442 -1836221913 1455300988 -165222711 -1991720234 795262737 -1257329819 1359096509 1102334686 2025595377 -1145387332 -1548528956 2020028174 -1358623576 1716529075 -194783411 520195115 -641909674 -1551348513 2074666985 893965540 1262222626 2098896813 1470958738 -824382073 1359582236 745620745 -2014619275 1424602313 842699996 -1712294799 -1163951817 -259549875 -1744289269 -619974752 
701995909 -1172619790 -1974318585 1868862831 -717008472 1312209454 841817492 -1579424963 -1850875863 -159236252 -1000490244 -416096971 1439090731 -162749192 -52184323 -475828787 -1481134520 1540457701 -407562182 -348843757 1178796749 709022308 -908439628 
143560730 -318023350 -897945759 -1788676010 -2097229284 476502035 -1977620983 -1434656972 1503819468 -200329967 -129109386 -997514431 -2044056320 -1286960563 613559288 -608972280 421121229 857599450 -20437581 -969579571 1520367891 1978525346 1024081970 
1362607506 966371010 502199175 2113896111 -219259816 358581414 -1893538731 -1435609348 -1207185571 -1452809563 -1532737613 -2039270308 -2131722110 -610061456 166141442 -1438569596 1743894954 -502431000 1906274904 -919514614 

1707553529 -1857364086 1802339123 -447327254 602440802 1343133403 -2122260398 1125075151 -761417111 -1191761981 1985667641 745377040 -1173865013 832710036 -84806500 -1259407807 -827562613 -380877941 1962325452 609192582 -1957888985 -1097598671 
2115833911 -1068914567 -1351231697 1647073757 -1638745531 -1304012261 -1004342958 -960882163 2113238654 1820061164 -1295632351 468877286 -391428568 2064282903 -1765449075 2007508945 -1750076922 780862293 -895044408 569955783 -511608426 796895995 415417251 
-1517667326 1192225295 1247771021 -1078556676 687029729 -231543120 -1277472613 2100813248 -967687080 -932608257 -1985134478 714916021 417926301 -837867509 1728930043 1167330063 -912231009 1937461220 -771446685 1770241754 -1311284727 -1523698056 -242790119 
-1426539033 454165185 1552010277 415588413 -1563388388 -1991867742 495537489 196738767 -226136750 1742699482 -1826199326 -1863455186 445179452 1583061717 35158420 -1645936165 -1759287757 871688544 -383000581 -1274987927 -1676118945 691139735 234270438 1947296050 866261808 

-437389984 -990232067 -193139804 2120808186 1501843610 936259022 -2108597376 -533286281 -1264614745 644665583 2107201675 -729947904 1878109474 1745863869 1587531100 1185987862 -870733047 -1367149867 1632531147 -1324979199 2087075243 -1833526990 653820897 150316539 323672223 752290516 -86591843 -6862639 326353548 -1013290247 -2088471002 899000523 917449950 -268645548 422197248 1518267380 -73237695 -896380070 -705522986 
1854648234 -4875890 -668396651 -1171479061 1885694067 721724113 -622182244 -262634819 377081680 -1950038206 -171615763 -1132027526 19579089 -1399377585 -1611861492 -550213924 1358272125 -1458987863 1339079769 -211383845 901053368 -1405543733 -24871061 
1802097259 -491464383 2054815590 1211137977 1956681069 446725540 927173502 -97297143 -95126574 112057480 -2018184557 -162385483 -823535657 1376009867 923586829 -102231242 1531558744 494678741 -2002065732 -1161727514 321342245 -1531159310 
-908051002 -143811234 -484198154 -1264759561 -1875413564 1083380633 1091275917 -135499461 1714718829 -92678596 -273686564 -1017821763 -1273537061 466090263 -1266928642 1336682431 590063162 -1633866641 -1910880341 592417028 -203166153 906590515 -1501932906 -200303941 413433252 
1234458995 -2001667807 994843037 -335648030 1164004598 -1316576888 -2114035656 141188705 633268961 -1852297146 -1972646058 -728404740 -1697709740 -1900266575 -1383471558 1766496382 -356761445 -1723213635 1122894408 1747815123 -1327682714 -300171919 -1078573630 2082164952 
-59689033 -1594191107 1802577737 -1873241873 77062736 1639999498 1709649710 1241310522 1861756099 -2109869358 235411922 579075487 -309916933 -788913449 1029886901 1247816182 205376408 914624789 -726189708 -1979111551 1536036094 -846915723 -1583560807 -157565735 -1907583634 575297318 321504096 -135660526 -1680668433 1918504080 -1472532533 -1072064152 -544722785 
-921058587 -1515001991 -1813853481 -2012216734 684794717 -502873180 -1251461306 1482446598 413952644 1038834168 901529801 -839970871 -837768236 1815898351 -1581798920 -1608553528 718545197 -1384211026 1627848992 1314147908 939672727 434751963 -1718723087 221007987 -151202611 2147004366 -1733608678 -289948544 105409801 22019146 
-1229061043 510940422 -312233781 -1129894889 -1560937859 -1729097036 15622811 -2055701957 1021550510 -284442240 -547475674 -102791670 34490964 -1877887617 63727308 141598449 2130463867 1383295428 -381035474 54268726 -1208211630 -1287482853 -1696997455 -824378838 -1512512929 -1633674000 1275063400 883056131 1756051439 -1046053378 15232745 1104614059 -428184745 117646751 1155909614 
1411666208 261315200 885257385 662760631 -1471761977 -828295645 -770364987 -51042819 621727173 -906936202 -788162109 -874725057 -1523996127 219738595 -1591360367 -1739248546 
649511397 -1447538618 -1640473725 1647691112 1148953735 -2104776338 2020689421 1230985054 -237497780 547937818 -1809205416 -840565555 615488087 1994737109 868192351 187242311 1872150753 1446237817 -372824923 1913797651 1458443025 -2037249256 -1710414606 1357726658 -1250568578 -1508471777 -1620998883 601400828 
-460806009 975307738 1359009695 -1997624358 -1445671475 -1730671731 -1896499443 -331502021 -2074725814 1109062546 -2026887175 -894577580 -1262060907 -493717538 127726983 1431391076 -286738121 219983 1249112779 1770793470 -1454187710 1471279224 -1148795969 860273295 1825540929 1559244469 

634399026 1849076037 -1015686273 1385411612 -1843510899 2004364407 -1370007437 -316713484 -793808589 712083080 258821195 -1204910903 -1036169813 -1601101184 -1199929305 124323818 1869996383 874463414 -819475710 -1523617008 1921972077 -933693111 -1225564567 -963509449 
598476865 362628790 2061963125 -801893719 8626346 618112342 -811451769 -506949931 1883546401 -355503517 -899242179 -653490096 -126295507 265213737 -1480963335 -388623615 1153352764 -210411375 -870680903 271558020 -1141469286 1287755613 660976608 
-1211103245 1478924869 -593328004 1884671838 -1127581249 -853312571 1392763644 752101766 -447679943 -617155421 611589857 376287257 -1961480526 -1194052304 -695406487 1273341459 -2054877199 1864162511 -2074223980 -1708632020 -1747120504 -1563127351 
-1484430768 1810026997 -611117307 -1130343121 -1079466648 403403208 -2124809270 -1974506288 1171006825 284555716 2049711735 -38580734 -1929659770 526100605 14378182 1987417152 854279839 1666557598 -481535070 1235820940 -1827926194 1356813579 -741085006 -574192514 574068436 -1840026067 -294216527 2056842831 

-1714803975 2041959473 641952036 -996374468 -1542190867 96535240 469004540 279715560 581571429 299268955 1134617428 1105103777 -829171342 -329449809 -2098893487 -1906589693 -1814177639 -1509409242 246494478 1392069116 -1292589079 440008110 925297566 1725861482 60684722 493114702 -1544365589 713181541 
615198783 -699297148 -614530816 -1102515989 2044248704 -88718925 -1786112278 1864780425 1945910370 716550214 -1833709142 -383620111 803421739 -1303721531 1658218045 851788873 1130074686 -2028891190 -1392905305 -814690760 -284878297 -318785217 689711572 -1008868801 -1945374888 158148674 
929282322 360477901 804940428 430385160 233566323 -576004648 1001935397 -1922803509 318444894 852420092 113516109 -32539905 -1892575173 630414197 -1845317072 -1237020881 1366314093 1848511618 929176698 289576339 -1206572411 1456564966 -1975513579 -2067667067 1611121499 194383043 156288511 1221459099 
890749823 -143665905 719144454 -1388907679 -139436627 -680294417 -1864141984 -1423548264 1695948759 -201243240 -1993976940 -811579992 -527664325 -1600094033 785822153 1769458213 -803549231 162756296 -1385585674 -423239267 1450730663 551946675 -139245183 2071270609 -534075846 
2023727862 1219607974 -1069202466 1129761411 1241774686 -1914892386 -1208463644 1400155392 310020110 1519337066 325900424 -1825651191 -343814107 -1167672114 763788744 -1567635048 1543903057 2058182386 -652474656 -1654394463 734632493 -1174066794 235408754 -2135904693 568753591 1999271575 -619123520 -40627250 1565523740 -994310901 -649557198 -1358892917 -1816323948 1575940399 227436908 1038285260 
1321867353 -803376893 -1844479101 -1753044214 -1297428896 -730026307 698624734 1673490478 1404360002 -315132858 -1310462096 -2027338403 -1566859506 -688883893 744668307 -949282181 -391262674 
-326618771 1070430938 -367888485 939416332 -1808797645 -782924020 -1647390174 90291167 596905251 -425437774 -1610027486 -305550305 578676979 -593676622 1130767408 -468668025 1224109202 667018855 1522199833 1240489566 888064236 207876517 -1505010401 1156275529 1560833832 
-819642253 -95521005 -1733836053 -814259494 -706371430 615420207 -104163429 2121700645 -1638134583 138250332 -786347904 881863028 -1501667292 -733901285 -721183164 1532998993 -1144871522 -1012656736 1754908821 -324622850 1030805617 1851923113 -329584070 -1462273323 -739417316 -1385586919 -757057649 -724099407 -682166237 202231364 2136454131 
-1410985570 55383039 636547213 1907760508 -1750540172 1349409223 1944574479 -1233562851 1751063873 -1906308563 2033682827 -1096052929 -809066721 389216044 -69432815 -552448791 2066345177 654493791 -1450271226 -1923571751 1508697179 -990260137 -416631705 -1110899449 -19575277 -38708977 1683504437 
1578527897 143225910 1987959305 -1193368302 268529839 445667440 634120499 -814602351 -610677841 12873281 -1970227416 705133061 1521573562 81967062 -466587688 1228428788 -938375277 -2048000821 1096905729 1378982405 -1285497445 1421751970 1471885071 -934706851 -794172945 
-578134716 -754201516 401576358 1180290576 1958973841 -1954502215 1131904546 -124241776 1131804906 -127864250 779885256 -79191502 -304824280 1792170908 1837958915 -1894793234 -1696839030 -1927493923 -1128338162 -1077289823 122579727 1063290120 466869278 -306067772 -1510315687 -419900730 1228802235 -1380268658 -326983296 1510673105 -511417434 -1882452526 334004429 
-1185954638 -1379503961 2033007766 542053226 1194572064 -980864290 1798704960 -1595721615 -515746815 -1529543473 1348645283 -1998030368 2007172617 2067813426 -647999458 -623923746 1116793388 -99973211 -1640244591 -952806151 -1756218468 841246272 -989397055 -655143166 -241507019 -2043379128 -303703764 -565059222 -475213544 -477651290 1186601200 
1528474729 1127608914 -424348785 -2067396582 1763163540 -1290109105 13271770 1391288700 1369965140 -11543715 1330802774 635858239 -1128124971 132414482 -2017951007 -1627276714 -985368323 -544486106 -323247583 -664510018 1628078869 2026378706 -839623083 1827278832 
1915574962 -1219619734 222769952 2024040566 928330924 -238560475 -945935423 2135802311 811070381 518516737 -1397053077 1380709429 -2083885785 -804367151 681419268 306897885 1860535950 1070938451 253893355 -12323184 
-864802862 -1544330007 -2093366084 1463401575 -1633577098 1816019305 -838685528 1313228627 733695604 1953948212 1911055477 -1676416961 1686420559 -2144358545 
443661816 28774460 1155423865 -1211989606 -310387248 -111060957 -764060843 -1489341426 -35969125 -842172433 -2110050784 1417951751 741614710 466380098 -1312741249 91083918 310383098 457963139 -1501153639 -399221882 -922100195 -2134922922 
537435645 -287472904 -2080845907 -1169409847 55110258 1050164831 2125026899 1202699419 1553383364 -853163687 658710055 -555820911 -666779108 1595159042 1941642807 -1947083852 -1453348688 -1902146141 556257659 2005007107 2021598240 -727795931 -231168662 356697425 
-1877027946 2134300531 -520037792 732978572 -749742886 -580511138 1717200557 257858722 -1320161015 -1223362416 757745535 386591069 -396176537 -8650518 -1391577440 1665970441 2147232126 -544137405 -1649941703 -1545655675 2142268010 404186582 220139632 1061216676 
-225081416 -350714010 684339371 -1106514703 923170756 1530900461 -1317466887 1412704678 1046127278 -2130631970 1423672734 -175733080 -1739458458 -504150082 506632596 1385640526 670888671 1249400923 958412884 235069148 1962965145 1427818488 -448378950 968901203 1367542780 33511337 -1212935068 -411050428 873586483 

-69505429 -752510415 536257168 849433902 589821481 1091414602 -1581616746 431383825 -199581516 -426740005 859684919 369299403 1552121890 20147561 1523135891 -795781706 -1539013824 -1436977592 -717105632 -1958887935 1911916590 -1913987282 -278760926 -1510252108 
-2052623941 -217909323 -553125582 979944242 299677372 208472367 -1316024212 -69324174 1056360553 -1789047200 1262753390 -342662993 1002681868 1281984759 550221751 1812153317 -1496928784 1720790859 -1066012045 -510469019 999057398 
-2057143606 1289392329 -101714413 -1374512075 -1187012715 -1238339756 1558394078 -398011709 984296364 -1295511853 2041132258 1663149174 -1767773097 992708232 949225611 -903455447 1234413672 300118373 49817634 895023366 634608812 -1274762435 410765675 122084695 1284189878 -324099381 -502627108 1657814916 246327838 1154366059 -1926548368 2067007680 1296243583 671493864 -142105930 12074575 686386983 -103772294 -413457795 694465746 924662290 -2130454609 -478831779 
1608996451 1935083467 773762673 835644929 1327245411 -1704045050 1616769381 -1484321038 -1491307003 578669745 551592193 -303791638 -1251748409 408929942 -398118189 -1498634360 1556832874 -1863862426 611665619 -1135770751 -2012320637 1048186890 -134029012 151240102 1115956231 -19336423 1422755775 279588210 
-487073591 -1339945128 1188682016 -1803784819 1413946815 1515605986 1285779837 1811989787 2062729968 999474359 -1511264045 -70210007 -161958797 -1146799969 -479281060 1598769934 1142303449 -551644906 -282711313 2124884069 1550173647 -575656679 -1741107460 -996825628 -1151513155 
-759127417 628429217 1996167318 -49608076 -1661466817 -273537558 845526704 -2050267808 1632205705 -792454915 421754467 1964115112 1929249246 -1238633296 -1436009602 1803916748 -1146078116 -1366737721 1024689341 -1779155612 -145811511 -933855034 -375669407 1368712281 -128795997 1709125329 -2136028890 2071483049 -1432672866 -1075329974 
-1921802635 -1186842573 523144218 208695046 1951024201 1819921450 -1283322463 -1551172964 1991113503 2017362132 2069658375 -273384121 -877352827 -80895665 -1073699429 -2084805025 1876258333 -787957912 1767467457 1145171298 -1084190606 
1366726130 -240685559 -1066271057 581516701 -817621240 -2132450309 322360860 -494321676 -702955242 -1778062465 -1917565482 -723130067 -806321256 1216602633 -67499096 -1267909442 1608980788 1877881213 797457529 975708033 1773589162 -1746475458 651606413 469244246 
-64610783 -2121343866 1338846187 -438065341 2109413534 1842247783 322210557 -831163280 -438679633 -1704262316 -1024466595 -1918301925 363280271 1160221123 -1032942705 1529300700 -1414519585 1740444350 177567344 1496533259 -673238459 -462199312 512389064 
920232580 -1431973995 1759079777 -408967203 -218628137 1192372477 968981785 1649575352 -1412576677 -205520513 -192840337 1462558119 -382495662 -1231517759 348585115 -1231807449 60184544 1801378684 1867601190 1752539333 883702485 -648874358 2010928631 
780448532 -1715549118 1896027910 -290433260 1940501158 1738857134 352002173 -940833457 -879791928 -950483171 -1500074496 -957334387 1546563385 481974175 1343785748 1520171117 923620375 
-1060636201 2123007194 -293362082 -1293808286 -1163575519 -989113667 -1053034090 1856628490 -1872234796 274395838 -1284077139 -1086245852 -2028354345 -2132850464 -1237145737 -1233744776 1373946764 1397603053 -74282828 -1332180792 1346373799 -1730613972 -1033675885 -1041340779 -1285467234 1199216980 718861801 2057072540 -1451309882 
-840014049 -2054741986 728540078 -1966810188 -982436203 -683894829 722312817 -711855984 1235146589 254936070 -2646291 -20337368 -1525800030 -1547332636 -666156091 -47689858 1540980553 -652254678 1518479268 1554464491 -1403993803 -125246711 -1561031408 1048613736 -1511596731 
-971022204 -880418496 879871286 1061445850 -803369086 -1493460479 2009178943 -360298535 -25256683 -1994928949 -1081554300 441338529 2121909849 583824242 1795583807 -810482353 -1568474195 983130301 -441493196 2020800548 677511453 -1922488605 5795507 985004965 
315064849 -2107076297 1856457718 -412855824 -1647070288 -828540556 -149776954 -1818286505 -41907853 1236272118 258601143 -1284839312 1830141191 1319935407 1298543303 689113178 1995634464 934933274 

190328150 1165786340 1331224694 488222889 33333163 572822799 581459878 -1400391858 318475834 101785906 -2095963715 7256950 -1729198499 -406677737 -634793399 212844472 -483185737 1468669093 1131970160 -618510118 -91461659 -1279679020 1296804100 717502802 
-387612924 54202842 1339090227 1946116787 -676296983 -8787297 -816593105 549731051 -695110481 73982191 1618075503 1521522545 -1131031139 -518840695 -477825238 -94801587 -1436990637 -187744742 2057892725 1397794652 1617745561 18370017 584656086 652501342 476062192 
2122273826 1340866278 1847788231 -1926705878 -1201800522 -1007410361 -929476157 -829068808 522827990 939531854 -1294619449 809462738 281298751 1704560836 -1674596781 -532202516 958745078 -520045263 284059748 -1034631638 -662775617 -1154540212 1659235944 
-1189727199 -423301951 -2089802439 424023301 957175906 -1282578760 1645618205 1859929710 -131823727 1154394599 1136403115 -558703099 595644799 458594904 1977992435 805801868 1973056037 -249179001 1843409896 1044690654 1728488068 -2003713153 1892665536 1715411689 769272104 

1257889933 1661980551 -1179333524 1331125096 -1744507788 -2068149697 -349779147 -1090746584 -1710434409 
1687299357 15394712 1245446516 -693666436 -522613179 -587732662 -630081516 -1562221841 -499509874 1102718383 -1270485101 104708707 1187954335 1365937271 -1377902243 1441413162 -1776045042 1463248878 -1857504390 394942622 -375463379 -1639885142 -812455775 938959540 -2103342875 -62173893 -393154325 -879814726 -805137254 -1288036493 -1406331053 -627657843 -628883022 929141563 -1039106491 -376610836 -622983664 -144387490 -867281965 991315941 -148624143 1331185666 1861993533 1001999131 535413331 -1708964275 -1972338771 659551050 
-1025718715 -1139779351 -577697028 282084899 2144746999 1314063810 -96709996 -678880740 1775940487 -1354643869 889466051 -721031732 1047777218 -194751047 -738642444 -990301646 -1234201777 74798957 -607629363 1895375066 -357948281 -832609200 804250801 1690928220 961540598 -1589246755 1471309783 -2120023914 323488120 1998202579 -1092961985 -677387452 1097290885 -1857303371 749588363 678556418 485890828 -64966888 -172145740 -838412847 -1305729535 1934761574 -67308396 654496668 215374456 672286210 1421664404 -633071858 -90347823 532404307 -1421817015 908733696 1117421218 1098174283 -1982527110 678489323 
-900452761 -902365456 1203779891 205478533 -333766498 1077998738 -1316972403 501552555 -1521285145 1126269851 -1347817365 1390161205 1941559300 -1029122432 1622322036 -1320763061 578613813 1732406589 -934634030 -528355454 1243075379 -673501051 1958260702 1691486088 1943967788 1052221909 762391250 -422114860 854297697 231027369 -555774455 -1398224360 -751646743 -969136941 -746852148 1785632858 -1409341990 219470230 -1024024508 859728111 -1873994418 -534310440 180841134 
