2011209319 1231464257 -127399729 712837746 -854140319 565589465 724334286 671419734 1541293746 -51091910 
623029937 -1538756257 691161497 -1944313790 -37750928 -1575111433 -1450614322 724173445 -559477947 -197840762 1480091824 
990973813 -460151085 1758209544 1111869022 1264756639 208017505 529835140 -1561168184 1702540381 -685017523 1042849396 -473849150 -1091220899 -2035167821 -613216806 321763786 1329423095 636461432 -2134470297 -1362883977 -916427012 -1602141071 
1998101394 1296989096 1900351072 -1546487601 1665778535 -834354732 522661573 -822027279 -1932706699 -1691008385 -1894400951 1149382394 -644147325 -932212027 828080230 912282492 -798434004 1782117711 92107628 -1146899229 1105676149 -713721799 1628332709 -1617893540 



-92601044 876028822 -1220458069 -370154413 -1429107228 1917655882 -1289732369 1592111334 504553746 167610269 -35664944 -314348328 -1685869280 1204085923 1915468491 -3668662 -1368234349 -1148374416 -306000730 2029255115 1837524532 1753793943 1770335909 502373194 
422955998 -386189322 242897566 -1275307170 -1685379102 -620926724 159886358 -1327539104 549095013 485431036 1624981309 986825679 -476977403 1578311284 -760537223 846041996 298738538 1879199896 773492788 183768687 -1105933669 1517423675 -635688586 1976615608 -2030961113 
444746469 -1539257226 244004362 1998812004 -73251387 399558482 -1201920148 -1430807357 -933846320 -1248983607 -1230796050 697838658 2131838573 1934797869 1908955017 -771154426 2030984963 162105888 -1831111564 -137302998 -518591319 834314702 
-1377026943 -698436689 878008541 280432116 496224238 546717695 844900897 2090185876 1176093280 -818918227 -514545430 1906994414 66417118 -98969229 172316352 917425458 613472933 -1456749831 499066687 511031266 157175156 1882656048 -1119776173 955699063 -658880288 

-1594210366 126663700 1374274670 1174834664 1583283354 941786115 1594144950 656192362 -694297956 -1968810196 -1671134043 -386807554 14336654 -1545802593 2145934234 -331489513 95583393 -368824959 -307862852 -713234610 -1001563697 1062549188 -1924586410 -1646163490 -300196423 -369042062 
996755377 1830464267 -308336103 790198496 -1744087743 -229048885 535255653 937612539 -40739721 -1777191736 -272777304 1563099174 1727375521 -1177292857 -1401532830 1759406452 974774058 -1739618167 -942086442 -449219163 -1592714998 
-1041884266 -1238847285 823309789 1140956533 -1181078273 1678240474 -202284645 1253894765 -1347247259 -148585439 1094874222 -1577771906 -1698572267 -343888610 1916851677 2041663143 426728029 519690379 -1874058999 -898829370 932519240 -1161165998 1337114558 -1318452372 -869108611 1445788275 -1281214849 -2073066816 330455640 160744504 
-1052465452 1320394396 389805858 1308104839 1346757372 -985079526 -1903792064 2065941514 1415018428 -967532501 707621995 29748793 -1677272490 -724290401 -1861622106 1299072743 1201536778 1074630947 266454795 -1221262712 1560877168 1529892141 -938513482 1986386984 908791144 1147711783 
-1814643600 -659860367 -741106581 -1141274469 1714790737 -1039513002 -1023342897 -921405471 1817902665 -37439891 -2107020997 -865910152 -120750985 -281723601 -1648027151 -457038922 1475475134 -735693129 -785412303 -2100682397 860353358 -599295083 -344452009 -658314111 2023730444 -1568660847 681643479 -1214639533 -1258494988 270692405 -665420399 
-337843070 470738903 -825680122 890500705 1889635735 -1252211465 1326915362 -633162988 -955057394 1271082005 670796990 -1341078043 2032915696 853503683 1991570938 -178634562 -1571252389 -188157943 -1293914865 956186449 981273480 -1186845900 -1901949696 647547256 -1804872161 848681240 1622180255 2099515748 -511100561 333885998 -672510042 -223686722 -967819315 
1292558253 1704370183 759561201 -536829178 1231363012 -1486587190 -112095789 539195142 1170909119 -597912566 89736897 -1072979768 228787171 53060230 1476060932 1111908720 1700135549 63755467 2031558540 323988199 1879164228 1312183089 -1737588193 1125429660 346057628 -1449964769 1852658273 -15228823 -344614108 -928317924 -491600377 -1230725943 1947095649 
1168553149 -854603133 -2001098278 647507438 1313961147 730522840 -79109732 -1928340353 -528171667 -1867761303 1318321758 -1576565619 -2007866140 590425089 -1563464909 -1345749191 499851641 2038610979 -885308602 1269093054 -1169918307 -1171372325 364230728 -1971538616 -1409833930 1835323390 -1716235134 
1837358767 1845454731 745563847 986589325 -861749646 -380078652 425519674 1926425369 -1214425705 -2065911941 -1526472780 51324519 -1276411584 -982000292 1786827567 -988273271 865509423 -1605350768 -1223727800 914804119 -1248696845 -980642336 45091156 -643184936 -902782915 1728265737 452305501 -995298670 -1833222293 -1715952537 -465482265 1916623539 -1573965559 -421949485 1488896155 663588040 -1966517484 -534672025 769671913 
-1391435779 147590899 932090285 1261119536 512025404 182623367 -1976904142 -434232014 -985173165 -1006193809 -1932468822 -1324223607 579401594 772843265 -681724841 -2072612969 -145780440 -1486657843 436709745 1424813052 2067282173 -1649283643 13064367 
466261851 1780083244 65724944 -2060668205 -1397477663 -920024706 -433253827 2128089175 -929689115 2135779707 343790728 694374079 912993320 792049373 538467056 1259168689 1264388358 1439133022 -674465766 355963898 1073838128 28684627 -498675698 
-1645173792 -2045277246 -1694121684 -511292304 -2085652868 996743105 133118950 -848440804 1899282968 -375699346 22300169 -1936602315 -1969793918 973340614 -383162032 -1504393236 2096930855 -1102704731 -774423373 -1604313144 

-608918276 -1395928047 1411638369 -541046561 2123646990 -1721076595 449678806 -340964190 -1043836224 282373037 -857068478 -1450420791 1445390426 1061261921 -341579233 -1891657664 -175436855 -1039295610 -767723520 379938934 -264511378 -1486683631 
-374101836 -1283969217 -2113075072 -933183734 957265122 -1345005185 -16499152 -670746621 1237738216 734425701 -1289478303 362071882 834839974 -711972458 1052980407 -762770140 -474387080 458289068 -204400418 1418880892 1748683122 -1489023699 1608222599 
-636416167 -1495645473 107255770 -1782085025 485409545 349983641 -1029024373 -1203003762 -215475860 785815476 -595730660 -1233075449 400433019 -1576062138 310485998 -1918743618 -1715985917 -1705429770 1862031657 -645597990 1710183732 -1091570200 254936484 
532072207 1356036090 229558443 2027139716 1523850087 1597217243 1429036664 1232511288 -1683169075 -569193639 2097909592 -741640048 -1885811825 -1716296152 -582160683 -765760679 -971979937 -1198921516 1934387483 -1205848383 1183745855 -61674912 -103862883 413217988 2048051153 

1905562970 -1957863388 -342402774 1556485148 -2037883415 384738077 532030356 321819121 -1543624101 992958548 -1789359727 1186054164 1602581135 166917645 -2001463415 1975971728 1145449264 1646732356 69050555 -1063038703 -1313409829 1347569305 -1038685205 -1300218568 50505921 -1028665423 344722154 1428526434 -776267052 -1675944118 -685944716 795083419 -794573140 876244342 231275886 182196347 842165933 -798988190 -1006297101 
-652790578 2014945873 -525007845 -1164264721 1456649607 -1341438902 1839335020 -392821149 497874367 -1273045287 1401088688 1034509642 1667651209 -718566557 -1284822515 783043522 1507900906 422142500 2025867471 -1615869064 -684564205 -912665577 1772213712 
-1095395044 -255796497 -1404805091 -320129589 1588644876 -1968477127 -846743184 1497351208 -1471036745 2098470124 89400546 642492584 1434467353 106018075 1088446912 -110081939 -1182159217 1795409478 1770447701 313880272 724823098 916833247 
1866204464 -1152623157 -615629290 -808125496 1626613542 -1115902174 441274485 2118692511 -1856292282 -1414623683 -1372493956 -2068146703 -391351321 1924678382 1202613542 837941870 -1215552419 -673581866 -829738064 1628028950 -2000957417 -1641328720 296442623 -1792685893 -1701155456 
-18030064 461179852 -279207574 1138805890 1433385053 -1211386415 -1579924564 -1557288280 -1621478805 -1736131377 543537152 -1929788602 373073960 2081164899 1078804923 -776549963 1558362399 93439649 1301472174 745234386 -1025390331 -424451342 405903784 -1823533837 
281618853 365874208 1420265571 1174456573 1347549258 638393579 -833863631 -97839980 -1824900841 1100015052 -1258664523 2114542459 -363364707 -1684406216 1451046074 1115857789 1914902610 -1944124651 1577814055 -1833693461 -1949616449 -2004166393 -64994820 118550859 1458583677 977510164 1317403272 -1662262279 703164885 1939169776 -426134165 177059369 -772906595 
1658463893 972150913 -1841888052 -1692536841 1383518371 720533215 96609254 -1622667566 1992992556 715444927 -1889935299 1390474583 -1179299880 -290549666 2082182753 1054419123 1512413364 2092499792 -373188473 -444585969 1433550158 -1152977053 853371342 -447532034 1817288573 -1642821963 66473109 132941404 -1235221096 -453942773 
-1990933312 1651206138 -377673668 -1228145881 1738033534 1759989252 237797493 -761260991 -1699765538 -1794285269 1673964758 -1133908480 -1247148182 1378413790 -822945119 140715843 -1000745043 1808555666 -1362343158 2045030873 -1809315441 2035984153 1099306711 278251962 -436145276 1024206638 2090211345 -984774394 -567141272 -906112080 245818692 -1014920183 1923262399 2006764227 386662752 
1937911840 38168636 983200506 1735825980 -127865984 876984042 1237497141 359265709 -1721001814 -1471039126 -254883336 -239523582 1575771842 1983993495 -505120413 -1453055266 
1368593080 1872086341 286959942 -591927688 333087973 607358664 1499058516 602755284 -1944544484 -760719999 -1736450428 -1948800928 -1577144050 1309237732 789847596 -1647240720 1716764617 101515844 -2024683724 338958346 351210182 1807386738 1964747031 1150570063 648637478 -198477181 1976471059 1657904347 
1532781858 -1382370988 2031822535 -1471320788 1080072872 1336152931 1683717382 1094230973 2055598212 -1604175662 -1116509528 -1956170423 -1300252551 323308234 981374272 -1769205424 -747429502 1850779802 -1919836796 561983438 -1409502518 -1390172699 -252726383 862748027 2111616226 285908297 

1434540417 1590839635 -1630910074 -2137645101 -732250577 792370828 -1326445891 -636144891 703976771 -169233924 -762596167 1629045840 -1481815647 1569382113 1297499385 -770621288 -1690145199 -445029139 385439435 643485497 -1375101343 -1428439015 -550975411 -1860708572 
50224830 77800858 1832929610 2146411110 -843525038 1071760865 -641837988 1557817515 -112449219 -804302890 1592177882 -1116290840 246841182 586785095 1652093005 -1956071299 -2080390842 -695345643 1073652418 1445618521 -1330679363 -1349222242 -1157582758 
1673397518 -551776227 -2010026958 -911058974 -1725829059 -175235731 -1548848238 1049844857 -143141682 1936088438 -686408199 1366461423 365320591 -2031240143 -1281200618 -246116772 -1151816461 -1392650963 222779428 1616018663 -96792763 235896231 
-1930616806 -741911705 -159918865 -381414235 2004090615 -1789277263 -608338585 791307890 -256825036 -2015639990 2051077398 -1602352204 140934154 -1931995716 457003192 -1708077389 386784926 1480204369 2007319804 1156730963 -445650168 -33388964 1588528426 1281697641 -593786246 1572224197 -1340068181 242963208 

-533109890 1600584920 1708848859 1868040445 1402902842 1377053171 -1284399781 247971005 1051554900 704474410 -676632391 2066321721 851697148 -1702285595 1429192694 2009287784 -705978867 1105353202 -2093296876 1663567581 1131920348 933382008 127032406 -220074364 1769472087 587476413 -165370228 -1658463440 
1646963881 -1820690935 1394207829 1162286104 1947796392 793574587 937091060 -987691394 -619410004 -1704255530 888402606 1107523167 -65738760 -485250110 -268305689 2014683082 -297196934 631234530 -935387128 954404965 -658405235 -1008894521 1008060917 -1038764044 238013217 -2110228940 
1083246048 -1517977017 -610761702 -1799722530 -19381750 620802933 -72360239 -891127890 -429982586 -541410629 -1556044202 -1161383129 -2108849459 -831268330 1000631874 -585858287 2016231833 -211951647 2067804546 -1013267321 -616177829 214834307 -2123818107 -296360870 228926715 -1826063483 -1891050188 -1363928258 
-1682378876 1952531004 -1835934157 691747021 1542766227 1329098358 -447764266 -232704208 124962534 1865062933 -669011627 1157868330 85630018 -717133834 98790741 838461395 752226542 581733803 1237633315 -1107327265 1845407464 94723366 -160262573 1231995619 -105603396 
-1329346176 -1609999252 808095848 1903868184 367853990 762563211 -1820759470 -1568649576 -644754727 -1033655831 1487191477 682930519 -832918276 1956778477 1484215818 2018958993 -304701161 915755124 1844564819 -345231341 764498247 1103054526 -449209751 -1733682744 -766264168 -287361163 -768879623 -1658984694 1653222085 -359764250 391367610 -1215908657 -1911388958 887025879 -1651475915 1444818387 
441606940 1022916315 431166652 -1547998787 2124941145 -1759048581 588566603 2047721332 -1807011494 1888259464 -1547133163 174274136 -691019829 -1343992209 1541979083 1464420565 -857324267 
449766328 1288736166 1838383696 2096664485 1394751838 437518131 2100776591 1410887726 -871924563 1811929335 942762560 -1197794181 864064839 -40417467 294964624 301775775 1048748933 -1918690230 1462708981 1584923801 1416349916 1790648417 -1893451008 1365360819 -1904861426 
-1133002144 -961258826 1427336057 -1322594996 729187530 -2107668108 -449104994 -990133735 -1110791973 267561763 1544209492 1481860078 -115924849 185593098 590481119 483700537 -433788624 -894889099 -98727020 -612870688 -426382222 602741976 -1161006235 -874120040 1536296978 -745022215 1459854295 1528940133 -2025786320 -207203750 636019155 
-928893897 1908967485 258392405 -1888838325 -1486657195 -1197119680 -1258895818 -1937473942 -154130531 1270842429 1069561900 -1028344316 -442412664 702754629 363291498 2064163289 1667382218 360377991 -1499281734 -1286413086 -329916737 366249266 1184937272 -1214753529 -1152395434 -132585804 -232057898 
1406418409 233491913 682832538 1500363619 -669516859 -173908585 1634308350 827899299 67416087 1542939653 891672941 -237838296 -135675325 1026093969 1469841978 1620008470 -1833611353 -2072666453 803121711 -1000733922 295167039 -2105297131 1489616875 1926660605 1376204847 
1254120444 -466197364 -722051164 233268517 -1015461830 -1251275238 -1692800790 -1386952721 1181528689 -143874245 -350103640 -1894954144 13141542 1811840285 -18058134 -1190056181 38819292 460888139 991300757 -603974329 266861478 1265411652 -359693985 641336396 -834215024 -980222300 -704461164 354362854 -228209117 -1997329704 339817057 -600586263 -1769437221 
1474565800 224656224 145427031 551109696 94400477 2064830506 1026278193 -610044221 1895801775 -1747349140 -1832393397 1134087228 917097701 -204862738 -1034324360 1986690928 -15169630 -266179478 1912843817 665177351 52900983 -2071027981 783870611 728417116 -938079982 421341450 -560229451 1518376238 -251849121 1181132801 270058920 
834308406 1391810384 -1410289806 -451268 -1143577942 -1442885229 -1581013987 -1483386798 -1187849513 -2111812694 -675434939 -1860071302 -2143577883 966200498 1637975957 -1680139746 744914978 -1180387946 -998481733 -1575863636 -1805412100 1651836699 1190847132 147499699 
1659365376 527733558 -1662550355 1765952031 210323648 320546174 2090046096 -1722311121 951067000 1595609065 1570146946 -2050652001 1341726776 1330025805 -1990486852 1505570006 129556867 1569614258 1772774652 -406248607 
-51406794 -612059987 636272453 -647899637 1360769329 1963616110 -810777141 -765148173 356355195 -1753424319 -1478159161 84180935 2068316568 605815025 
461672095 251276806 -530281910 -1162275897 -1944090527 -619923831 -350056655 -1773573294 -1935342492 2006766679 337489190 385313218 118308568 -1122469343 -434148857 268402974 -1982748958 1933317987 1081855871 441330105 1756463039 -1423882397 
-1683374199 313465278 908158294 -611742158 823944513 -1968377553 -1878903075 634528759 1818868020 21258301 488495596 165010399 -250073507 -612069814 -1615922860 -823555978 104626766 677495367 102924062 1969069021 1671820466 -1918922957 -1534023846 532689224 
871266230 1359529879 559743451 1656800444 -274640437 1081465522 -465344010 -1219543007 1342891696 1872398968 -351153114 -1583466004 -1872249467 -75170002 414036153 -766506396 575847266 -1806002922 1409652658 982378617 -1162003145 -1116267894 -210419011 2035204336 
-1884535878 -35871906 -131162657 1022557929 -391401791 -1910301369 -492492726 -775247763 -325197656 285810034 1863302238 -1855953621 1267578492 665782969 906370624 -927094250 -224005068 94413501 190760757 -762725776 397929218 -899675376 1928033947 -31117697 1359072895 1231688708 -1311215586 -1275415553 426906139 

-169846059 -629753994 1919284093 -1850367240 -143406600 -916186673 1796100492 -953003101 -1845056942 -460087179 -140122443 -1813530926 1142105178 -1461151710 -471796117 -783506614 -2006444158 -1204877708 -764118774 752888367 1770744495 1366639422 1228304326 1132992282 
-281099977 2003414328 1180501781 -1723818278 1955010285 -1247808950 -1953602800 -1454615821 -1385182845 -1932895659 71035129 1212411324 1254894039 1228595298 551638678 1230582771 -289842474 78659052 -1854836731 857334525 1775709661 
381954832 733961883 2050632658 -699129999 1686599596 -934564686 1655663263 642073011 573608212 -1781803095 1156062013 -1651432491 1602416838 -2092845069 2121657975 -1472691188 1928601015 1859061412 122351387 -1287726790 1054627576 1574597574 1056697442 2082467489 -1184235104 249038346 -1936898226 2145299658 -774081787 928547716 1734899914 1384989538 637438844 254359757 494176797 703946753 1076797625 -863675262 2032922957 1963107928 -1296301500 719912846 1596893345 
352365336 658529859 1328933540 -1384675859 -1998454301 -769810874 2110809801 1934094674 -589627462 28279078 1533178461 -531764459 1961388570 810132286 1683146657 -1346675627 1050182006 -167160044 183224833 20937766 -1595990108 -166361451 1979127949 1917736109 -1222177665 -799293634 845662059 1310892859 
1382827800 -948626553 -1344399162 111877096 -1623569899 408633817 42923278 341580368 -1657937912 -1992829941 -357681946 1391123063 860850051 -333463697 1663430279 -175647454 931674669 -734718183 610287539 42070953 1171347842 -2051459216 1568384139 -1265310788 -1999494936 
-565546234 -72985369 868240399 1353131918 404729922 -707321977 1621546460 1892223274 -1949468174 -135870352 1079487392 985163800 -29393868 -1536255018 1263374733 -1686686413 1314045444 -570038064 362438320 1831846774 220441566 -675161457 -1746469440 -1342888290 1877790106 1601666997 -1251775655 -1014625493 948028198 -1955471972 
1513802390 1269920393 1816425186 -430767587 -455375554 2023800390 -1624801750 1206898336 715413787 -2027414961 53273115 509871908 -1031057743 1921836218 -2096288633 1352489614 -832919366 -1271683701 -1030423442 544272198 -110208208 
899746105 -1492192206 -1623691176 313143828 560075835 -537371386 -768483575 -1963470797 1460661118 177090755 -1934885316 1110525293 -252184900 1538405191 582101022 -1237628139 2117457209 25025892 1352676498 -1418615363 2106247418 -1831646954 1209402045 1454091111 
-483724597 899344908 -1838927623 -2008467389 1499309800 -1772238214 150885757 824315937 -1067152557 869534994 1057678890 908326854 -1326894546 -653752309 1761933327 169804087 1550762670 -954136843 -1177222280 385374362 -1137043393 116133684 -989092577 
209143961 671704998 -2008187855 1162008545 -1553887602 -166814796 616217647 -1990827788 -69251692 -332305906 -1200112892 879145285 778575476 48126304 1718033741 816651005 -351927663 719420599 -1304013577 223572947 -1681119750 -1925844857 -2024195084 
687664345 -1322085836 -1533885157 -65658986 1186961722 -773704254 -535809591 -795480554 -1892414511 664099923 1808354159 1268971431 -1271380851 5604295 -1290321703 1668899841 1901202072 
1254057111 255100404 -1712526288 92079792 -312399969 1878499792 -773360233 1793465719 -1192105033 707717876 -1134818745 -153123803 1532107190 858708850 -2028769733 -42601100 -1439174863 447127699 -698036927 -239079011 1080352702 -301981005 104954716 -75045774 1803260242 -1296536708 1563344142 -444521722 -78678041 
1517862385 -1893492279 -1170001041 -1710624194 2072498312 1426079270 311288359 -418695753 -441580430 1236534303 -2097813369 -650720439 -2044852911 -428840587 1514766343 -1330718283 1335868997 -1246805307 -355025640 -2146292882 -698777422 1738652381 1745210884 -1704167110 -2090361689 
-1139804108 1289775271 -916298148 725129106 2080842314 -1336394074 1728306453 362877860 1798170215 -1632927955 1683214991 1191738333 -76164632 -714560386 20721015 -365774497 409118032 1049038973 -527373632 -515653573 -410685102 2014509746 322360885 -1109161743 
1549148078 642404037 1421097717 455670229 -729738376 -554269763 -1448265356 -1285166833 559174208 597153628 -901352058 -1487632784 -781551381 634150286 -1351902868 -1899842626 -984689981 1401798215 

1857715764 -739828450 147996432 -660654726 -2053442536 -45236155 594264297 622577907 1159323346 1308830715 176561564 -138507605 1034680967 596538308 860115652 -1837502610 408078707 -995421105 -329762087 1653020097 32851905 -1379524484 -835387345 393807590 
-1168465311 -2008419589 914414062 -1873125991 173422776 -889314810 358694867 665337493 815153567 -479091775 -564371674 1348464748 309425881 -842550434 -447967564 -1937225999 1245341676 815213058 1753754751 32100596 -1487943321 -1458052597 -1104439340 558318941 1100367777 
-1613215373 -1449125257 1486220810 -897663049 585697227 -1974582407 -692136318 1970945735 924032350 -2095165748 1216820795 1492891717 1636569626 -1236928798 -944863789 -64212112 -706896339 1746895293 676331534 1551803236 1809055718 547927790 1785488787 
-845376835 -300108441 1812883675 1869063414 -302691175 1334080990 -2120973851 -1702477561 -2033392086 827691602 460781283 -1186646671 -1740516400 -458289867 206824266 1242355096 1419418165 -1443691842 1703194975 -562431972 982420071 -1880651354 935726489 662925094 1751134359 

-1760432724 1793945436 107283475 1103656623 -126181561 -865295016 1789787152 1964888637 -392394171 
491417350 -1923497643 -1324158607 1661988082 -1858007191 1203192269 404529044 1757306454 941779445 2085915799 -649671670 1147294786 850615913 1030322844 -1136816287 1996149404 1126556458 412471069 -808596227 -1426614109 1232386217 -1871496336 2070335362 -1200557827 -77586144 -1027662123 -1385311846 1375887139 -1192272380 -890066957 -1111447410 1209372498 -1218530742 -162845502 1574228906 -1965601707 -141679751 79747921 -625663180 -1058114016 412189260 -1149554405 1358416749 -1381975397 892716501 238555312 -874314149 -208105513 
-1570401995 1192483723 -1349063778 1832496634 -1097776280 1416461488 376923137 933399679 -1646514372 -729604010 -864501371 1029354100 1846842683 2065285900 1805584613 277247838 111190421 4835684 1814986667 -175977221 1976958147 900336840 620891147 1296837405 484355045 163708974 628302195 -28973365 1336005757 -567102378 -1367653628 -518084408 -1654958850 1822258882 -1938290438 -1578414818 719923842 -1505821260 578690238 1918760615 -1886229172 867464952 330318901 -1937388026 -1032941683 45525095 -623115605 83361108 265981136 1073792155 -1930629032 586141468 500290429 559156833 2078050211 873615053 
2043788183 2145216050 -35846311 458557352 1700656975 -882621213 198759812 642685886 -577461083 -1142559512 188855015 -1389088646 -1732638544 382466116 -36842827 -952897623 -1199435458 806288834 -1771419073 -1040022735 -1419753064 -1416991206 -1315564186 -679033905 -2138208062 -1596839744 1221118439 -891621905 1140598097 825526024 -792875610 362417886 -1352537924 -41464603 -1313754408 1122177031 504507652 -1390247748 455244234 367182486 -1596532465 -364596993 1251541695 
