-1322576208 -376584597 -606029519 -1267452004 -1105958752 722504400 -512979911 1669160898 -1786229323 1590532854 
1146536102 687951516 702653256 -1359929928 -1728460876 -469442671 1725411808 -2116156422 597114604 1881611800 796658351 
1876003901 1942502665 278768293 -877077690 613162079 847285001 -71963948 198994972 -1599783744 400855501 1696033633 -1279252934 1563874622 -835418585 -504997538 821013156 -472293462 -1945707252 1118495364 1360812453 -1128625793 1161256268 
-573810660 224911991 690739782 -963706884 12443059 -1931365496 44014523 -411273356 -1209275790 305631957 -1863968547 779902251 475075912 -2024534851 249422103 -78965520 -1013889755 45180259 1995294921 619318238 450561178 -959815915 -1463321418 1277480433 



1338929385 -2121924871 -463595950 886702934 -879672812 -1325023746 1391226616 -1005076594 625014551 437943323 177888062 -1235686360 811748033 -871004303 -871790335 1663472233 1811956576 -1158618834 386766203 -1991976396 2116144424 220378635 223630771 -206526829 
-1621584746 -1289942998 -1559815352 188810075 1370080689 750577256 -1900693982 235100232 -2026731238 -905975420 1063797657 -1818237650 1844575347 -1853729879 1506163648 1484779273 -1991569777 -171771662 538137111 -1890684368 358624852 -482520506 -56815715 1962836480 110902069 
-1974589268 -1219564648 -838184929 1456639875 -1043262935 -1111236504 -1218863324 -476432612 2008152484 630164995 -1318301250 1965497366 1821348938 -1964867929 -1807044683 -869972719 1413478278 -1101475028 -1248711499 -431919836 1607672300 -67989226 
-1291641924 1045678528 2076927615 -2027339830 980478386 1154543027 267718071 1829721695 -1356148226 -378171548 -2100521530 -2120124654 -1944439866 -161879616 -235180527 -1590578559 -466716142 2029164774 -1721757781 -967167348 -411157016 893579348 -208094814 -1737765241 235396931 

1961360675 1063015786 -233181978 -1602973586 -1528244668 1565932832 1148547460 652851428 2091089513 -671614879 727474041 -1659500059 -1812240417 -620495325 -1902400379 -1401306037 -1050570127 1085933463 308191736 296809888 -1750831691 264772899 -1301983946 1652691587 1374580558 -1934726538 
1109459709 -941460675 943427038 -1402516795 1216262247 -1136337387 2047647058 1780030355 -1525619082 1117702857 -24612591 2007023479 2109636325 1356556073 851676873 -2044634525 -1001604698 -1070462938 1322629959 431434085 -631943081 
575360121 1660379698 1999585717 1689538260 1921248632 626415675 -981364619 -1384464778 171659876 2045534055 1408608168 959881287 1160265290 -174095830 178049788 -1440144651 1383216961 -1080575023 576864975 772831182 805729901 -1522971588 899213043 -2118469554 1518919804 -1864332581 -1225885365 -722719000 1688312252 -678978324 
-1539625009 1366922338 796597401 -1607359148 1913251066 -971607757 -1689553926 -2020733233 1563450452 -2005620394 620719812 1023366608 -2036758361 1597538611 1691104900 978320907 197619534 -2094254034 -741265750 -1759338721 432377732 608863832 -1404497726 -355512027 965739953 2061948744 
1532378246 -315869584 -1718706918 732967522 -2072783920 787218380 1089868557 -1899906037 1749717376 -1760519268 484852343 1790015221 -229842659 -89808367 -46856846 -1664207858 1297852997 -388999227 2101566682 1807797870 -1493012925 -712878340 -1388596300 1506674295 1843250552 -84072535 518815413 -196981207 -2118763263 1276866257 -665029511 
-1772032617 1443144685 -2126557160 175327432 1673802688 1093945417 -434947996 1155640346 -390783895 524993084 -113491654 253341943 584834863 82080195 -285923389 971126527 34400958 720351867 -1501524413 589008255 1276673536 461404665 -289251003 1458503319 -810840266 -809981964 38784117 471237703 -708950956 626613582 -986886827 1165209857 653956143 
1398576970 -2139359405 655000901 -415548559 -1087042529 -121300617 1759848493 620430887 1799782637 -861525215 481050320 -1316454210 -1039181845 -241928014 2081864137 -1722610021 -1953018578 -309637606 -335285231 367610872 -1555605361 -2064360452 -1152316531 -846532690 2123446088 238927074 -627909287 -1564858904 -1476139018 1855294462 -737915352 -1186265240 433561462 
124727101 1182304129 -230545307 1842905340 285398342 1412399626 1017958980 1781285674 623612917 -330122463 1136170433 -1040862614 505250750 -1126735463 1240543075 1502894103 262668365 1876015733 988789815 -546471096 -1772690218 -1406771777 2963711 -1492153194 805749255 188385940 257484568 
-195611864 -475544117 -854600971 -1732191614 38445084 1681081857 -682500702 391227094 1021029294 -1282873396 1536235897 -1314394379 1090009194 1463245107 308870166 -1997710853 443853582 -1720846734 367596250 -285700923 -289856280 1571575251 713517588 2108493291 1290331460 1904537742 1684133454 639673387 -339839995 1210670794 334138421 -1026106328 -640766726 -239320443 1518669157 1169448796 1771018334 936485723 -1571459190 
-1000339957 1050668456 -716093524 -170524740 -186669977 1486769946 593755224 820739251 -325415206 1084770429 -1788257745 -1486170826 1976356767 1150417492 1701701135 -510734163 655964320 223920677 -1351093528 -956359529 -1366147344 -1334481123 1585744499 
570260213 -780436741 1690929333 275935281 123315039 1551442537 1060099742 -257631740 -232356609 1226011166 930417800 1511342858 1696581023 1571773021 1475613058 1528667572 -1670276409 1889014870 2004193929 1572555935 1383048352 -1380569978 -2121300915 
-928734488 770904919 -44751160 -590346059 1451861246 316424192 689973793 1656922780 -1283848117 29753208 395028293 60102171 586313505 1420070846 1836088165 822981671 498771154 537308601 -571216231 -1713152924 

-70275953 356490263 841779259 1520099226 2118389533 103261590 -1466690463 1259636270 -308734099 -929519162 1215520576 1664120901 751603835 -1415927647 2069646752 -1264650920 -1502203191 -1953230650 111914721 1062537932 168838394 990403563 
-180660567 -126452532 36653400 -474503273 1176182487 -200352510 456506175 93305743 748489551 1878366802 457081578 789596627 1081646218 -454449234 -775112355 -1429699683 1451556970 -1717961818 -1903949972 1890528346 -1949585486 86764798 -1006118621 
1300327725 -910755067 -1692582606 224279784 -1755851211 724228872 342243591 -1424744172 -227224606 -341843750 -1732977054 1344867683 -1254492696 724252926 700852388 -1750059177 -747765848 -655338530 -1316813924 -110794767 -523230641 -1995245809 349643148 
1868870237 -2036847798 672895621 -1467882811 738947 -1606523627 874564086 -2053440365 -285165075 1458728706 -131310308 544473521 -976708636 -775330051 -797247806 -2128314390 -1589945986 270628138 -1700664402 -660385121 338594914 -46036593 -2087278568 1662889690 1922898211 

-853934652 -1958282180 -2022099300 -636544348 -612689802 2049641256 -1880898334 -837635100 240996171 355780549 -952561339 -1467095439 -1439843595 134287256 102961648 2009836507 2042769390 -126601095 141032876 -1650147779 -1814744477 976366713 840752891 -1371130501 721684346 -1611706643 -1532297248 -1608546391 208510269 1957208528 -1073699815 1940567687 1771210929 -73141324 -64598461 -1890579177 -2061193516 1005740874 -1375494640 
1138300797 -312780168 -548680757 -22593241 1325191198 1113239208 -1665586473 -1977625073 -439793669 -1719110389 -639025545 -1591530482 1716277662 1888247620 -1166951347 -1700461006 2032240849 -1184084756 -689102945 -2024488779 1051630044 -838836736 -283902782 
-1408925740 1529111420 1494671518 2112228867 -1736256614 -301478289 1615980360 -1913752723 1636338696 5754628 1212991256 837562694 1303984305 -576916163 -1238191013 -874085841 835520152 1787308842 -1277536142 -969227185 1191126254 -1920630673 
654208372 -2017991587 -1421513116 1963525190 108902900 2041166426 475245314 715348793 1526276534 -1392179259 941087233 -883639402 -270494069 -1896236218 1853609074 -1419543446 676556471 -1253392471 1544293609 7241978 89959282 -467422663 -219500697 -1379341541 2051894672 
1510531981 1383115604 -408466842 1837393770 1058991610 -1789993313 1602535503 -1995204835 -474881760 86191845 27837093 1823061339 -1563499403 -795957831 1327247999 573462550 -1590459808 -1859999107 -1964549622 1977449718 -485797112 272416306 593464736 580878338 
-64306301 -262582195 2061401954 -1725885800 -621515349 1120938559 -592220604 -1928951277 1309975872 -343603204 -1917344066 -993770633 486844643 -1003958931 1911492157 -681142257 319687770 711595929 1145022443 1428774246 -1332516401 1865052836 1355838277 627537045 1458888936 330955025 -1605687800 -613828355 1958274358 -193365829 -2008427311 623634954 1107039215 
827808234 1173137281 -661335283 214340941 -1952358163 690549249 773316168 2047120786 -119379235 -1809954571 1753425500 -825906222 -1288648674 -1210343765 304014029 -1504862458 733396407 968961362 2088219703 145591277 -74186665 1616008548 -881394227 -1018301515 2093286661 -971769640 1393156879 356788444 -944213678 -79457965 
-775415676 482881908 -839729690 -1241283632 1343329132 635094122 -2050830276 -632168276 1798515943 -1267984669 568951381 -1980328967 881814971 1515743070 560088693 -1093261113 -1094038764 -1818826926 1384140166 -2114488738 -70545563 -1119568222 1485444409 1431362558 -950756753 117776016 -1222100219 -1201863675 1344588488 -37434782 714895844 230911694 -2039022994 193379436 705155015 
1968525911 -1622550920 1304154207 -783285247 796164595 27025847 1124667085 1168976959 -1074534529 1389810374 -1635647176 -1847987357 -1797206281 -1556650092 -1584969782 1216526036 
1671773136 -1752064591 -1830572183 1009211253 -1831199156 -1808332385 -1582026119 -965780759 -617974147 1790813240 -514185859 1563346747 739731129 -2100747876 963590033 877436495 -729945880 1514330727 -1917791435 10836315 -659091884 348358861 -162144776 1679580569 1262734682 -2120186903 1435010617 1570776982 
-680135196 -179357817 -1559953020 1009296112 -1985482522 -756658838 -412462370 -252936889 882699373 112068659 -1780828476 1316440010 -1177832290 -1473388593 6110444 1462312580 1894179311 -1036605458 1380663987 2033900502 337954149 -280042046 1479487976 -1343599047 -119437030 970897163 

1981509876 1680623912 560987483 -20519429 1491381438 1920109414 1804235294 2146397638 68257063 -2114619966 -115760745 1209003966 -100663142 1674191290 86706525 1924958113 -34636734 941095906 -549633549 -1461757814 -1131216412 -851465753 1639235494 192492575 
-406290335 -218493567 664729043 302435865 -1320384650 698037314 807401080 1485049667 1057176414 922906692 -851424176 -1745771679 -1510738308 1049513976 1586472096 1019495908 664477249 854530267 -1066206877 -973556349 335884181 -13963650 -1120195277 
-420323824 -1837957373 -221326958 -2020947952 990267157 777920309 -1553261117 341908950 -1259987323 -406153578 373897833 1888565321 725906006 2016456333 403919556 801382563 -532429980 -785831507 -669093617 1016902340 1607460824 -1549096744 
1232733550 1886721406 -484274624 374291720 1208510659 -542288696 -1297579426 319135430 -755147315 199938644 -58287591 -1593757862 -748140561 -1439622282 -765785681 988867765 1278375311 1034655495 -1647822402 -1547890396 -1670817561 -208532757 1310488710 1367858975 -1005125165 1460133169 -750636755 -1884441595 

-1434180242 661609085 -2007890137 692442660 -103826938 -961884894 -337531033 -26458568 -1299523907 -379281499 851391618 -743810188 -1984043150 -402621142 -1133417086 -194804414 262800225 -578805167 1691651867 -1417700307 -1795862650 -1464523256 -591791647 -387598765 -1979257913 -2050266352 836261131 -1292598955 
1616736216 -657540882 634499587 -783824214 -1293580664 -1887009891 -505166367 -973258140 134678912 1210271743 -1976196041 76781734 -243240196 -587631615 -1779541592 -39074262 -1434382603 -1439861659 428205701 765655189 -688066225 -1828914212 744613722 -982374624 1597350217 -1753077525 
-1560320784 -1447682457 -215730592 1939672836 -1326428743 -1887353119 -501563586 -362264074 -217265566 -1579746886 785178381 -646539394 2141595699 -910850403 507435858 576010919 428405534 -442778273 -1541523818 -1179444364 -2005698763 -1329374371 -1476580141 1884285054 2139903744 236590920 135737284 751032966 
-844853680 -476694688 -958274923 -1938005233 -723515404 -1205994567 -66902207 540946705 1292202399 622010805 -427159135 2068967804 108004478 -1258997328 147233872 -25425112 11114649 -1900939432 621258398 -146932263 -2141795042 -379452875 -1725066682 1256290340 -1986934638 
-1835138976 1016373084 1236601839 -144963219 847697810 61207368 1810505587 1672107803 -1873721567 899611549 -51053222 -687796249 282923019 -1760599664 509601430 937152435 1792759414 628591001 -168229574 980676651 159977562 -1450483576 1465757543 -30944330 -2075743392 -1121109232 878903713 134532012 -1499658305 -612964691 -1392567190 655124823 -1110584937 -1822447606 -1403333862 1609923224 
-1088636225 469226917 -1210040630 -257466983 -1596811918 -485342178 1822848941 280965670 936710114 2143835021 1104063023 1632899133 -1597418375 -255187156 -1988315711 740774413 -1101557423 
-1507189384 -2142356213 515758242 2055900989 1719728838 315906740 700273976 397288164 992678472 198384566 2107660191 297545684 -1103715842 -1288560245 1016863482 2090262595 564555943 -1093407555 -1280305827 -783999383 1110147636 1916189616 -1551311904 626763917 -223671950 
706010440 174447366 2147278785 1091427909 2087717322 -1010239663 -1751762899 -885930849 -707874742 1319506209 -1358353448 -744247614 -1070700396 -800511790 -2139889101 -733097925 429088260 2122201247 1671146028 -121915711 -1520384965 -1745847587 -431369978 -1925133644 -284038816 -478984643 1644277117 -613478872 616114238 -684203629 1150069998 
-1575205044 -971228571 1561962032 -1942485416 -822237510 144447078 308388976 -1250087743 81503265 177219968 -1661851981 443874170 -355496514 815523333 -1897278490 -1524903546 304055691 -1090108465 2042938667 274349692 946143658 1183016274 2081048779 -1456102082 -973803995 1231563159 1307840198 
901823139 339706740 1915777880 -1150566140 43769483 1750236019 1355837125 -1987926784 105971752 -1173530576 1069654184 73289941 -69667285 -1540018063 1448472086 1036328693 2136548148 -207469664 433585594 1295207461 -772511015 -1350095018 -2069565203 1845121406 1871907335 
-1987661803 1877969901 2140289751 337110188 87697910 210221492 1564730425 -255022723 1663575801 -552553996 2112064315 1864825106 910157171 1187021064 -407310549 -6000241 1005839007 2036041227 1764365521 -1432573678 -2125851804 -1109961617 831346603 -1177841446 1910964522 -1758448615 -404345535 876562203 880582282 884809957 -1668862340 -1484750565 -1185097451 
1928706836 -405002394 -125978749 1467682211 -1184443337 20743393 -1724678072 1898347063 784423065 -170401637 1837620057 -1082370457 -725524745 -1630311530 243738091 -382404504 -916433577 -808982299 -1485574064 2051946220 -207494933 289305141 -803275952 761289848 -158958990 1187617190 67296134 1886538715 915616712 -483436400 1643011826 
-854231537 -1004319180 -536813629 2094380679 968833705 -257768494 -29751995 939068142 -1477137843 1964990396 -464192720 -148482706 1664051609 1066359313 1356981679 599268308 -22320252 303403 -1200811801 -128652743 -809001531 1375425773 2139850805 1150603388 
-426614835 777203864 1736794955 -19082822 1908372598 579087320 1519178841 -500463027 -975537490 1870950669 1157127983 1602358691 1414905445 -1461578341 550821654 -79104755 -1387053762 285141820 1771348823 -288741302 
-772116970 -999248590 1273421680 13815226 1007872075 -1300437601 -1692742518 -284015461 -575107415 1841520906 -1088361826 672091074 948733751 2091322096 
-579084797 -1277968833 2047470772 254257959 -1182186726 -67348583 836496398 -706327965 -2035045759 720002365 -763454312 1043752927 -694434716 1504217054 1263735741 263046109 794312265 82656139 -253603076 1926690233 -1076774300 -809452632 
-879618400 -859873471 1127766202 -2048060375 -1312193880 -1034545419 -304202440 1841526535 666093723 -1355997449 1185145030 539568729 1873824102 393351030 -36159019 1804346261 173642065 857271950 506917104 -628239052 -686476558 -629249490 -1412576408 -1238834477 
1168094037 2037703343 -935152210 755853956 2033834270 2130810025 2037959979 1529601274 -1237020970 742805475 2964640 1831277912 -26001505 -160598229 1695576846 -1374935 -577990213 -1808996803 895679125 489409492 1278469112 -1714017707 -646892289 241159928 
1588416747 1831938183 414407621 1897209864 -1908795641 -1228395200 773091323 93911025 -1681326962 119197541 -1003320856 603888114 -712285149 -1918922021 -1567423538 1743799192 1707399823 -1009661555 721083706 1234465364 -349665760 973322846 -1096027334 360086313 293914543 344738508 258424474 520699881 128103706 

-1335380822 1695108556 2101827309 1280634957 -1395989466 933310575 -10190947 1543301579 -1246585591 -1271048780 -189305644 -1198703818 -1067104579 -107221922 -2026067629 -1149044214 2020711351 112350266 -1349620586 -1296656767 -936783275 -2133407246 -1540491814 1098940666 
1026904585 -7972214 1220490171 -1631738218 1993447441 1635860002 -996139240 -2130614079 1643957674 -1752328280 -2024801427 -1006881936 1045085307 635027522 -1666346402 -1475955914 -691014596 -1963682766 258254622 237191690 60525264 
-2082311628 -46299663 47744585 200012904 1564306822 -73597728 5250822 1709200362 -758861012 178436238 2002809129 1076017970 1720758072 -281463894 -959054297 1260748222 679363974 -1202577607 -474648357 206591346 43839307 230057290 -1685669354 1008748848 1102155318 -813582619 -968651834 50826606 108959464 1758777486 -1618717813 1980251848 -156009370 -289208070 960064438 1037599510 409589111 -499458713 -454759451 -2146235973 -1976544017 -521500017 371581091 
-1143824786 1628512794 841306248 -1582038827 -2141914120 -1895691636 1641409845 166650415 -2027696160 1409423275 -1059567153 1830438020 -2113401473 2081555767 -404518756 2089601902 -1309158520 -109966335 1153560819 -155838271 1568367880 1180681174 1361921341 1932719473 1559814690 959835539 -1551807504 -546349037 
-131227293 -2105056502 1675081111 -19894154 605273227 601718154 1749229092 978284249 567514931 -1604252703 -385273239 1544720639 -2141102737 472745749 1042734411 -1020768050 1766674720 -862731580 -900109992 -1521286529 -396856809 275909653 1100857281 135579466 -489925091 
-449461739 30152115 -635698100 -1180153847 -1469913762 -1477065415 -1709519610 -22304573 -1210854812 1554576508 187441066 1113522953 1771345652 813888514 -663008410 1052579470 1887054502 163756996 -1390151146 -1858223721 1504681079 253256844 293108132 -838046806 -1164411334 -1409347658 1866986282 257698785 -1830295126 -2084331312 
-2103647119 -1118048904 -1780778991 842101845 1996436886 1199413148 -1804682433 536607373 969764764 -321217261 1247121960 94080196 -1946489646 -1447456063 -707214765 -843582281 -139443945 2044182221 949023096 950285099 -1808834873 
-1940226906 1236437970 152731719 -80592770 -579568583 2070208776 1066913410 -1173842586 621992918 146632159 1638591558 221612271 -946454449 1923645137 1703111709 -1165699253 -1209191487 1418615075 1145568132 984782150 664516627 1461496633 -1619177247 606023713 
-1013537658 2106171732 1128921504 1792430183 -1030345614 -383285529 -1729338074 -1028417518 -2065202611 -42705229 -1903940286 1709646388 755595879 624610531 -744461999 264698069 -976514707 1159102630 286825797 -252035310 -59442328 -1442847831 2127425795 
1104996386 -1913957950 1353146984 -1219493236 1506041552 -1960421601 631454995 943626661 -2134543084 -172391096 335424583 -1293435721 755956618 -1223071933 -1327982607 1128857294 -670277978 247834349 885055036 814182888 -644055366 -1696175654 2004031861 
-513719663 -1141596699 -1904839559 1443603737 -716082190 -1333466138 1577127042 1873443523 1616185988 1487486724 -1433552578 1850369350 -2017548630 190182029 -540440881 711417899 579090552 
1854826375 1628943893 1027512838 2067305128 1602169490 791857338 -130982210 1571345008 836497121 933765620 -43270400 841206884 -1378506106 1996425754 -1214788067 -1929365710 2129392235 1476844990 -647794909 776736342 204998743 1154792151 -1557101929 -1679374140 -1209589030 -760361691 -2102617981 1407493623 -23236768 
-676445732 1585806447 -1640396991 -877073440 -1178935860 -2059494241 -1752255540 -199669559 1885746616 1384889949 -2079477730 963990007 -1187576154 -1748340180 1813504700 -2086794584 1969363493 595454772 -1768780986 1587202732 -875219021 911008268 -1998408654 -209158696 -1734484596 
-1422660699 -1272106366 31053416 -1383426048 1235370725 237702833 775805374 362382629 1817299419 841112804 -682872163 -1214069814 2081882724 -1063709772 -2056833709 -1964257448 -471328160 39741539 -1371122499 -466554963 539910164 299086756 -1936530323 -377801676 
2019534395 1009726883 338436671 -788455830 1008300071 -268078779 -481854944 1906279358 97134422 1862294272 2062815360 -1133848481 1637375611 -494583330 -36619165 -1129445840 821218489 913120741 

1564575731 -1599647043 2000693537 -837456812 -615242799 1605509244 -1144549912 1597555726 1832998860 -997386586 2103355672 -680890211 518872888 -900412236 251012318 -1929347040 -1766710684 1389580426 -1510561218 1055664855 820833904 -1556858083 232143045 -1195878380 
2143449111 -885069846 -863064544 -1125983171 -462258406 154041271 318436663 272937925 1068393042 1801102694 2009832014 -645779565 -1661538572 -815781851 -1526362276 -1211917074 893877342 -23236619 336742440 -125528899 378318910 -2472509 211006922 -1386842555 1120939777 
-534792392 61383216 1414035589 -1025444913 -1353715619 1969408922 -1736492662 936719387 1514315826 1980880963 -257839755 608667537 1916763975 -1375546584 -1637709350 -588347388 -85273337 -1247916072 -1580166239 -1352942825 -1839772940 -357414212 1820379491 
-393045147 -449806459 -1083570551 -1605250508 -2097151323 2031738057 691907295 -1950850847 526702560 -1549319540 -2025608116 -965232128 -1245295673 -1560154852 -184809436 -1247598628 95043364 -2137013386 1043689415 -2130716061 252395074 -727091335 1396908900 1453362538 -758254955 

-201045012 1336569704 -1340688997 -1051837764 968181379 -1846766008 -1625345904 -887141155 1219720242 
-1905620501 846938797 579890295 -1954101142 -1966700014 -2030612647 -1087120157 897200902 937846268 -1732960475 1858343877 1542904860 -1341536555 -303546836 865547821 -938507389 160275318 -1970416027 1469539205 647678377 -550596098 -1802817928 -1632454867 -1431078328 -1591111211 -1119797577 -2078045874 -648664070 -2000966191 21804979 1041680068 2136223372 -965324791 -183164273 709550120 456855270 887610824 -2059431294 1066419679 -983970972 158584960 1900770075 -1697652458 -1225073245 -836153927 2094700757 1572043901 -2122527981 
1445566749 1302347676 -261173647 879343697 1678505793 -1728882396 -1698225904 -1454962052 -1143559046 -658125116 293876385 -623470788 1240037342 1955082462 2016998555 639835559 -1429759999 -1684994304 -620068914 205104399 -1906564593 -64272829 -469355862 505051757 1498233035 -792233356 -1695038215 662395718 -913864389 874542651 415375137 312875765 -712156734 1505885378 -146331929 -430548982 697314444 -1165976883 -668739663 1345436419 -2027426828 -799759951 -29998687 2039835740 1977379367 -84695374 -1153004177 456479521 -1997893279 850373840 1669470094 2091931390 2063146567 1775488771 -821746991 33939167 
1342982677 -903241677 -575917771 940133500 -231008694 1154213992 1444664112 -1128286761 -1951688051 1512457737 764616094 -1890794747 -2122830882 1195566722 1442413631 250377286 76079725 1485494595 -1712903777 1739976784 -529426221 2032528449 -2039816301 818324259 -1976095287 -311220206 -1891196492 1211751946 -1966505091 -1092343520 1468636901 1614585928 -1472397098 -1139271564 -1526062466 1943723742 -1499597084 430784357 77143099 1544901983 -220198214 52072402 2114734808 
