1750956778 269594615 -826915535 -1307050982 -117819645 -1594935234 -1859583465 247556979 1014058715 -1025498115 
-2115331746 -93020019 1238411897 -2049921568 1155587662 3345643 179400942 914802395 -1216575284 -1789217604 148032960 
145931939 -2043186136 1850282661 -872029742 -1841972241 -733354848 364792209 1380567309 1147114963 -1171522039 765489256 -1909060486 -1202537541 602408132 595030228 -691709558 -1127157288 -1433865492 569732116 1719250933 -2086190424 -313964141 
-1822433374 971864684 504157966 -1932328373 1391656531 242633212 398701939 -1373369178 1839186860 -474072512 -2098247197 415115981 152173090 510896159 546875644 -168529112 855382375 1503078618 -1643896357 -1700573069 1048206761 -1496258718 -1685495372 -625726595 



976707829 -1211584063 -2133720918 1135614900 2081976984 1644449655 175644429 1788935383 1322773716 -1886832459 674831532 -1228206276 1331200925 -676302714 -1081118845 -810757190 -756750998 1081876883 1724340191 -161086557 -516290736 -1869117286 1187647307 309415887 
-2056476551 -533434853 1076117375 1689847738 -609401185 -361238317 -797234060 -1950337160 -1209652969 -446861669 1257657171 2099196789 -1234372495 840651759 -430354082 489393985 750716378 393417516 954471037 1250981522 -1194991999 1763892365 -1563563445 975107164 296296189 
-1221313810 915554692 1685118707 2046715628 -2074486852 411777781 -1536939840 -2005324998 1865979164 1874999579 1748036280 1850770356 -23487385 -1767179747 -2144528337 -106421697 1599365928 -1510907147 2071447665 447190070 1401408446 -69759184 
217905467 -70658722 -2135658932 1914469624 1607598921 -577500281 1421463926 1497474592 -502600013 -209017245 -1277487236 2089300265 102654316 -668488248 1392956225 -1134258330 100128162 -1341762028 82435481 -1347309018 1563643773 1705725627 -988630127 349912083 -1695447149 

797552975 367019447 768104627 1282818378 -1117704889 1801174594 -775467742 563960359 1762758782 700112861 -1705825936 1751116465 -842736881 -246074858 9259839 -2040271632 1863881700 -23339674 467918563 -198825139 486250687 -1302804538 1827096159 1173886496 -2138681050 -2140687782 
1408850296 822523696 2120650112 -1736930237 -2138072901 -147613053 -1529787221 1618952518 1836320501 -789850943 -1182205939 41685121 1728504081 1906496145 1084619083 -897440246 1279076926 -1620726303 -759896343 1032998358 1211505714 
-1722177872 -1465572017 -1052606980 -620456441 422682057 -2110826521 1719785723 1122982048 -1846812491 403368034 710198866 1848968653 -1211496464 -1967200708 1969413159 781137840 -1146936735 -1722724959 837120261 897762113 733510050 215377568 -836058533 289451286 1733008144 1595886767 2076069833 -1078612934 -1650197882 -1479709899 
-275400520 -1499095234 -1640865123 -1005096344 -1985640740 -1500488838 1398133109 920197493 -1053410875 1223019332 -1255193825 -1470670684 -629086618 -1829266598 -1020361704 1001836668 -1867132330 208047862 -1563200849 733622613 -1998158865 -340083629 902111692 -1791286969 93369463 -458440691 
974647971 -735033364 -1694139619 -1415585690 -1834282265 -197752495 836092168 925612827 2082805171 129874006 -921679645 227924605 -628232584 -1654486345 1840642951 1459783514 755845125 1643277663 982719325 -131248563 506572048 1799917668 -622056169 48860555 -1198162757 -722702338 -1637882846 1404802925 1996324017 -1353371386 1145546565 
617823490 1029982692 -1237832609 200944976 -1060546640 -1558944867 -2054610308 -1931216117 -1056908691 1177757336 -803259378 1353505837 1991138096 1815395651 1786414335 165097819 948842867 1373249828 1345868653 -1514950428 1820152944 -304648285 1738023074 -262083328 -1045072268 -867063492 -196446817 1344446664 1352707791 608830500 -169814864 2045015475 1045300658 
-2080175785 651480308 1450500384 1036748551 -339954884 -880750666 2117567973 1732753650 -134046492 -724687699 1257101872 -1910518375 -1149310222 621222341 202363628 -1708880825 353176716 -1502808342 624303836 -1481895342 -152835119 -1088081003 -157704179 1941110710 409084256 -318062437 1222485290 530777248 -1568009370 -1574273472 1719717305 -913639107 1490469213 
141847350 565080912 468593544 -1442962775 346940162 1006031283 -2112918423 -1481109071 1043969852 838389598 1828628950 -1493893035 -2028487930 1988092063 1089866225 -732280647 -36861017 172162331 1945965269 1217775059 234707741 -426743941 -594007138 -1637055823 1418320346 1694982007 -1950664776 
244179112 226557242 608525065 378395866 208406113 -454563432 -1939214637 1426663972 149565364 203922364 633466794 542470186 -1395605414 209727832 1125104824 -112182330 -1293064922 1071060240 -688176936 185214015 -1043507471 77790777 -1534971964 815073583 -866142113 1273877090 -1006791217 1600815407 -1195633180 -1315159475 -725086471 -1706846599 1242591158 -744007702 1039389300 -1045283585 -1751937228 -2064346601 -501320338 
-1033468981 327386060 -130162969 1652313886 -1291337473 1006399970 1329653268 -285508879 -13871524 1225138835 -1770194716 336843108 947988359 1625463416 508793675 -1782269265 752599379 983765909 464894000 1101148034 1845547704 1620805670 1289784233 
2061736461 815397513 229740465 373740806 -764358771 -781346145 -1828972917 -1192865904 757169861 346313130 1274564804 975916737 722911776 1627825993 -134777807 -1368517450 -948590891 -2099284819 1017077074 1849734969 -2027724651 2111191580 -1734232688 
1953838373 1118763315 1558066827 -194426068 -1690842025 1385266087 -511351187 -1448122764 -1844367103 144948252 851578103 2146426739 1633752835 1162725203 -586057777 63730282 -769562704 634430415 1687610376 1742472636 

-1899535050 1113176607 -2077836339 -144394456 -1004596590 1771201939 -871584859 341101975 726311020 -480921355 1596035719 -625524943 -119589277 -530423980 -424642595 1109278673 883731695 679174337 -1141387564 -229667372 -2108239441 1455533625 
-1694046455 -786239974 -1329470130 -61651497 -1131611701 2101191520 1303692424 -21251881 -584409953 -1319018558 -1875355781 430898928 -818729235 -1079529335 -949865161 -450190380 -1445998079 -1736959960 -123303591 1773310101 1415189162 -544284432 -658735051 
-1624800905 147831796 2001342536 -254500030 519446864 -760278180 1222738884 -1214645464 2068874219 178087842 1551172802 376526733 -1442139215 1093627452 389321558 803981520 -1915827600 -28963834 -1919652671 -123396320 585875474 -1662032599 -1262580041 
135184432 558240444 1876903009 646631744 -281712926 -366503028 915909378 2003663804 -526550973 1914199784 -645629910 2068534670 -903224017 331906497 -505699367 -2043511665 2027243751 480705352 1397098441 -841137867 -2111450952 -1521971966 2003424193 -1176738534 -1864339591 

1383858781 -122952794 -1483432722 635925159 -820327274 -400998724 2115756677 -1147721403 -1115353516 749606207 1236810726 -1650496082 294810681 1985288408 -259333808 1368006138 -204867725 1598300412 923844969 -2129512274 -1405908935 -1995876991 -1664017637 1600608727 -2125887227 2045696617 -853953096 699793105 -843700767 -242143447 1044394734 -636678106 -656022744 -1562573925 1087288879 1581117219 -1169803303 1818950674 -528417631 
-1696938390 -259356564 -1735530452 407860023 1900419616 -2067093439 -1699606788 -1842606962 -1491879283 -403269865 -2112655797 1741922106 1896961099 121441562 -1331608030 -1654148255 224709069 -590065824 -1303005032 -1381427951 311076874 2103163596 -1683993896 
-471511644 887011159 -100074709 -2030411371 641122428 1442692676 -2076075703 1889355259 -1932027174 -789059549 -479830819 1037114857 -700614524 -2143922810 1219222870 -1984626471 -1396903205 -832085297 -634929684 1441277197 1456556719 -419785650 
1559820930 -664005744 -266989358 1961510807 1508187217 -743832349 -1547366970 1007751874 120236170 -1745226029 -1687884481 -1438205120 2028351919 -1985537442 -897438447 1984231019 -697033696 -1184295554 1678521875 -1155657115 167700897 1508683766 1552359280 874119295 -148934552 
428703282 -1091911987 1314882294 1499469739 1040919994 -167397608 2015570089 181664232 -820788038 1120646956 812541818 1627754068 -970018569 -27521383 -349396535 1116152529 -1523924839 -1509525077 1934437396 2091680049 -1444249816 90287571 1689019545 379727362 
629792916 -1343768976 -111173990 -126130556 -140890936 -977082339 1445629678 1093067694 1792394851 800950824 -527032678 1355121621 1769647174 -505090859 -627832481 -1931674677 1386588133 -1398697943 1813243952 -1667965702 1776059132 -435460588 -1767308325 -1546498397 -1934930635 173636227 -90014143 1742942927 1511118945 -138719726 1274647273 1186453391 1925152582 
-789991822 1350824456 900569361 -1040588958 -543985907 -64848068 1038460222 -1948970864 498250495 -76110167 -45404569 676055055 -938119452 -1103370633 -468748312 437551013 -2043394364 -537168619 967966603 1979960500 555297505 -190040249 1643398701 446816859 1573874239 254916448 -1936474214 -242034920 -1796967737 1708190479 
-1852672287 -1412427034 -517850019 -589717732 -1971573289 280274656 -517939916 -701518337 111869231 -457078578 -1026129946 -850386236 5983139 -1710427485 -1289092918 656488138 -375567763 -944083043 1996354277 1536542285 -433743777 -772901839 1550736296 -1456969904 686170901 514127176 1666579971 -944614150 1030992080 -1209201470 1356585534 1164407397 80409860 -1081458291 -871621792 
369622801 1313623473 -1390540235 -426551579 1575302016 536623430 -318624138 -304199162 677848109 260139763 891791172 -1151610177 -929813808 255387002 1155206738 934308598 
1643482680 189535568 -427679853 2039525979 357439162 -650383238 -176386007 -17770667 -1757778964 -1139866412 143414842 1938003223 1664425664 -142630748 -1060699634 1533449502 601986898 812380540 -799654396 -1316172634 1714254395 798927006 -1452223147 272807001 -536368662 -1055636424 -1488812177 -1673243046 
-513745009 207551698 103103355 -1987119991 1461817065 -973113839 1759642767 1637668420 -939654263 -726751205 467987390 -28066288 315655545 -2081313618 262842936 -1864700422 1772515947 -1642180743 1332458881 -1190166562 70640801 -25436721 -630454188 782433971 -1942219361 2141290647 

1939625719 1633236140 379016360 -169890979 -1901897836 -1349039465 419495080 -123676215 -1187687121 -490179418 -1100577750 461473552 504432780 -582998558 255542538 1470511909 1246753213 914133854 -402803049 1926364261 -1607326886 -1506239096 -1026623811 1261317072 
-1435756624 -438484454 27487376 -405188151 1115612727 1071222639 159380165 -832051889 -1979034371 -1771146976 -56156050 1607389686 -1936652707 -857942673 -573697680 1391344191 -619249301 1339122681 162083112 -345652752 395555728 -239936542 714935260 
1606650171 -1717075118 1984777292 -2074112384 1304058641 -1566634715 1552196149 -417678072 -585501474 -355710448 -1518798132 -76958625 -1106743061 1071703557 1276894627 1721057925 -340596057 -377920043 -1344261204 -2130328120 -1516896577 817211206 
-1909760640 -1003258431 1977567873 -1211668906 163437471 2042128676 511399824 -384683568 1118971497 -1631522611 -1620415843 823091867 -836378079 -298179914 590577677 -1662929271 -277712590 -318721144 -654717034 -408751666 1597521183 -29671145 -1306653538 -1405564057 330770407 -1892190823 -1565806581 -282921868 

1530349075 1909536982 -1554208160 1031829373 2044830575 1725969461 -117528270 1387722781 1100708116 -1885408490 -1833490664 1459246432 -109454871 700239284 -28593031 -56149869 -1400999565 1309286654 174999794 -750736034 968532604 -642475056 -1302511418 1125837582 1945576536 -1374702536 254380343 -1633422474 
1238666791 -952946600 1894593194 1140679491 1782676345 -1903609363 1214751622 -980959619 -1855924653 1207507221 2131976084 -1203000052 -1597276754 -1896504421 1142800119 -31360872 -1329678325 -661606543 653202980 -313748779 1333864578 -1458134138 -1083325574 -2110085175 1716861902 853075475 
-1072335692 544577091 -1997373674 16092820 1906255387 1071145589 1928522112 5798867 -1970373493 -1862404421 -550774592 186705180 -1849504747 -1578432623 -993636758 860540643 1902836737 945989885 -27485772 -1858780646 850225488 1952896351 -441949005 -1114054472 -1589818205 1096602373 195316193 1292062921 
-1674494632 -1318558280 -961306876 1362151693 1576982007 51158074 1201773801 -890999414 -71190217 1464255910 -2006908486 292327248 -1423154165 2086321860 228355266 68212314 569066751 -1045106814 -878327209 -1585733790 673412998 164803041 -916110716 -1442268788 -2058868018 
1649738149 1842031658 -939516282 -100008952 1450663496 -414964593 1818381162 1860049080 526311138 1308256005 -195936020 -1144303594 1448353075 311451770 -1701910949 118288109 289168559 -524852410 1310448237 871619760 1875691397 1355564426 1667840583 -176595728 -767738136 -490507403 -1673679259 -9096605 -689058218 -1470272482 -1667311616 1771943208 365196117 1914852739 1009855978 2006827301 
-2076224909 188553971 1816546519 -1393940688 -963564521 825988280 -1755834047 -657691038 517773575 792287498 1731501682 -761333288 2114263184 -581801680 -1297080 380349359 -1479413352 
-694054701 -1226583748 -1261790909 -1064642915 -288514124 -1551833284 -637720247 -1291623272 -847734832 -1577285440 823485919 226307225 1862920010 1296646651 -616550736 -2145525586 -2004503922 1658093100 -2092618109 2066907944 749766557 110350450 750577824 1414855933 -455110711 
-1888209265 -1365054078 1242406977 -590586476 1076793620 230598795 200216698 -3561184 1995818773 581683128 -1816805194 -2078861965 329574518 -1878613404 -119385951 2147472973 -1068586276 716724158 -36126067 -1187462107 1468646704 -1346255933 -905705859 -221741808 1188467286 1132677433 572019717 -302786760 -1237336243 2106272183 1686930557 
275293801 -1457695652 616197284 788864837 -227068666 -1292806183 -1589274970 1341251305 -724376451 1054985096 671272849 541673462 1397805871 -1934938747 -875203697 -1839541403 1521211912 859580816 -1172614038 -832272005 129672802 1003118065 -1526334817 -1574137573 1342050634 1347213024 -1375284768 
10225738 591103473 1513151592 1646454996 1601493707 -1388916459 -1576885017 -1654136493 -1644207559 -489237562 -1561202063 2031163262 -567090092 273064360 1976181714 -59192026 346397547 2068076234 -630663471 -756036875 683705179 -1090585591 1698165865 726196892 277050735 
-2098588492 1542126876 2022522899 132012687 -586730169 167766793 -1725287912 -1518508852 -1349329657 1049167227 -231248423 1277434259 -754786066 -1312041617 41447777 580324739 -451216470 -24158948 2075383226 181900130 1036217243 -389903413 -333177197 -563980773 1066223818 -575088392 -1134008064 -1100192882 -39911968 -103615017 -1012185670 1863322492 -664115097 
-1203380871 -352387944 1093535744 658943612 -1810683501 1969894413 -356247685 -2079032682 -513223067 588074967 651605452 -1464449685 -1664641227 -563222217 -15784465 -1449579076 -1245999848 982279070 269770709 1846990899 -706588780 976373800 -391119113 -1538016117 -156370091 -1809287542 826203769 -1280359464 1762531782 -1879683780 -1761702264 
-735978433 -1373538891 1119053952 1807756040 -79998251 -1751755547 781165949 -1868424546 -1641780219 1302436597 1363457650 133264544 -867903312 -943875327 2028519734 -2123009279 625393148 -118625710 718235567 1399744764 5742582 -397006918 -1601035003 -1279631133 
1862667634 1875162735 -348555107 639740459 -584390708 -1414762817 1863424018 419351217 -30183864 -685605555 -616698782 -1769262788 -1474679232 1796712287 -371611366 -246052437 -1431705877 -1234730998 2007186510 -201089989 
-1350094734 -1665094974 1880242917 -1849393928 -1573725638 -652928407 730940362 1946023438 -39739 -1519229030 -325220286 1158306628 202567337 1779776685 
1427086524 -578153211 473848494 2021974424 -637366159 -1004647636 -1107758239 -1984035644 1106684967 -459705441 409481597 -399116020 556241813 1309315205 -834040630 -737973736 -1830952639 -725038525 1779724561 -1056929925 1325811350 -117098847 
-1795124206 -930544297 -657423573 -1582303528 -1744502448 -893068162 952347041 1894253714 -643602011 -897214443 1372802949 1895467542 -1247682286 -1831568511 -388618870 -110482807 -2114114303 2058044735 1602541626 952839159 1066697184 1915922113 -1692211670 884839696 
312429431 -2121992275 -1302121218 455805623 -2145631611 -1684284414 -1589807646 -512661859 -1218399369 2096938155 729778985 -1115135292 452358062 489085422 1127410837 2092724266 1465178672 -1476681808 631997292 -108714097 -1041028965 -1450162984 344658728 2022782557 
1828030183 -11157464 778612007 -359105970 1553094219 -1383896532 -1066841642 2132609744 -126322235 460623115 908400088 -1975204105 507573357 -1385003080 49748232 261444278 -410257870 -1301236336 -426852623 -1025241617 538086538 684672013 1635961599 -1703671741 -1158481077 -1165046838 487046383 525150150 336562118 

1203187896 905696447 629525341 129785473 1901025518 2122654501 64182281 -1854740948 1751431358 -843662006 1785437201 -1358061378 528834161 -1184702426 -1419594228 1248938287 972506589 -1365032808 1416761083 1287441601 1327800640 1358321765 -105210189 895711491 
1919181709 -1856101347 -1126156147 1781649331 1270512663 -1108754344 -1844885094 1416483547 1436839411 1103654944 1193279648 2018171559 851582391 1168790082 -2023114031 1342147879 879455542 1661944331 1214385486 1883028150 -1924702953 
712216302 1795562984 -1983724571 -1056840670 122464869 -1197528040 1084852631 1753840821 -1128220179 1910551862 -1495772142 -1727124293 640475086 1159306230 -647520582 663729906 1714416326 -360331562 -780626018 -1419710515 1094769198 -1094743922 -1112343636 -740143996 -48282700 1093102976 458472082 823579052 -269922816 1225869231 -2117922897 -2015804441 -1886435062 1592162640 2068535303 -912177971 -1610431893 -529732550 2113820971 -1456247117 1528042986 1196020838 -631288750 
-376968397 -1816254855 149023936 1330060239 250042520 -690024898 1965428357 -2065185236 871746075 139363190 -1192379909 1897501220 -647981341 -1943280845 -1636299333 511109435 -2023563249 2086095576 -574336101 1534531878 -1197831042 -124129604 888397538 -402937579 2112695252 1078179229 688273471 332873289 
-1748242424 -583236956 793399748 -1056983346 -499999922 -705537173 839257897 228153147 714346480 745296204 1701251876 -837087594 566114168 677297389 1459588648 -1951380269 -1545876312 1067651225 271135211 402043566 374997864 1328675580 887255675 1921180911 -220369617 
502046292 -883389799 -948382526 -1747419041 1701201255 -23942370 -1640367985 1057218035 1656112733 -824606769 -587995569 673620457 -177923494 1992292670 1593281439 -7071434 -1006145934 -228516165 1634967249 -1279710441 -1605606808 -776495356 -1313893523 -128772788 1315749197 1965841110 444647359 -794353429 -247311550 1322319092 
698191977 -1734806139 740294666 1903908931 -1175021654 520299375 -1056702007 -346529288 1133526372 -1232793520 876044239 1507029756 1556302343 1833298535 689384991 723053018 159743326 1682161633 -1914404691 -599136290 -324126200 
198959279 -917888424 -1796722844 -2108635326 -1449670648 1796185343 240704402 -1568879528 1260894089 225146437 735405231 1715850493 1075502165 1020674769 -771661874 1997618167 2005660566 878918760 -539084447 -148803501 216330434 -877014735 -79999647 -883130934 
-951193212 353927953 -1421139793 -1498739718 -158412905 1283861708 -621380283 -264419771 -1771864317 13395933 -736811944 1825042993 -490754219 -499416975 2066612017 -2136565504 -58874729 -1378571827 -1829288436 1257990355 448378446 -58398195 97524685 
-1314407187 1105384968 -924790366 873310532 -2138246056 311820869 -1450855276 -2038634002 -718339436 -135680183 -1506649664 -1625022468 1607375521 -1826423641 1091004949 1969051830 1302504431 -2111365732 -1888281850 404097513 -1975640150 -1835626006 -967628205 
1066719043 430450145 -1381927529 1444122507 -236822013 -1770408627 -1668888075 -46201630 1343196342 -256542257 -1952796182 626687660 -514533905 -935079785 -2049308317 1983571024 -240176692 
-1572495551 633571377 177278717 -1771675859 -1878076098 1302442546 -999962343 -1038591343 181002546 -907415674 1291066098 1169690918 -53804905 2014363186 -1477037370 1386375560 2058570587 -1686886674 2052442482 -708266970 670114808 -452972431 914291545 53213169 -584281628 -784630688 9998312 1976066650 -385677737 
531899186 -237285616 416667553 1163918552 -2036883935 1198405379 2116790422 -889413849 1775385122 1305162623 -1863922942 -899542160 1319969222 -2130387516 -1654649688 1399802371 1337758554 1535856279 911848097 -1021563020 -917427405 -745840352 2101622381 675392023 1757595255 
837864457 249039978 -2066765911 1360274392 280496668 1078318770 -2041749523 31108471 802472796 1243835450 -1072891658 2051365655 -340092779 1866916890 -933934028 -707562983 1708660304 2100251659 2033705885 -2097023424 -2126219497 866938052 1930325629 -1573593588 
1271529298 409826930 1660082256 77634375 277903776 54071428 1479836150 1547443520 1698416491 -1223761163 302767859 789356604 -141243663 898965632 -404397418 94972148 -1609881914 456882530 

465864253 -1763585506 1606963029 1436940375 -1262715992 -1521603062 116210453 1770120411 -1332766893 660315577 -1943680723 1662470595 -2073518646 -1282241948 -649803433 2080532367 -1365402174 426310754 1683448250 -1565021886 62269536 1599901462 952946252 -199883081 
2027094588 -378014880 -1405928891 243989001 1514641629 1813156742 1692542053 125067571 402757592 633966774 1374972777 -256630744 1735797884 229038354 -361364550 -468058309 1300163379 -1755231943 1624864402 -1231523904 1729431005 333375952 1190344917 -328134464 1198695013 
-1209970504 1897051696 -1814137368 437292929 -364298537 1000348314 -75545978 -1737129816 -1629089038 -517305949 522892853 1411661679 1855126176 1984396766 1461285053 -312720694 -1850562843 -1068403669 -1396988320 -48195253 1664077309 1127360699 -195007672 
-1119394705 675304485 339195336 -850973089 695958061 1350924507 -1279541689 956826535 -648916423 -1962721751 274672183 29097687 -349910785 -82960783 67861237 1915415761 1383875046 -1527377947 -401698430 1724398048 -522624802 824301554 297586670 -810756330 -1515997417 

1170120647 525399366 -716708303 1466855075 -1755644600 1686106046 -781359064 2125456945 402517059 
-1565882792 -1224961636 97442731 1187381125 -1593987531 -1177710286 -1388237516 1884254 2020457729 -1724839659 161839595 -2075144441 1032330765 -951477451 377670027 -265825298 -1847988419 1495935496 -806552481 -1792815678 -144587092 -1389781199 -1997002758 2106367359 493731661 -1601734819 31493308 -1209253995 -693771721 25858031 1482624830 -1916182211 -1088975632 1240812477 1678161124 -1759081105 -2045026190 490866410 -1862165281 1063422349 1043175183 819102230 -766479319 486391510 1669110832 945712409 1662070447 -860977549 
-1940401464 -525615576 696695053 1834794915 -201462841 1682288836 535089165 -2041894568 -2083138532 -1817307577 -75481252 -282387026 1478312316 1656015486 -1003162922 726535610 1590310667 -244080095 1624859717 -1176144216 -251382664 1059156635 -1817295590 -712923029 -1267330174 164329093 405331179 1896094636 -1459152951 -29311030 -1149887880 1749167249 -1131523054 425645167 1743406114 -1830685558 940232232 -1380712955 1249522172 -255164926 -1273728946 -1068067711 -442953146 -2062224548 1272681291 -1675715559 262492288 -1358617958 -2107797741 1969329925 1505111260 879444756 -1279372741 -2010777187 391367501 -1909339263 
674285862 700383130 1974549188 -218239357 -1916332841 589194113 -1834951132 -1393437652 371725463 1160637113 -168760799 1527502074 -71443424 1516648276 -328747302 881732041 1119620915 1524951167 393414923 1636752339 345825120 2024910336 -1324254925 663229124 -1146726296 988979337 -37805804 1874649407 -1628371389 1456047452 -1215628049 -3731947 2038661343 1303013885 -1020958067 1323751923 -1616407883 -2122473257 -1426375780 -319450245 1876848983 2029927735 1921254118 
