-781009666 1933079151 2017486703 -940070774 -1473072182 1186569027 2066104316 1983083808 -722354866 1368705249 
1069002696 -1947188567 -1653742545 -563992911 -1315157293 1663767004 498220528 235323597 -1958147094 973396976 93775082 
-1548936511 1066845503 -275685839 -233615845 -1298980113 1455943106 847968763 -1862197476 835226423 363585809 1476452407 -432162859 -255288850 -601559853 -127503804 -1073105077 -226461877 674482436 -1011634114 1952194521 -1140062233 1678473419 
-457176534 1272568761 -427782595 752043326 1743895300 -679500477 280883932 753316988 -1124214250 -972122517 -860609438 -741430583 -569527022 2083738079 202617743 -2011245394 1667736934 -1335370180 -264337909 -2011744910 -1057282780 -134223320 1505578246 -1247656232 



-1105151672 -1881034631 -1715115417 1833146505 2126982143 -1620948595 -978123676 906714302 -77449866 -925335110 1040715965 1189589425 -914492284 2146848622 1908689869 1140145542 -1927398752 1679495521 150750428 821773496 977734588 -1160220056 -943597886 -447616825 
-1854410360 923541075 1374413243 -1790740467 -2000507440 -109049109 -1034102438 -1915531022 -524782400 1261796545 -632493815 -1779413775 804356474 -40656897 -1877598526 -1682346643 -1532223014 -873544995 1984784954 970956475 2033299670 444224599 -455756041 278345967 814847145 
855223339 -481427186 54063925 -1390783530 -1112818969 -2012832028 -941534357 -872132928 -415917310 499433752 1028844772 -1723867770 150999100 -833662998 358020492 1183666592 47013568 2101489146 991212718 -1322561896 -394050497 -1220430228 
630742324 1958976914 -2139112085 982682957 -213531308 -804362848 -74698510 1486661373 -1283695838 723922909 -1578742369 -919218448 -461531348 134110150 521863229 435699880 -1527330786 -434493260 -86291703 -1700296667 -291150738 -88107047 1707049725 83368172 -358483632 

297185915 811686006 1999710925 -599916803 -278127687 -813015380 391924375 -1925358039 -817336416 598648735 -1790916893 -1445223798 931063795 583720228 361507630 749946271 699857615 -197291851 -42080533 915020092 2098063974 -593812037 -713814847 1417118720 -449424698 -33212245 
-1760100845 -334855888 1128085508 1316823745 1523606330 -246329151 2045625681 -1153752292 1828775659 438143490 959739331 -1534467941 1732276230 -454941995 1417592815 994103585 1512228278 877371345 -14582257 -1107983931 1371143090 
729517477 714457825 -1298223263 1336427848 -572728826 -1542337212 2011811744 305680015 1226190718 216972653 -2110879448 -705422538 -1275870584 1923912031 1224292759 1874910710 -1166284294 -478725860 -170392147 1038941207 301668669 -1709714424 -777205884 672581650 -134810544 729339583 -444605002 899579827 -1596284111 -544082077 
1424877403 -1179106288 790094966 586475773 1426944579 409521988 1570991767 -863331673 -514880217 838761132 962920958 127692820 715629761 1614306215 -391754082 -1136402664 1383553585 41664275 2114236125 -1290951981 344644914 310376907 1512478380 -1018782001 942259520 1777340333 
1555334157 -1455346293 -1038395792 -521192954 -1910856302 -1439463197 515507818 1852820347 2023750352 -1588495827 -1508609509 -81841832 -726886521 482020141 -1428038534 -1080747763 -1175992295 -1408900386 -1846023223 1001353107 963449558 -1127889165 2034275997 416736316 619480734 1590376202 -1658960864 1888305727 527052035 18363549 -1207602496 
-446757981 -1230105371 -721128154 -200600506 -77613353 -996402753 -1510282849 -7971132 -134609124 1305641681 -321036489 1592183507 -330234963 1532651918 -38685132 80025857 586791165 1210437134 -536306287 -2009066205 112284319 -859121722 -1647610805 1596275030 1562754461 -458986246 1007933394 1333163102 -735376389 -478391367 -1114313274 -1059816842 -367881583 
-1436327343 1228642018 -1133444771 142856115 -1851756468 423111622 -1347959306 -1384459451 216480109 568916124 2088910856 -47997159 1117017271 1414735731 40796679 1785925600 1186709530 407064548 714854221 -119766100 -1414790900 -1508995856 620699970 814954633 -346074996 -1971380844 120801172 1303138636 1550966009 268436178 1803375755 -1569739270 30592918 
-237654876 779826158 326292950 1657524161 -2141131978 -1952616778 301649042 -1855925451 -884106412 -841924063 1809196114 -1279725645 123985183 -1461301366 -1465204288 1785594557 -188746316 1401161186 -925915384 -1382486409 -1229778908 1060338916 -226752840 -1654374126 1002595042 374486113 -1533348692 
-181422216 -647901273 -1661322455 741034858 -2113202446 660735049 2084954935 1996580605 584514033 -237358765 -1928133138 -1505688429 1776226752 2027366779 986505504 2033948719 831526156 1385318777 1175022788 1741140935 406478928 2057156331 -466567335 -152848329 1709674304 898731629 -1288385590 -53988288 -480232119 -124078395 -1731173260 2142346891 1859987519 -300849870 -1306818564 98870307 -239236340 -1489364021 1555918420 
1257992329 -683558970 784498182 -320697205 -1347606139 1592833897 -760334119 1151259811 -2093684822 2050812491 1719722702 -1865689834 -1316501162 879370512 1790635760 1727734515 -52021992 -1846693895 -461311247 1040521194 -716863685 163066056 -491341050 
1095540036 299224928 592824092 -868290841 877215719 1371461522 -791672665 -391401212 176180256 -161593167 -16493680 -524570449 -300522221 1947306584 -890928429 -1446892390 1052991628 -466965391 1244656760 -707787878 310006837 744094334 -492557297 
895432376 -1967156392 -489510547 -2009934938 631287855 -474505102 335627208 -1327806780 -1818170963 514409860 -871247231 1755008977 1602063963 390425776 1828398729 1089399143 1327674858 1539385188 1720877131 843192055 

-2068495406 1374376561 1787627080 1117801286 -2060255302 -1054107301 394749513 -2145860642 1328021118 1492952380 -847749944 -1224812611 182796578 -146835419 -1198706454 681730043 748857286 1743996447 2124569537 1318349435 -659987860 -626104532 
-1802572149 -1790450369 1364019007 -1182824 1553131719 -1625355778 -1185731609 1932049654 1806043580 -2097486906 -2102000643 -187523758 -513478520 258529725 750482694 -748743967 -1557043004 567829782 608372993 1914131352 -1610480744 -669912418 -1989862403 
-92048484 1956390693 -843227273 -1659560347 796134345 -658292265 -1067659640 -1412429919 -240403647 42927625 637521678 1722094673 335457926 -1898865087 1313850108 -312245035 -1984431390 -1182391828 515735462 -223983770 343130210 -1730191301 -104987877 
-1340413352 1352539281 1174724812 -1032651438 502756978 799927943 555037803 -1844905046 -2023890440 -1891813161 -1209916903 -1093887257 363652821 177049557 -380896842 1856858913 -374456257 1662687444 526841839 -2082233623 1786574336 -757909740 1911467688 854395492 1645620982 

1370092455 238642860 -1319547342 -1910915569 -1095843287 -753078311 -450388940 1803524865 84119302 -347225397 -922613526 490821750 -1257975983 -1326895882 -625685956 2069887007 1009366861 -161991147 -1559049036 680473446 1756144735 885795240 -2125372742 1147235112 1530920176 746084821 -335391017 626511130 1999186309 1604828222 1601255727 -453774309 1918230390 -48647768 143694548 1327080289 -375522786 1492299609 -1123517674 
-1997515809 61272622 -482219285 413553946 156035486 -855430298 -1729605700 1184748206 11991113 1282595236 -2067289149 1979595822 1083948860 1960420466 -321584850 -1531454095 -210474200 1439596213 -299122838 -137693699 -506631383 1642202271 1574593964 
1912031531 -1653228054 -1659827826 -552710043 2026532965 1005497866 -1265096332 -205233879 846233641 2125899262 -1245802333 -528814254 -1720068607 -1971310555 -1988802852 650773144 -283769787 -116150566 -518920554 193214223 2086342874 -206136130 
-1690682892 -1806481098 -532289446 -1597378852 965237547 -68526350 1182721740 -32198607 231019872 874408097 583838152 -315710562 -1156515671 1741020228 -2101050748 -538254830 1379039225 -597792492 -890332916 180927611 583085412 980437403 578935968 310724229 -1420946297 
1554834430 -917844242 -885651540 1529942338 -567950049 -1165670656 1108503264 -141327444 -655795474 -39274230 310787097 -320764901 -1793566028 -945565585 177038517 205625476 1449108578 -2080156217 -1393160413 -1270003932 1609573213 977627864 -248254816 457332616 
-1630562045 -1067277549 724801547 -242729619 -185513751 1151396271 -1319890298 1407817274 -1238334113 -296278253 1050096122 -1618090771 -1203587450 1805281825 1115306259 751566806 558444477 19362851 301559788 -475956157 2064562527 645247272 -179688171 -1959740980 611836029 1912845007 1192328685 1331800944 75002632 -305237850 -1551057118 1256181051 -213682037 
835685269 -1820004829 -1569595896 211752177 1988680138 926717270 2135855294 -2104524405 1414891480 1947443659 -1294280620 1596564571 -106164690 -1147435841 627930358 1351496764 854932023 260654784 629503352 1343568321 -698828871 -1030046275 -476610176 -20368317 -1256269880 777956561 -1435490455 -1967170346 -1890735781 673173414 
-479784778 198970459 623723144 523568260 -2105354519 -2006544820 564967888 602976585 -948906845 1404679754 2020736001 2073356930 790742645 -1466200702 -151958012 709901525 1025978916 1050119289 964908231 60502850 1306671333 -77824379 1078675239 1385540247 -1318529428 -1344826273 1411394175 847089719 -855462894 1238674021 1573908178 -632745907 1014691234 -678693493 -633686511 
-1055856567 -678919142 -805665729 271771243 -493992455 -260906746 40755701 2046556559 112973331 304441900 1720038442 -1745280421 -1259813629 1397746906 1700913519 -992813940 
209612282 71716347 -1846022645 -1856494081 -1281186665 -196639319 -1427955466 -1746938632 821711681 -756189516 145864011 1345507022 -1721767919 -1173982770 -1175428572 -296756734 1873049176 -985991791 -951218149 -1142494232 -760673650 -1108850125 -950796291 645436036 -1198892526 1690560075 -1212432140 786193242 
-1955204277 1181193291 1130461647 1254563577 1230355806 1847311634 1154995989 -1442299245 -2113661955 -1186447567 -1618860701 1070876076 -1552462530 808505976 -244128024 -1059672271 -813618904 742330567 942351019 -785399936 -1901850865 1801375574 789328013 -30688661 -1638604659 -1860733067 

-384368300 1991529375 -1844590748 995640900 1035053584 661612539 890449107 1486461590 -220456143 1417104566 1912716430 424298634 -742176213 -1361773462 -731804522 -843866956 -499462475 1738836806 -1965617506 -1915013019 -1450035839 -632248015 -1520886117 1487321523 
448567372 182075718 1431755662 -1125687124 -904490328 -1595052481 1563389024 1346086486 2139029828 -53130172 -66559702 -1893934795 -1221216023 74749203 1244667664 -46209456 1984117321 -595546733 -1408587079 -539403250 89275220 -1181107738 894528189 
-87551057 706577434 -1648736669 929453537 -1075096233 253803020 1159508629 -487755764 739091148 -2074234735 -765557521 -1308571400 -1877433421 -939859504 1351838764 74076668 382140676 -880074580 -1016266410 -308549690 1888294177 -2144696133 
-573711628 467339198 -1889561087 965592993 1045985725 478844437 1150415486 -1545112530 738614655 702748738 1249645931 593409606 -1428979956 1845893099 1412549650 453058153 -1773177756 -43554669 362052940 2111436370 1974235851 709652390 1739141575 -194053304 1861378003 -1546306152 782540964 -1534353141 

495622959 -1343025397 315062665 1983973072 -542172290 -938833259 1899317753 1217548506 916327265 -1223223766 -928990813 2141879456 588307491 -987170241 -717238438 1458626929 -1969958276 1783988017 976456038 1747000856 -12037607 -774003727 179192733 1995011274 308753692 951384219 1961117085 734700390 
1195260151 -270028254 -763726955 2050736204 -406015716 -1091836198 804246946 -1028493043 1255135821 988272546 346882851 -1168048067 1953279537 -911503195 -1170735024 -176047184 -1956146668 -926790074 -1732284559 -417420087 354119525 1037823251 67869193 -541855715 -1100773759 -1927399114 
-1272807803 1007345451 532068428 -1494186843 1389084379 -1803457319 586953057 -1731506820 954949252 1809576263 -1166843819 1187096246 1183901079 150629076 1973252955 -1659343315 1827218699 -778201903 1001234733 -980215077 -63848349 2064415583 1457726674 -765111287 -677052752 -1591427666 -644948046 204664375 
1078799190 174858555 -794035258 1081651944 1141829306 -513968141 1226451515 1700372723 -96854661 496810510 -1074481127 -295342973 1759054783 -196370043 -1938665381 -1095322953 805223464 2056314064 1315765831 -1358407632 1220767013 1373193354 -1737864242 -984445672 1186038351 
-1348677892 1392006390 375997844 -2108002674 -473185423 -1447867292 -1540336376 1826983410 -2034924538 1686993230 -1551362505 1961478168 578489202 439982945 1599719901 1862566873 -1036660078 -1490709481 1365346273 1453728275 -1423746122 1199746588 549370529 -1883739971 1336148565 -559068369 -1858853134 374276352 -1980960667 -1558314864 1334988598 1623622653 1915849815 539639940 659570488 684428605 
-620581346 1450930068 -166720658 50207462 602878711 -1920566012 -2097359664 830716771 -1219360146 -71818864 -858584920 -1508061352 300926675 -457985251 -247791530 -898092770 -1697726262 
-852160196 1042844179 -1681244044 617773772 1327039841 2037559176 -1889892397 -1823268559 1443372177 -687303766 -754078548 2087745277 -897819887 1246849358 -181922031 -1871161918 496658370 -425833561 467570473 581289722 -1193654299 1550243623 1711913341 503282582 17162196 
-2138426921 615735610 2121360955 -1596101362 1464286611 -1887854750 -1415153544 -318519821 -1320669096 -1104172101 -1109054989 -320304220 -717269450 -823011365 1182912427 1937636688 2002998771 -1823249427 44045652 -2098968933 -656225577 799384005 1362471715 1209394605 -10389905 785286027 432864697 1665324150 -1493208093 2047290939 1504239770 
120713606 -1282360651 -665231445 -304120364 434910296 1052732527 1813750681 -1542825281 -882613089 -333391753 -1892341355 -1383510294 -1341912257 1493432535 1340099140 1682213276 -46332326 1865552997 691403386 -660483042 -105128372 792950387 -884885584 -398991964 2044211125 2076449829 1744302241 
16382165 -1885146154 1232309840 -211298791 643196577 -1531148276 -844175462 -1474138674 307659248 2133252435 969593516 1666744847 1031484529 970600555 -468778412 -1462076096 1644849600 -1036684597 2086857786 1412604283 1947635755 -1128487228 -690999819 -876143210 -1679041089 
-634171188 -1476048109 2072224076 772404568 843180638 859770208 407423364 -543338938 2126002285 -1129490525 -1032201712 567064895 1785250716 -1429372563 1053223947 107277349 751008000 -1551321378 -1091219041 -827001514 -2146964214 -630040673 -751542244 386692668 -2024117531 -478093585 901315463 -679694438 1551910514 340693324 -131190728 1652770707 -423419625 
613894509 -750861077 1834953424 -37984660 -528271271 -1101708074 -1589857610 667746049 1537120005 -1225794985 1768373266 -183576404 -580893313 -1916411932 -1367025400 -925278226 1595548342 1657013796 180919360 365022977 -1034447920 164555113 742759051 -1500090520 894371426 529063213 -1839258164 -1838591033 -1939994132 21651662 1861606755 
916320455 -1563473410 -330025187 481090049 -666152307 1168371413 674863523 -1901243990 -227916182 1611296736 -1646083157 754040548 1349386315 1842308063 -1987647434 1603690923 -1051520301 -475252054 -387615035 1429620618 -836789186 -1021125829 -636538979 1631087817 
-1803243833 -556462098 -1333846076 1214506885 -620148066 272168966 408181199 1767135803 337825740 1601446254 410321423 1824810783 1092554317 -1388284044 779895046 -330456335 822736758 206535644 -1999377972 -1232947757 
721314780 -1763577306 -1636017689 1247370859 -1428124838 360846091 118187851 721883452 -208758731 1480157436 -1701486538 1978519252 510275021 1132136640 
113381102 -280466943 1173594661 -2003996570 1317041397 -1658041739 -61941586 96966190 451163949 745351596 2133215852 1219393960 -2014325797 1027567685 -590831561 -2110659674 -1112602165 1733637930 1522748689 -14178060 1598362382 736588335 
15258524 1811853005 -1128631500 552029899 -723277955 -1918127832 -73468083 -1330713410 1986503178 -632059136 -1270653893 -1237590461 -753936109 1567051840 262188401 -1132331008 1060091302 1813011145 1798868857 -2130786697 -1767873312 -349975186 915734989 -1415455196 
303544927 -962255092 -808697808 698534628 857533890 -278728437 -338778016 -1020383597 -964927688 -458296246 -896778911 -163560792 1131213319 -639673401 1885892317 -926984773 1084987520 -1201299840 474092154 -1573336660 -521442531 454695102 -1782144441 -1479888937 
-1051390537 1562654404 18795655 -201669414 1873749113 -1579131919 226275325 365646561 -831560112 1922448740 1643256019 -679625064 731546598 99804923 -1854450489 -1956062385 -2008627804 1129567191 -227470885 1028804681 -2113638028 339296506 -242257009 -1240016537 564422614 133606195 -1177763882 1600092349 738976496 

-735378446 -706368419 -1159312719 1581443904 -286148989 689671579 1437001180 -1377246170 -1453820159 -810958129 1082367876 1862304183 -1867149271 290946279 380288228 1473015761 -415412188 607117733 999995297 1065416594 518793765 -2131600330 407831585 622946044 
147292141 -1737170910 -434390020 1295120660 -321605650 -817685835 -951076690 -549403485 -1069877025 1702140006 521780305 1810083869 -435522988 -498245735 -190391061 -1192592501 1063154916 1744010191 -1371682101 1885782646 675356469 
161849510 695938607 806738867 1796788535 -1868702273 -1962364772 -1780277247 1002361587 -1619772570 -1955408453 1676325352 686507167 -1818317840 1432124494 -1764214609 1436544879 -19369175 -1669141728 888509168 -1745836301 -653258310 -1576496624 -554050727 -1506997488 1160679584 -1432976851 1978223806 -766708994 -1176038455 -1689101655 -279271576 -187814669 -1040559094 883355652 729756719 -952726951 658330981 -1162630274 177650023 -1302033693 -277356763 -467699784 1514715411 
-654108816 -199627443 239724374 -2098152019 974476607 1276474874 -89781078 696512744 769804373 471610035 -1850777023 -1869460762 802089931 1935116796 1034149277 843395914 221303593 -1951794661 -1623652301 1784892954 -887910898 1659475062 2049351237 -1433946227 915178913 545461328 1674724580 2015919962 
1674712121 -287494411 -1258975713 -1141416891 -619405390 -740501564 -1930349033 -656620558 -967307108 106564722 -67923380 -1098549872 -998244311 1097261270 492666771 611719983 -1431923188 -1874828328 -1758934526 1058708122 1089672045 148618427 1925379451 1149810943 716405913 
1434442153 151860279 -1292385305 -1648409896 -637630690 189460996 2071619182 979503475 -1524299215 -420546858 2023225550 1450622233 1428737657 -2018125188 909608733 -214175220 476034203 328056226 1327867103 -1593995911 1288279252 -1146163068 278698579 -46833155 1124284825 1329951045 -1110149821 -1434258099 1584923469 1532260870 
-1996115761 2097525217 2068056070 1650614683 -55394894 -1400094833 1283175766 -97646527 1001760995 -1210112882 431179853 1601732320 -792491403 -59014106 -85173685 -1660175519 587713347 193930058 1488663303 -1663558749 1970545785 
1530675894 1976263019 361158594 1167947831 -246300857 1092486032 226095126 498998677 369088315 -273105673 -1155574502 1878635971 -2132713719 -1892065129 -1828953566 -813111071 -63740448 992300863 -617630981 322753536 1351475305 319850791 -1148442902 1545371901 
-904251299 -635100484 1714486294 653412400 -1637596795 123651161 533861598 11968293 1790272200 1665340230 -167191579 -131949662 1706091286 1647612832 1044420135 -896168496 1591959461 -1544040940 1180474041 605749275 1667696809 803308429 1113200049 
839500594 -1428058654 -1683578793 -1658724341 -1717722131 322364108 -1624481895 -1614093426 -2141142709 -426152579 608304979 1860700411 1600875816 1583112714 -2078542022 -898602244 2092608629 1885586644 -537324125 -1080837458 190456920 208742674 -1127042410 
-1649959144 -1944244117 1294691562 -846112704 1569113627 1231596273 97180018 306083927 914148031 -380262024 -199617328 -1219642143 443441336 -1904004833 506499826 -459332776 496427580 
-646195359 523810589 -1971005936 -1842230941 384387573 1844518500 841334345 -1627939058 -903349019 -1112676475 -2008458923 -440738524 -1670875000 916702812 1278082665 384527129 380508989 1334051085 700822638 210991250 -992180797 -266450628 -573267309 -859665485 -907014940 1176580921 -2060639099 93376752 631751174 
1634301484 -1125367788 -1389542989 311993090 2145058918 -94061429 1007114067 -585768372 -1732354432 1553103280 -682253870 1204958117 -1739584502 -255480495 -331314431 786064888 752276077 -1628966270 2031126424 1288286242 -1838063600 2040212169 791529862 1159532287 1897551648 
833415065 -406857078 -644788576 1415952389 -1120003132 -1701795762 868674021 762436421 -1748765353 1019235106 -1338785543 -2001703791 854584462 269755522 -1610552735 -104028458 2145252198 -42197752 218830788 -1153026489 -975748354 1796204711 -99173703 -1801484318 
248517955 -2139261871 -1314124342 -193330117 868245741 972039346 204448647 1793679942 1381391648 -770054519 -1040654232 -1494531712 612537943 -1787092126 -1131445480 260453631 658851338 -728672302 

1261248874 -2132788219 -1288845989 1970276348 1179769170 -1898262476 2087406176 951727338 -1259059947 -1800010698 1684088909 -1758008809 -674180051 1663299068 27627528 -1248540215 -1931635994 1464893238 -814878718 681454559 2049599956 1290885797 15248165 -1772073198 
348080868 649333859 -1842934683 -304255360 1637198059 2056829204 1430272525 1342885063 -1126540875 1714616196 -2122267137 -2024206100 1249503941 950549032 839324855 1343658692 986807819 -1059532306 1801582166 -790606007 1400512073 -593164904 -1294353340 -1605415291 1053125903 
-839011736 675857639 291436826 -655999183 -1164078286 -83503505 1273458193 -534247602 657129726 765765978 -683776538 843365994 -1118061170 24628435 -1411766863 -1139249611 -105101667 1275627765 -353514803 -689561760 -1472281430 74001606 -508970615 
1733982815 1105575498 -963256404 -1236426196 1521767095 554224627 106010550 -791301377 1178276448 671792167 2068036143 -587796967 -391073467 1596509897 -1545851113 -660466118 351501159 1821238304 1709394362 -2036802374 1557223425 -984914833 149137464 1762258836 1801317125 

1770332014 1644426584 166133188 -483317196 -1187212650 -927535742 1324836808 1326255232 -184844954 
-1306996936 1003580013 247695734 -983287205 -467132646 1025175203 1998105975 1504363057 2088893294 -1543395284 -1375847840 1852260785 1445491296 -1476674779 1026639456 -1353254128 559634727 1020616075 1076590307 783803208 368216413 -2061772510 1473048301 389389774 103994034 844213489 -766134599 -1189184058 -1677393606 -565632653 1635708332 -1005938761 923287175 1221125790 922747223 -91934782 -1653590861 1937104334 -506679256 1088770639 104383525 824986765 1835944 1385212607 -549984296 -692949373 68280367 480735095 
-1489505399 373577789 1592798428 567237850 -1177815022 -2027771967 1766131219 -71367502 -1707584872 457791635 299889876 461999708 584684082 -1861747956 -1984963887 348073413 -1591385755 1503010252 -733460058 -1065580965 -638150494 574326005 -336831221 1203771058 -527338794 678370697 1491203853 118109440 -1561726739 1404088780 246993688 1404108637 -1049045882 521673796 -1285821754 2091375813 1318223021 568069324 1131763053 671472360 586977862 1320274862 975174787 462781647 -1313988804 790011069 -547638179 -194307464 1836519146 -1499860335 1433613711 -1490549667 -1895566537 1951988608 432353211 1667815803 
579575338 1397214365 1701102020 -1607441272 -390945532 1978123203 -1508984454 1612717683 -1743498750 752787909 -465797861 -901160770 581259504 -355796341 -1745980393 -494147095 -1508967644 -135193176 794535333 -904507541 -562988592 120269582 1766603024 -2131751983 837526004 1345207101 -322842454 -1682151167 2132726552 -1024623030 149904947 -262160773 -1411457688 -1846322481 -676862398 -2145302408 -778289753 -2027329650 -1315758178 830866556 -988183596 -50600729 -622674652 
